1.000000000000000000e+00 1.000000000000000000e+00 1.000000000000000000e+00 1.000000000000000000e+00
2.713019691249606513e+00 2.045149132131091729e+00 1.595935611630858148e+03 3.474081402291866877e-02
2.660383587119141691e+00 1.840019778799104166e+00 1.446885655944514383e+03 3.601634523081748140e-02
2.442009491511361041e+00 2.079605082316640541e+00 1.475793346630354336e+03 3.576332628394484486e-02
2.011408959942404984e+00 1.712868161865279903e+00 1.381758155456478107e+03 3.757673670806511296e-02
1.784525223359525015e+00 1.539019620420413847e+00 1.472379624215999456e+03 3.460225082899567178e-02
1.343556584132113541e+00 1.384205573011944468e+00 1.117135728593850217e+03 3.645677836154022355e-02
7.348067878666625363e-01 1.040003117312612524e+00 7.504565490542375983e+02 4.103768629716149363e-02
6.178496548334404537e-01 8.267459294128082226e-01 6.875880770365536137e+02 3.759359058747150512e-02
5.744690201203984659e-01 8.624812963886394623e-01 6.933592070338431768e+02 3.459000464354321236e-02
6.065015285710070314e-01 8.145145056161381403e-01 6.092359690719705441e+02 3.628149063232467136e-02
5.844456275054186190e-01 6.861364002748828739e-01 6.772331246945437897e+02 3.543706863742008412e-02
5.335523703091065162e-01 8.046546355484019974e-01 6.265951844626658840e+02 3.414000238594587511e-02
4.651803482710613613e-01 7.258621160731563160e-01 6.258825064031142347e+02 3.725033408142164326e-02
4.896182151660273818e-01 7.357370588742414563e-01 6.529785173888385543e+02 4.073493758594826097e-02
5.042639002535950210e-01 7.377406566690386525e-01 5.712010108746198966e+02 4.067621960761113459e-02
4.449769838281067980e-01 7.331425259342692069e-01 5.254304996645848860e+02 3.608188710433347934e-02
3.549567898383871323e-01 6.519662079736068261e-01 6.128000956712269272e+02 3.634610400360950566e-02
3.812767238815556459e-01 6.163125747259596832e-01 6.396124718189502119e+02 4.015442020335611983e-02
4.075781364045926169e-01 6.136533548186393627e-01 6.516268367143188698e+02 3.974018528428761854e-02
3.915439560237287675e-01 6.188044920747060029e-01 5.361800164624854688e+02 3.988364465801078063e-02
3.291051349788784441e-01 6.173717031022246671e-01 6.022702989644785703e+02 3.775948537045653586e-02
3.103564771164091241e-01 6.490488808908584373e-01 5.631532944383400263e+02 4.165200164430662294e-02
2.877021060603617841e-01 5.687603602260050684e-01 5.469455556513140664e+02 3.818279011227126291e-02
2.920202024183277678e-01 5.665560053837526144e-01 5.745866210149939661e+02 3.847329450057342809e-02
2.151784606196333882e-01 5.690537273384964623e-01 5.507517745877115658e+02 4.108070046515550910e-02
1.378138967036438844e-01 5.481751530222236379e-01 3.949926313911422540e+02 4.598215751279285252e-02
1.520247985756046083e-01 5.713872847578803649e-01 4.266486003298784340e+02 4.802405150322389127e-02
1.326723065097129561e-01 4.651879736010570143e-01 3.911141110879704570e+02 4.729359480346995159e-02
1.182095741090123525e-01 4.530928171134146476e-01 3.460035099078165786e+02 4.509944008656735503e-02
9.013776084704844260e-02 5.460541735704117494e-01 2.892069378823105694e+02 5.104125560913028159e-02
8.022125001521709931e-02 4.882916763483883815e-01 2.606420850506315219e+02 5.277221870616840421e-02
5.696627221932389767e-02 4.215149715254197238e-01 2.015162183290570965e+02 6.754351321030593880e-02
4.966511547490986417e-02 3.954637706390542462e-01 1.173373322196252673e+02 8.879100338226156297e-02
4.354936748661397683e-02 4.517803560080386749e-01 9.835744364936954298e+01 8.405605697892123973e-02
4.437371532978034994e-02 3.689736039553016544e-01 8.040193384773719742e+01 1.029723369739916766e-01
4.991299606538739109e-02 4.288566680593552394e-01 7.678656062695296214e+01 1.022139951249505380e-01
4.197813567022058712e-02 4.095299514129838725e-01 8.012062983534333682e+01 1.032740459862715732e-01
4.238627490786225221e-02 3.919634689031131214e-01 6.700895399121344553e+01 1.007711299411594569e-01
4.191530366994524609e-02 4.620052946823454132e-01 6.495290761237936294e+01 1.122774312194777524e-01
3.996561730475978180e-02 4.453189698862760060e-01 6.430223771670293331e+01 1.077424928604249627e-01
3.899435120752465372e-02 4.118864011790109303e-01 5.686026763069386192e+01 1.105924770960197145e-01
3.950153980068714377e-02 4.232060020051039984e-01 2.930239945890543396e+01 1.310894913521361838e-01
3.953529083198484284e-02 3.791799504977571011e-01 2.833522527849669004e+01 1.319380381643611155e-01
3.429428940949597743e-02 4.223003102244149987e-01 1.210673730291400574e+01 1.471315230397302054e-01
3.698140988855910805e-02 4.314678751529237299e-01 1.289793475089664199e+01 1.593454428892691066e-01
3.506822485914267568e-02 4.111431889966516429e-01 1.029262380136237809e+01 1.810776610919003493e-01
3.347198597905447909e-02 4.152723210634151063e-01 9.496796503543574630e+00 1.731669081757271078e-01
3.623011612499720674e-02 3.817471635239271244e-01 7.200379023365935716e+00 1.918490911281963973e-01
3.166483710764857878e-02 4.082726793967217382e-01 6.558631260805539043e+00 2.039494054665723088e-01
3.267993585615734664e-02 3.747819612385546173e-01 6.141143607182428354e+00 1.782936766327209155e-01
3.481080173326620009e-02 3.817102544347753534e-01 6.390601818166883774e+00 1.827759213583022291e-01
3.185921501075543449e-02 4.349230744283448802e-01 6.617986646578902565e+00 1.699337534806258376e-01
3.546765617766243356e-02 3.739267523254564685e-01 5.301706958315161700e+00 1.933329234690760456e-01
3.545650012935183670e-02 3.542619431188283596e-01 4.803539204483590730e+00 2.040992649436328688e-01
3.548079458679589265e-02 3.621142746494374065e-01 5.229204749320952139e+00 1.892892867142919877e-01
3.313364905917118297e-02 3.842631485749540832e-01 5.290228747861121406e+00 1.690211802781074746e-01
3.485516594829949494e-02 3.660677681538938022e-01 5.498940774416248622e+00 1.645759653911653964e-01
3.519451573746439771e-02 3.442349918554652444e-01 5.170008613725433300e+00 1.810034591325123676e-01
3.417993235672309865e-02 3.391995037038503247e-01 5.269584038177692165e+00 1.983966069980143132e-01
3.173738620240911662e-02 3.396633339709569377e-01 5.289100393350584461e+00 1.905211928917832920e-01
3.296332400894944059e-02 3.272842278722810638e-01 5.658694898085384395e+00 1.856974713527415888e-01
3.676731426819680737e-02 3.427045162685687374e-01 5.053105002960792902e+00 1.768147609845062695e-01
3.776347312988006383e-02 3.878214001838994895e-01 4.840769415816462917e+00 1.846541532864326984e-01
3.703439504846198216e-02 3.562324468626681950e-01 5.078679067510723399e+00 1.723818258522580860e-01
3.550690497784018268e-02 3.398654184176767568e-01 5.113029645218363228e+00 1.666582234703914145e-01
3.480510787223061592e-02 3.424413832586584161e-01 3.967388596963302483e+00 1.864564463033690778e-01
3.607317892438570428e-02 3.345564191082204819e-01 4.377927221077931641e+00 1.791804918553867032e-01
3.490252816640188049e-02 3.775505750835768115e-01 4.436930121779552927e+00 1.889941850819834013e-01
3.373138978275733862e-02 3.333727025225169394e-01 3.974423683836955767e+00 1.667875857531570805e-01
3.327196614187501178e-02 3.443033142971989591e-01 4.443049222261056919e+00 1.897970737247901829e-01
3.593519282975854434e-02 3.563717987764731254e-01 4.332434689690845886e+00 1.816869555536691494e-01
3.575823978344825488e-02 3.528148727052304867e-01 3.190221945766139378e+00 1.918459476266885511e-01
3.657995891730202870e-02 3.539773797473666495e-01 3.295442014012028409e+00 1.596232260756403620e-01
3.661537160958370368e-02 3.437043018835840291e-01 3.123580823698345110e+00 1.805738545952839669e-01
3.706764559869418774e-02 3.711784060635668347e-01 3.092559822957438254e+00 1.909253422890605789e-01
3.625557880372105857e-02 3.575447019920696134e-01 3.208950982135609920e+00 1.832185627100518799e-01
3.320117694644421358e-02 3.781086287492621545e-01 3.221727180454586836e+00 1.917243520850347716e-01
3.571545149531157176e-02 3.344529987408819682e-01 3.442891607684990252e+00 1.672037917968735854e-01
3.370570898477737165e-02 3.322286035737717080e-01 3.339835341563487603e+00 1.781136265998905510e-01
3.302559379960369468e-02 3.357438901674087428e-01 3.157078638376916491e+00 1.829530689013587341e-01
2.965190452120657419e-02 3.973409170110204780e-01 3.375609064528903414e+00 1.761903914641434477e-01
3.207800907097776294e-02 3.397860249559696011e-01 3.152432806414865230e+00 1.801939820173130424e-01
3.160024451990541688e-02 3.455306723808426184e-01 2.902576247269927912e+00 1.872074806181023843e-01
3.386469763878528771e-02 3.828405176505587093e-01 3.108402203416138931e+00 1.668365784186195411e-01
3.235655634700696642e-02 3.467586128377648791e-01 3.311430613417861046e+00 1.750912872305195600e-01
3.444280452834752593e-02 3.774957618456304398e-01 3.026939054043313870e+00 1.839476709981338887e-01
3.716387993854226857e-02 3.535173431231955488e-01 3.092681078251858118e+00 1.707487103127264538e-01
3.320631269961089177e-02 3.803231701483291149e-01 3.326717795681559675e+00 1.708626817317180080e-01
3.079745106258789666e-02 3.522917507491548084e-01 3.331536803748410325e+00 1.673248170241821431e-01
3.225357911434752894e-02 3.170606927687292798e-01 1.820442431095174785e+00 1.738438827307031143e-01
3.379786943571246732e-02 3.364997547094763508e-01 1.862170748580678659e+00 1.599673602926951488e-01
3.311290913145569642e-02 3.340791794369056267e-01 1.980211066364465644e+00 1.852544570844586180e-01
3.617754289206801671e-02 3.408917857534936036e-01 1.953725177162794813e+00 1.702667631943371451e-01
3.661995402595160515e-02 3.126452113779846220e-01 1.989551236017516267e+00 1.935083498413458780e-01
3.109048420921877928e-02 3.163682460525956142e-01 2.004717513242014526e+00 1.798283512594755496e-01
3.642599172464493218e-02 2.847553575603635201e-01 1.836038341782046501e+00 1.819639498898663055e-01
3.478763015916540996e-02 3.093366174553996428e-01 1.943000829240673299e+00 1.649346993372154402e-01
3.552948633749596075e-02 2.773922766605315116e-01 1.704640272405061552e+00 1.765514889126229003e-01
3.445316180895699465e-02 3.105057464563396596e-01 1.661918685368379611e+00 1.714236937776896785e-01
3.776310641985381605e-02 3.191348712934086729e-01 1.664595292387387016e+00 1.652424838978343857e-01
3.760056543610731938e-02 2.890950694554407230e-01 1.953216074067845254e+00 1.674258363271419470e-01
3.292425101361839274e-02 2.907951845733899310e-01 1.852195384568704251e+00 1.601203649457313138e-01
3.533864086113157332e-02 2.940029650574957354e-01 1.626049395955287080e+00 1.620665789249718103e-01
3.400769413080015346e-02 3.133444678891461055e-01 1.803008623758870721e+00 1.654284237786523837e-01
3.259596421333964267e-02 2.966585104291435959e-01 1.760086327319141386e+00 1.781579229323030644e-01
3.489316848909022883e-02 2.788346476139177410e-01 1.624634629450011580e+00 1.657237295302745328e-01
3.571408704563842906e-02 3.064927801301800536e-01 1.669020053361234268e+00 1.752936540967995893e-01
3.971242130051786529e-02 2.875748678003210990e-01 1.494578708033281966e+00 1.745025053823198724e-01
3.543829696377846089e-02 3.349620967674115102e-01 1.147792299865599608e+00 1.958221253371127124e-01
2.859242912479902088e-02 2.946854749805259410e-01 1.040390776716906940e+00 1.764086448910812122e-01
4.027410068418971895e-02 2.678332695149204246e-01 8.699408593604113227e-01 1.708304596071629211e-01
3.490579897208450494e-02 2.646921069989325304e-01 8.484878039953390738e-01 1.801108665648717688e-01
3.272339009910135016e-02 2.907595833353422421e-01 7.033919969095198121e-01 1.607094128186702386e-01
3.808662522180290833e-02 2.734940916515207210e-01 8.200138579086897472e-01 1.883987617475251508e-01
3.810401577630145864e-02 2.570107088005990081e-01 8.321887549855181421e-01 1.750246493749157695e-01
3.506315630885987328e-02 2.925272908561438179e-01 7.403620474386501948e-01 1.872740372477278425e-01
3.806060582540180676e-02 2.726113039797320448e-01 8.441743162495743968e-01 1.678814701124480280e-01
3.632473494696859817e-02 3.038821237266279840e-01 7.789017758658276502e-01 1.772225617528564168e-01
3.425810777287614101e-02 2.953169651754004033e-01 8.283661728220672593e-01 1.912908746073842814e-01
3.306150263601101424e-02 2.917521896507918044e-01 4.301577532535485471e-01 1.880360481389444227e-01
3.223621004885816183e-02 2.863160926100776216e-01 4.488013806533107664e-01 1.773920679063150374e-01
3.751245785845885861e-02 2.671807267871295632e-01 4.477095828681716960e-01 1.851011434440876791e-01
3.270074921372068816e-02 2.751873587541293076e-01 4.821557682583229587e-01 1.724021444948842241e-01
3.139266710950298911e-02 2.713759378377951226e-01 4.362780130045163518e-01 1.773443444098501687e-01
3.387405473551758500e-02 2.687805707329138927e-01 4.419428674358737430e-01 1.859142695911581988e-01
2.842327233138032191e-02 2.773749391698834832e-01 4.582148592699192280e-01 1.811492032427375887e-01
3.437962143201372944e-02 2.766214632851383692e-01 4.871938824272572521e-01 1.814563100511691618e-01
2.913095920694327295e-02 2.780640253385159855e-01 4.612935054994345974e-01 1.895948271184387524e-01
3.436138494011643091e-02 2.555351426548461702e-01 4.752411670188300130e-01 1.949665403095619531e-01
3.206720564615597041e-02 2.552361479888917151e-01 4.433618905117543973e-01 1.765788066213641039e-01
3.488238508194516085e-02 2.720343240040528077e-01 4.865291589031516262e-01 1.779455156967573171e-01
2.990884484759818301e-02 2.733512132620906643e-01 4.752447896694531049e-01 1.795473689728125100e-01
3.347827244398397795e-02 2.783707766138721618e-01 4.773506691440076444e-01 1.751404815394621284e-01
3.582333347851098665e-02 2.759435700767615129e-01 4.781108620432214518e-01 1.776555811308404842e-01
3.476650700845555775e-02 2.845747252668427429e-01 4.565364695840771758e-01 1.962412985415356304e-01
3.523631527744139347e-02 2.726942021671857619e-01 4.196952815159515904e-01 1.916440911295501370e-01
3.254475215674471067e-02 2.941728444455409819e-01 4.383173785000725742e-01 1.801806414796139622e-01
3.766361664050540264e-02 2.791323785694019843e-01 4.689614942892137428e-01 1.724557109747090200e-01
3.351494246655936649e-02 2.792325534391131292e-01 4.724659561516655892e-01 1.968540760443266702e-01
3.701560516035192622e-02 2.446424470921559624e-01 4.549988573529104574e-01 1.667419662745334430e-01
3.374448684602958382e-02 2.500516564889980198e-01 4.247325341494584960e-01 1.957918561828374260e-01
3.695059028055846378e-02 2.596251429235560404e-01 3.464651562269726037e-01 1.716209635170417580e-01
3.164956066876330187e-02 2.767364531886915002e-01 3.710209561796730671e-01 1.770999730752627344e-01
3.199828958928947059e-02 2.355056216647704315e-01 3.661501838589262814e-01 2.049964297278865089e-01
3.403079450105968295e-02 2.493308842273967707e-01 3.627051821111889618e-01 2.003488496775607530e-01
3.157001188781123624e-02 2.683437082055494805e-01 3.688771173854353824e-01 1.765446620723615800e-01
3.731339661684784925e-02 2.689931004158174210e-01 3.543054335640734576e-01 1.660326578537743292e-01
3.789299208368079874e-02 2.479916707596903358e-01 4.002412918401039854e-01 1.690084565781481141e-01
3.596822222544907716e-02 2.341674823739043343e-01 3.618926761287557525e-01 1.650691733937102168e-01
3.838296480238884839e-02 2.441369891521883440e-01 3.331748627783783778e-01 1.673972514703025438e-01
3.676432565882201131e-02 2.552565087269897393e-01 3.730695257269268650e-01 1.755266630629845059e-01
3.654330643719718580e-02 2.684251589810185412e-01 3.635903464867049628e-01 1.683305635988447402e-01
3.519982998678177627e-02 2.658725673530644151e-01 3.205615786118545252e-01 1.748559346455117736e-01
3.272737140006993367e-02 2.739622730289827390e-01 3.269242032955415600e-01 1.738435734760093720e-01
3.306316720466866838e-02 2.841834038927090189e-01 3.072644085074863196e-01 1.960494527965402356e-01
3.341353617204063237e-02 2.382273014743847561e-01 2.998873957015628644e-01 1.762445442207670465e-01
3.480739892977453148e-02 2.408266101063370190e-01 2.416178045018005927e-01 1.692792823431570060e-01
3.509378165731161237e-02 2.570054313020159187e-01 2.400691746784044400e-01 1.677789914230817248e-01
3.827481235735422788e-02 2.535539405445028649e-01 2.322076960517857058e-01 1.718464711955453306e-01
3.394870699447109785e-02 2.476309780270827265e-01 2.416377097779824901e-01 1.858234648869055705e-01
3.582698330966467559e-02 2.628675970113337201e-01 2.459015509104159336e-01 1.448474417225408817e-01
3.616060435770170056e-02 2.486538947975783509e-01 2.490446763794407492e-01 1.597167888309587447e-01
3.577721140709817088e-02 2.515861051960591732e-01 2.444498683075294332e-01 1.609778363907438115e-01
3.556523595358292850e-02 2.520407504091687345e-01 2.388599489392372877e-01 1.685182884382865065e-01
3.995603950424370110e-02 2.576814820237396941e-01 2.126431460510886107e-01 1.713923143835162644e-01
3.505982334530424738e-02 2.681145856429311691e-01 2.126996083148434136e-01 1.781633844067091466e-01
4.116875773067647792e-02 2.594229977385625885e-01 2.179730671776647088e-01 1.714788619228736488e-01
3.532012991131715240e-02 2.622445562607418901e-01 1.987575216547993739e-01 1.847769035730355836e-01
3.347204486925591665e-02 2.817151810651752908e-01 1.905087422479636583e-01 1.751947611222194057e-01
3.657732696814652851e-02 2.743514423414572523e-01 1.777284627235883319e-01 1.882715038582413181e-01
3.534027549456239536e-02 2.736298055503308402e-01 1.802977949285753112e-01 1.793254106727464048e-01
3.524474339117490002e-02 2.549754668581238892e-01 1.771663995807542247e-01 1.650852114224599099e-01
3.342859730880153729e-02 2.515072407391150677e-01 1.884183658102176473e-01 1.781127899431016737e-01
3.623931918797238666e-02 2.692582181019876342e-01 1.931453194965539466e-01 1.757397933749198504e-01
3.376016348714427212e-02 2.475589304100445365e-01 1.850272993249722220e-01 1.829376091605216526e-01
3.643547978215908034e-02 2.377759764265005571e-01 1.707810023609706296e-01 1.685095912644260507e-01
3.570725988548693192e-02 2.685381173688842216e-01 1.809384560331432634e-01 1.876910008890111670e-01
3.463684570607588470e-02 2.633341599419984358e-01 1.716802933541142495e-01 1.724683654286952583e-01
3.396337813691615443e-02 2.618114176347552946e-01 1.739223302036085050e-01 1.948323746553343450e-01
3.701290426337593836e-02 2.497915295201539876e-01 1.731958829270157374e-01 1.915021217829977473e-01
3.323479136371201154e-02 2.727765629939493119e-01 1.670825278353071097e-01 1.971015694351948289e-01
3.417226627601741701e-02 2.673119486014072788e-01 1.676641631641483388e-01 1.685166263487683502e-01
3.453217155619950351e-02 2.283005118264120059e-01 1.636025422692206632e-01 1.618420979929993675e-01
3.687482133026358938e-02 2.444512151428657742e-01 1.459845952091313459e-01 1.543507289992718523e-01
3.337932644779292163e-02 2.612806657540417410e-01 1.593302025580884407e-01 1.695197969177528741e-01
3.408860865738902457e-02 2.484215117102954729e-01 1.584146495828260004e-01 1.629342572643165399e-01
3.476418818113292952e-02 2.580175786254846892e-01 1.561644230303860792e-01 1.769151644141577218e-01
3.578483021553713339e-02 2.424603089059315097e-01 1.503240993595854058e-01 1.852669214691626265e-01
3.387788208362161463e-02 2.559179359850305424e-01 1.618200417462179186e-01 1.703750133165860270e-01
3.274558586631082929e-02 2.471193518902785879e-01 1.698423646889131167e-01 1.502417189847080614e-01
3.036006492561724862e-02 2.582136487522442292e-01 1.385243790871256986e-01 1.624475037921942200e-01
3.323692508265862350e-02 2.481977303688434333e-01 1.384024018170257053e-01 1.831229326803227309e-01
3.597106672526177024e-02 2.344624022108688088e-01 1.496143049738838382e-01 1.762560741185033863e-01
3.440910251773399153e-02 2.600309746637811115e-01 1.467664834665412810e-01 1.777092321999371449e-01
3.231702826588553346e-02 2.339948888122102277e-01 1.509959725881339643e-01 1.708475992359603235e-01
3.483562687960737453e-02 2.322815252132709452e-01 1.532175888107863426e-01 1.631254159281076699e-01
4.052416911376839626e-02 2.347262262664593924e-01 1.408248830731623213e-01 1.575573422225709508e-01
3.713829394137194845e-02 2.417241741046151637e-01 1.402601536108443459e-01 1.663076394368352418e-01
3.427361952355625213e-02 2.361154005893916219e-01 1.550244743859886809e-01 1.817117955944854146e-01
3.640207276427325639e-02 2.252721656419765517e-01 1.523036571423660723e-01 1.768108349238874388e-01
3.780498980767692946e-02 2.514027291717233492e-01 1.471139112352383427e-01 1.625835206492774188e-01
3.593164467942475820e-02 2.685280282624947779e-01 1.421562033411428172e-01 1.626451026677916134e-01
3.869300443772923093e-02 2.448809250169077800e-01 1.317775782815748253e-01 1.681010261876463852e-01
3.760270609879984988e-02 2.741399263065484315e-01 1.510993108105658511e-01 1.617135441887805891e-01
3.565738062282353821e-02 2.433193632831428255e-01 1.300031747584591002e-01 1.719773626429131341e-01
3.447970092127328190e-02 2.449146153816368909e-01 1.234214590837938580e-01 1.765062404758646897e-01
3.461189638116299316e-02 2.594920231290527290e-01 1.372197588159916604e-01 1.595544870072876098e-01
3.252815385410504773e-02 2.531070861024450891e-01 1.289395032806973374e-01 1.679117152151465286e-01
3.296796758742811390e-02 2.458811267681005053e-01 1.218342392665021923e-01 1.746792517598864392e-01
3.519334806051457876e-02 2.539163761187027690e-01 1.293585564246265696e-01 1.770150799555631482e-01
3.760647020490517217e-02 2.302883464903756616e-01 1.234711366719135062e-01 1.841480733794713109e-01
3.672710951684664271e-02 2.298385447215677835e-01 1.314286418639808718e-01 1.839256608634629031e-01
3.621862106913078388e-02 2.323502726394484907e-01 1.279722150928642443e-01 1.746403247063695874e-01
3.350130909421097924e-02 2.418252632555242809e-01 1.260643616172166248e-01 1.799770914911118513e-01
3.796193559007005752e-02 2.576630494017800310e-01 1.109566151634520659e-01 1.729751578963414638e-01
3.647649528066754937e-02 2.478261415795221523e-01 1.141159775578528268e-01 1.774493180222491140e-01
3.433732037252855418e-02 2.712183528372360541e-01 1.298718536130414880e-01 1.951929013391275614e-01
3.468928116939334200e-02 2.492618765449092499e-01 1.091735904481776209e-01 1.705601010474122048e-01
3.591042453207985569e-02 2.543592113908363928e-01 1.140448813704647846e-01 1.671341525332991351e-01
3.556426348289293965e-02 2.481832810769391551e-01 9.432018373777785458e-02 1.724683118536095849e-01
3.683778080562508800e-02 2.399393020334655569e-01 1.083176692954547493e-01 1.946585597297938175e-01
3.402568412363150135e-02 2.337680319163395193e-01 1.156271503560069164e-01 1.753798222629383285e-01
3.250649113893116365e-02 2.543519097264644868e-01 1.027905520339386369e-01 1.714369183287779153e-01
3.274992073211491217e-02 2.430308505556558474e-01 9.887961617057237917e-02 1.723942954207877132e-01
3.221980650880104657e-02 2.598746681374334844e-01 1.227296458208343849e-01 1.598510689072062396e-01
3.140081757941683149e-02 2.220613420338669319e-01 1.158375043465687260e-01 1.659667050438542457e-01
3.428831143489168704e-02 2.500127601248993692e-01 1.149542384383444443e-01 1.652664667703044321e-01
3.636646770759125596e-02 2.524328362225366496e-01 1.097523847759825227e-01 1.889133793165821973e-01
3.440704328751814645e-02 2.283670309688393130e-01 1.057970429595244122e-01 1.850282435147675431e-01
3.323234130013340282e-02 2.371995813352481275e-01 1.138106890643968694e-01 1.735807516577211329e-01
3.550891448063635963e-02 2.523286969787937872e-01 1.208634485621196547e-01 1.654711498404479730e-01
3.577229510949109237e-02 2.161802837772535124e-01 1.033038436201015597e-01 1.718620300410616253e-01
3.158894784127316141e-02 2.339523210429931832e-01 1.153337192835977992e-01 1.774141006495343342e-01
3.426955639529699615e-02 2.520786037002261670e-01 1.193555196732175860e-01 1.709876521718952380e-01
3.467445011866778642e-02 2.432389647695695767e-01 1.217489061455818977e-01 1.673882822378181534e-01
3.165823309477212855e-02 2.234932931559839575e-01 1.042613932530449955e-01 1.758731723991570073e-01
3.597256014668967494e-02 2.248234073330893368e-01 1.177813909118733959e-01 1.700354933470396013e-01
3.177776571404223455e-02 2.527360409903568472e-01 1.130745566659966811e-01 1.889633335562120597e-01
3.280794600920397541e-02 2.844048696628113104e-01 1.079840443462165567e-01 1.739946215113977179e-01
3.515787258788570513e-02 2.527354100175864260e-01 1.122949493784175107e-01 1.812321997261484852e-01
3.343322571059090947e-02 2.255369975714069386e-01 1.188625657316507017e-01 1.681128677981212349e-01
3.956984255750316953e-02 2.263468797830417156e-01 1.095260376040586847e-01 1.763433535458211465e-01
3.551637524344002095e-02 2.169286195335821121e-01 1.062352524041649121e-01 1.638473149243502569e-01
3.559514602218984136e-02 2.096081119816096128e-01 1.121401091807313621e-01 1.699962200092725306e-01
3.350570243764137285e-02 2.230380566696509026e-01 9.975373440385749968e-02 1.878400777928303511e-01
4.001909376323635470e-02 2.408462217877878619e-01 1.155341540209365025e-01 1.636986939173704081e-01
3.633743006988773144e-02 2.349315212223772875e-01 1.079654906227239392e-01 1.808683333420979256e-01
3.680706161538749993e-02 2.331309458716975258e-01 1.032032161961779909e-01 1.688550528871784473e-01
3.804049652264688414e-02 2.175470999899700164e-01 1.141240571072800469e-01 1.689972415704556197e-01
3.477468849447178101e-02 2.213557871081214545e-01 9.942676444206735575e-02 1.754456779716749570e-01
3.245814255072949212e-02 2.120931487067175270e-01 1.065821658204531841e-01 1.775102683330976039e-01
3.806379043734477163e-02 2.179519714525204876e-01 1.045728601411426567e-01 1.675682831337924339e-01
4.000388221359460483e-02 2.119594709894345730e-01 1.097442542525054188e-01 1.605205804669873060e-01
3.765413260051226479e-02 2.093600146863098810e-01 1.000365408295536551e-01 1.737665898448965685e-01
3.446783558369896638e-02 2.260224867206363508e-01 1.266121423325426987e-01 1.719906356121148894e-01
4.058077334943088754e-02 2.266501376655222499e-01 1.200329612773249205e-01 1.746560554705219037e-01
3.432802648251949418e-02 2.235787018512614133e-01 1.141246772362455031e-01 1.705089026068964397e-01
3.821181592024208706e-02 2.261626087269616725e-01 1.148782552315660982e-01 1.614192269279684233e-01
3.960312710198100189e-02 2.156951104382492657e-01 9.828918796679883552e-02 1.713716154628406318e-01
3.901242771049624747e-02 2.497142097429888019e-01 1.027191294256416809e-01 1.693803921852345962e-01
3.546686198855527467e-02 2.227363133133522799e-01 1.043846415261130978e-01 1.711948348676495535e-01
4.041148131208859712e-02 2.301594084295318365e-01 1.018143156200736477e-01 1.643637540743770886e-01
3.609098227091391692e-02 2.232758476360946209e-01 9.641699917161945799e-02 1.734908300149606841e-01
3.416998950995293882e-02 2.407818865846500511e-01 9.004422510271802016e-02 1.559744071750474859e-01
3.680478968540840112e-02 2.322561884454825420e-01 9.435060213270686502e-02 1.587691679473923201e-01
3.467613637107431340e-02 2.191971666325200907e-01 1.020071641031116694e-01 1.489791283793661103e-01
3.291172049221026408e-02 2.304664677363415515e-01 9.330522212624653422e-02 1.706213873379523738e-01
3.398594750234795736e-02 2.372588968123377495e-01 9.453500132654209243e-02 1.790306438167259262e-01
3.219192397334882244e-02 2.214008144443655179e-01 1.009363718077581212e-01 1.428328696647812590e-01
3.854848239413551092e-02 2.034627149555287007e-01 9.731483249663026858e-02 1.598504194931059108e-01
3.411919491361524448e-02 2.233265152909791051e-01 9.348857846722101461e-02 1.527208047104221256e-01
3.700477618669104074e-02 2.226332149823852247e-01 9.534559531727736237e-02 1.628128692430154956e-01
3.747627637525186711e-02 2.302560690134160259e-01 9.005667211887172230e-02 1.772691812102386577e-01
3.668692988122121412e-02 2.373641667864992144e-01 1.025034875981922500e-01 1.558343808718243573e-01
3.747928675190336650e-02 2.241282894853786345e-01 9.738508322445246779e-02 1.578931040438453226e-01
3.538237090235792776e-02 2.162974285579499500e-01 1.045343418940468810e-01 1.774346157554530234e-01
3.722106059299076092e-02 2.249404720818318493e-01 9.468252181255075450e-02 1.704353928890051384e-01
3.675311831425486647e-02 2.455105097360580912e-01 8.968787389892896034e-02 1.672894646507199212e-01
3.837994857021301276e-02 2.400213462104409945e-01 1.035135189623821172e-01 1.840470263361622949e-01
3.527523671351093237e-02 2.383637251274631774e-01 9.737403466632083004e-02 1.786668162692283679e-01
3.487434795697848949e-02 2.082377299370140600e-01 9.376816811935395624e-02 1.629718148579102632e-01
3.730563098474542344e-02 2.398624309633132501e-01 9.582769521778768118e-02 1.498786755577324326e-01
3.401402105329588005e-02 2.244711831493417242e-01 9.186796668975658053e-02 1.612645706796078104e-01
3.716256062194147475e-02 2.246829769311793068e-01 1.016016258313613557e-01 1.695062643805805846e-01
3.366317744069955570e-02 2.467859347067499487e-01 8.737705240406086482e-02 1.571488949627578013e-01
3.520288148464299771e-02 2.216956637666891716e-01 9.948769935473665560e-02 1.527365011130622507e-01
3.619539816381209946e-02 2.219179787972433149e-01 9.738753072633744845e-02 1.729606581995302150e-01
3.521167009994654457e-02 2.253953734441891399e-01 9.588027395011787524e-02 1.650613164714457570e-01
3.403741616011331239e-02 2.175056217242154755e-01 9.497549149249369382e-02 1.711754715733446730e-01
3.417005946817723572e-02 2.406108409965967698e-01 1.091547482716944545e-01 1.610241187043967015e-01
3.796799530763859259e-02 2.364630287903965733e-01 1.035905135318715142e-01 1.567997588330849179e-01
3.738035954484160428e-02 2.150491816404928869e-01 8.986829398811416181e-02 1.785090456564875083e-01
3.413920491824171122e-02 2.065911212382016415e-01 9.048578228601321383e-02 1.549740176792133439e-01
3.503489544812887074e-02 2.258036413941315601e-01 9.863477088192464104e-02 1.689335671084567780e-01
3.725965834465921195e-02 2.337927947870842849e-01 9.098004140164638043e-02 1.581981842605848509e-01
3.663110260584109129e-02 2.311050618126483380e-01 1.062770770035298407e-01 1.617584329609460247e-01
3.623853040514372209e-02 2.545912445233566856e-01 9.213364759735787057e-02 1.706009419670434513e-01
3.775974425063480244e-02 2.444965182341548582e-01 9.550370316087015976e-02 1.667370495070250314e-01
3.708181843645558945e-02 2.070389906380010192e-01 9.589415952783345021e-02 1.758905318527755612e-01
3.601888422564839681e-02 2.073511431244326464e-01 9.985934966393887613e-02 1.656031854651953406e-01
3.354447488388342252e-02 2.390285864564731244e-01 1.121943971598698409e-01 1.594626556281467100e-01
3.673774320803134541e-02 2.249442221820243948e-01 9.454203780308803595e-02 1.431267049350454790e-01
3.647324229301171505e-02 2.196602188112063148e-01 9.289721332947394050e-02 1.604568252707346543e-01
3.293643018165265390e-02 2.299613123800897385e-01 9.046931863855160738e-02 1.736978557770687548e-01
3.508026105231838027e-02 2.261900810847106424e-01 9.602554882478696319e-02 1.735244635865237917e-01
3.288557563633563025e-02 2.153160207392246506e-01 9.583547538054824899e-02 1.705684581506677622e-01
3.562409418412374601e-02 2.447645202011884957e-01 1.002474547354098439e-01 1.664174091150457946e-01
3.568784624179897197e-02 2.210365233084336245e-01 1.095362615753932012e-01 1.668417208966520293e-01
3.484239402047708406e-02 2.232738663444683025e-01 9.133317265633095206e-02 1.853932725644124591e-01
3.776542227610262675e-02 2.131696088455321547e-01 1.007537105729621740e-01 1.504374388457699330e-01
3.648620727265044356e-02 2.186388706995803788e-01 9.853788399494638195e-02 1.724984237664571318e-01
3.633342653816475087e-02 2.410454095685085618e-01 1.031162685800015022e-01 1.576195847243355153e-01
3.596416890072411804e-02 2.233856576931549931e-01 9.599041996922243192e-02 1.573062555470416679e-01
3.518854864938354698e-02 2.135478365868320738e-01 1.008237268547201720e-01 1.610660674244681068e-01
3.446593513127880343e-02 2.278108325642782817e-01 1.031489447723112907e-01 1.590883496176576650e-01
3.664273214546948099e-02 2.068822767339425217e-01 1.050663447520986948e-01 1.764550267600149547e-01
3.508297466635793699e-02 2.266605008514254727e-01 9.800207505329218416e-02 1.734441375081961223e-01
3.177633431028425298e-02 2.286194226904632032e-01 9.912615430293449104e-02 1.490670444455991783e-01
3.589237820213851682e-02 2.181086115883481280e-01 1.034353149055160098e-01 1.670594623364152487e-01
3.586380087021318747e-02 1.991850772253460078e-01 8.783886955869296687e-02 1.694694739610138334e-01
3.769970568901070268e-02 2.161490976150211574e-01 1.040909306138431828e-01 1.747740255295031353e-01
3.497229744955200614e-02 2.325201149504159126e-01 9.771601313843925052e-02 1.698798548453857582e-01
3.439354578778321819e-02 2.131515182333730274e-01 9.313328666036613246e-02 1.496688011094764181e-01
3.292732325959035755e-02 2.126994903256600455e-01 1.041822891720025485e-01 1.603853312218677940e-01
3.887101659158138933e-02 1.995254777495614473e-01 1.106150899747015276e-01 1.624401132346053878e-01
3.651688019705363192e-02 2.162656779488339731e-01 1.013106600510010891e-01 1.675415122436469950e-01
3.152871191435596687e-02 2.405166869057512313e-01 9.010156279229272758e-02 1.513687072515986221e-01
3.449719013846241217e-02 2.192463312609882753e-01 1.076344432490306119e-01 1.562430370782446620e-01
3.649777964378721207e-02 2.174096785337524540e-01 1.080186786837310925e-01 1.646898302236538547e-01
3.419991461989824177e-02 2.057641974891011027e-01 9.518266954527326851e-02 1.707993247093213818e-01
3.308379874301148327e-02 1.926372139115809234e-01 1.035693066035667242e-01 1.560853360237558218e-01
3.371382066602154198e-02 2.085901099107559387e-01 9.270953332510525891e-02 1.643382072199872646e-01
3.276870611051677096e-02 2.191828349549490573e-01 9.220355342166161594e-02 1.718958874675234338e-01
3.586400862717171317e-02 2.104003361130026561e-01 1.073061601236535989e-01 1.643126515481368455e-01
3.501685558223257416e-02 2.145890715017036710e-01 1.042154664333170555e-01 1.519589924801812708e-01
3.269277152096243533e-02 2.049377032493537032e-01 9.705984657549239503e-02 1.682807832022858441e-01
2.944182232240862007e-02 2.263697132026132874e-01 8.752457916957420703e-02 1.575244783953916872e-01
3.555130193720091453e-02 2.387323407052059365e-01 9.752981164365340239e-02 1.655558230270449960e-01
3.373181423272151452e-02 2.252512709650609235e-01 9.825712651602601377e-02 1.555710649303783111e-01
3.480716843743755784e-02 2.308964650311808031e-01 9.677526497466039379e-02 1.641831627090938606e-01
3.464689251277431464e-02 2.273461602692679884e-01 9.822460605666664957e-02 1.608720441948778557e-01
3.631095401667067124e-02 2.305226734704451108e-01 1.033334349794481077e-01 1.788050309496926893e-01
3.259162547805671134e-02 2.147658150409212929e-01 1.005389410901730979e-01 1.682373714771693562e-01
3.369732515591639110e-02 2.053966750971439048e-01 1.010290768212729756e-01 1.739161211153574804e-01
3.624715576223668662e-02 2.395953663018691726e-01 9.713257394968648206e-02 1.688760513396090623e-01
3.578078099925499633e-02 2.319529253516627865e-01 9.826010620167822951e-02 1.588921824059078003e-01
3.408400528871128460e-02 2.148657408267551361e-01 1.023482034791678985e-01 1.791095653257205322e-01
3.491572793671263858e-02 2.082088735978398220e-01 9.378251870657033917e-02 1.533156998075600186e-01
3.250917346484970966e-02 2.232065576235288951e-01 1.024104636979040334e-01 1.749204311789060162e-01
3.647476250316144392e-02 2.311545110491121380e-01 8.933216902764960776e-02 1.755383167445530024e-01
3.481368993616638929e-02 2.432196523354255568e-01 1.081711193238379110e-01 1.518221818205477414e-01
3.565638855726397521e-02 2.184937395084941003e-01 9.373831627449320802e-02 1.730194718029373635e-01
3.255030764916127389e-02 2.518082196275507889e-01 8.886778527383765169e-02 1.658918882483244317e-01
3.521251758588550551e-02 2.070630632779607294e-01 9.341243582348446317e-02 1.548290814196126852e-01
3.548747736949901116e-02 2.184693109133614974e-01 9.197933860391563354e-02 1.610319895885499453e-01
3.486079086739946736e-02 2.168482197422831881e-01 9.201787044115576630e-02 1.584170503348557024e-01
3.335063882390122691e-02 2.327518956939237937e-01 8.662616701818538767e-02 1.580272917673540556e-01
3.341999660666100658e-02 2.283352716845997443e-01 1.007593843350125806e-01 1.674247121851947795e-01
3.442038236382988919e-02 2.103134848785910838e-01 1.035305536628079864e-01 1.626615302660598672e-01
3.432395000018055586e-02 2.300766740738859895e-01 1.017534759010875617e-01 1.648395600679789519e-01
3.542417691525133472e-02 2.453873111172363841e-01 9.488121188490721003e-02 1.597725808285480609e-01
3.502222545230259526e-02 2.282407912757203061e-01 1.070258266116179552e-01 1.507457279476234202e-01
3.282669990838629759e-02 2.138561411124368650e-01 9.332984381596287626e-02 1.484602647199791126e-01
3.629005839404156331e-02 2.137943126920467674e-01 1.000145373306505353e-01 1.500383625138233812e-01
3.486091466515036513e-02 2.625967502971280343e-01 1.032686492520541455e-01 1.694978107841223214e-01
3.497325727105048132e-02 2.068455587379451344e-01 1.004208095632576764e-01 1.686188106179712376e-01
3.860453986472539567e-02 2.311639932999598468e-01 9.189108082350698481e-02 1.713715512254344597e-01
3.913918711136128714e-02 2.021843777000185971e-01 1.015050164012501477e-01 1.513372086040822850e-01
3.578839369500485396e-02 2.180446006512939683e-01 1.017859833716236173e-01 1.617761899279202831e-01
3.540845705522523146e-02 2.344963657466412887e-01 9.620375236446804257e-02 1.502018144377214037e-01
3.309062606486277980e-02 2.060972373927033863e-01 9.027832780012291780e-02 1.745767813242894151e-01
3.549956015179984992e-02 2.258024902696192104e-01 1.036055632721750858e-01 1.664598351131729992e-01
3.546064241276371265e-02 2.207674629721721460e-01 9.269335389158486760e-02 1.750920581977464530e-01
3.509123242321519898e-02 2.289315463161316899e-01 1.005840918019509922e-01 1.772038563426111824e-01
3.429106000578970026e-02 2.098308838441163005e-01 9.597169041794985367e-02 1.686373302028907062e-01
3.416833007498236430e-02 2.285263690384126134e-01 1.024171229844162145e-01 1.779405483712618308e-01
3.462634916273504143e-02 2.097143876481800673e-01 9.834225233344232042e-02 1.797210736924508834e-01
3.457317595109671987e-02 2.258914094338089207e-01 9.985770457304601888e-02 1.603604224678948365e-01
3.276032362682254617e-02 1.985662151189262481e-01 9.412334416260680070e-02 1.733277433925198008e-01
3.679959206858929993e-02 2.186642521959406837e-01 8.861586690919003029e-02 1.582247089424763109e-01
3.442361450545737556e-02 2.019629829986706038e-01 9.481450140809712102e-02 1.594016002221494144e-01
3.350751629444580215e-02 2.159717120129880374e-01 9.773958482516059698e-02 1.629041538732425576e-01
3.565068974914181732e-02 2.228201138494048661e-01 1.027712467470588004e-01 1.505942154701555291e-01
3.347961085505946066e-02 2.235802289879095239e-01 9.978035115553603174e-02 1.470287711579877643e-01
3.415449038359123779e-02 2.313117218643038764e-01 1.031758017894173207e-01 1.664365279730610769e-01
3.481896388471170112e-02 2.062793041959692375e-01 9.342874271833190303e-02 1.603482224733093486e-01
3.509451768825880974e-02 2.275848216652119893e-01 9.615936164268641673e-02 1.586157282748228425e-01
3.208007670691188223e-02 2.114552148706746737e-01 1.014122136278561431e-01 1.546258686368335300e-01
3.991688003958739073e-02 2.308967595956233632e-01 1.193300405870280634e-01 1.658598722339682530e-01
3.527937576032541545e-02 2.427899119447364251e-01 8.610417539621510741e-02 1.591390510614109077e-01
3.230437078454435201e-02 2.234861057218633928e-01 9.273854877615417269e-02 1.460926513604888233e-01
3.283864018913854044e-02 2.208098975086446036e-01 1.036202167454457479e-01 1.710696017427028315e-01
3.411105436376247330e-02 2.394663978594697429e-01 9.951770106444633723e-02 1.746963440119386757e-01
3.450843131860398261e-02 2.240949592325019446e-01 8.862564330418964964e-02 1.609769507719793213e-01
3.462419617304345748e-02 2.284261710421864877e-01 1.051921652304484145e-01 1.512240449285245925e-01
3.688078375176856438e-02 2.142818358567410986e-01 9.606127925052453109e-02 1.729635388366422832e-01
3.423939111108594002e-02 2.002916864104330452e-01 1.021380290255286122e-01 1.658296874968360479e-01
3.298518473657804234e-02 2.123769423937368894e-01 9.228310057106899056e-02 1.512238953160629229e-01
3.447813759780613690e-02 2.154625501388984787e-01 9.698563511121049974e-02 1.698437206092593410e-01
3.523141101000287767e-02 2.104982350296389915e-01 1.020507861145477368e-01 1.519670161159487332e-01
3.741196536000182538e-02 2.148084114936830713e-01 1.055253952769511228e-01 1.566773398468662426e-01
3.063932010714896445e-02 2.364385605384042577e-01 1.059141018872456763e-01 1.620076496451657300e-01
3.352519143045507716e-02 2.216327494865669712e-01 9.688264483627645474e-02 1.537748187919337761e-01
3.826628836686925272e-02 2.277853409014184149e-01 9.382576067650434670e-02 1.763772644295306669e-01
3.848552701137687715e-02 2.178844963753374941e-01 9.370805776846784230e-02 1.564577913472967596e-01
3.656767919771111708e-02 2.321889539199081254e-01 1.021475980710099818e-01 1.694764534716366178e-01
3.348162516378880987e-02 2.103188155484185529e-01 9.813730131381427635e-02 1.623115807556123336e-01
3.403220019931185031e-02 2.139740851543959765e-01 9.820073866257966744e-02 1.498763299821391226e-01
3.923390121439492007e-02 2.156524951322798256e-01 9.384384811535508020e-02 1.538861013160569835e-01
3.426596428178468184e-02 2.089791540645067891e-01 9.572001489176983069e-02 1.643103278926781319e-01
3.458381326804673556e-02 2.325513509082564323e-01 1.003044703620992045e-01 1.473392601135192770e-01
3.409654233929386435e-02 2.192461763669921737e-01 9.638513942025529746e-02 1.612623081713165096e-01
3.418736521906089870e-02 2.065154152884245975e-01 9.409346734179477312e-02 1.725666843039539711e-01
3.342998230498099577e-02 2.231911376466206576e-01 9.962113871032365897e-02 1.595075978669812933e-01
3.647525957814448661e-02 2.268572445477745614e-01 1.056289350957994866e-01 1.582949687250845006e-01
3.380279931872634536e-02 2.287442939039659451e-01 9.177890605976193883e-02 1.560263473911746301e-01
3.830387402380824174e-02 2.398840408825705373e-01 9.818274789617330300e-02 1.624843128700432238e-01
3.287616823599712190e-02 2.272912606729888263e-01 9.729166857483187436e-02 1.588311938004373647e-01
3.880850550057976522e-02 2.283294223782081633e-01 8.973969610504864414e-02 1.746067113340322163e-01
3.664681563568464306e-02 2.020201600019508603e-01 9.468391295707460908e-02 1.751099564533421249e-01
3.357288704268183988e-02 2.284482805757295232e-01 9.478859446439369396e-02 1.531074278699652846e-01
3.690191131484306386e-02 2.299278047313372542e-01 1.010788611272194493e-01 1.588444988178027428e-01
3.388010255668538750e-02 2.170055590623948538e-01 1.058367425494188552e-01 1.428691723649603007e-01
3.671489520323562711e-02 2.268235100646082414e-01 9.810891361236923069e-02 1.578462562318407869e-01
3.577437441582326932e-02 2.118442315250382291e-01 9.788523728658424239e-02 1.919319363266676626e-01
3.751061566874158010e-02 2.377505358940644742e-01 9.268181685634699352e-02 1.650125695319276109e-01
3.583791498536208903e-02 2.479435626386931601e-01 9.305290441380449640e-02 1.705528459268306207e-01
3.500416722339896869e-02 1.988510983844303803e-01 1.030430976094048739e-01 1.477527210777680455e-01
3.531703459390571342e-02 2.233581821068598705e-01 9.573591625948529860e-02 1.525080665219813170e-01
3.619275660172065201e-02 2.168255471586927052e-01 9.865526726340674568e-02 1.517834381395594678e-01
3.703497293216198583e-02 2.272025993403364585e-01 1.025164209155824402e-01 1.624307487760967283e-01
3.821069130496415611e-02 2.368622384828706628e-01 9.947380726819531060e-02 1.587322360489080708e-01
3.406737018478998152e-02 2.260997887325682520e-01 9.034055971392965234e-02 1.611059878267676049e-01
3.180828725187889727e-02 2.308454198964428883e-01 1.065756776251331889e-01 1.718247747717757123e-01
3.537976806751469416e-02 2.163093302491302938e-01 9.695809195276236525e-02 1.730042001925413964e-01
3.614160918303609138e-02 2.395424297776770350e-01 9.697689284324147174e-02 1.567641160260931088e-01
3.461868953730915660e-02 2.113863042027630812e-01 1.065153253268540934e-01 1.533957698549368309e-01
3.689252662849123315e-02 2.271959115146544028e-01 1.067903452417011956e-01 1.624316385359944048e-01
3.266063419224724679e-02 2.348540830503610954e-01 9.879776858961684949e-02 1.645547866799972336e-01
3.338397400242508473e-02 2.294146566116534725e-01 1.003396708658677583e-01 1.654061903633671227e-01
3.476883125371878214e-02 2.435188248255182597e-01 1.009038226212179423e-01 1.818130011627354936e-01
3.187633324298293908e-02 2.131787094115029091e-01 9.898594834286737754e-02 1.654299721625425712e-01
3.302773642649529245e-02 2.392550114868652600e-01 1.029905099256933493e-01 1.525993661839388782e-01
3.323251202654847053e-02 2.247443122088530754e-01 1.050626616935135121e-01 1.658817510922218075e-01
3.222917815659770424e-02 2.177998252239772281e-01 9.512436052654077434e-02 1.571514978508839477e-01
3.362923579972160182e-02 2.104728016033698690e-01 9.902225886541259070e-02 1.483216998629965921e-01
3.401687210465562106e-02 2.107546329794623696e-01 1.052242329663811149e-01 1.684601922469842750e-01
3.704859884735815095e-02 2.066233459975771458e-01 9.612027180553139871e-02 1.534624828803526353e-01
3.537709514118751036e-02 2.456817588490674553e-01 8.491774156963444176e-02 1.540572618379030534e-01
3.312240861160033883e-02 2.124901024843924846e-01 1.011171302206869127e-01 1.730954092663965771e-01
3.104980418506634449e-02 2.316088964102517023e-01 9.288052188266829323e-02 1.695525552731637353e-01
3.608358585845649474e-02 2.088481436606103581e-01 1.012850157245168276e-01 1.545474976103020093e-01
3.871208242927903082e-02 2.042056732892449655e-01 8.879824432573620030e-02 1.490565125313688954e-01
3.741045013482422604e-02 2.102120113390889833e-01 1.045725863949566459e-01 1.684200927804767045e-01
3.773762471999123069e-02 2.162131468257939837e-01 1.025959545925025085e-01 1.665438085916917110e-01
3.455660051286234963e-02 2.314935080724626337e-01 8.819799596673362496e-02 1.701101614056956812e-01
3.661940124806657010e-02 1.992177285153599597e-01 1.014999790960883913e-01 1.626021354503213168e-01
3.555346979681967001e-02 2.418636121353021640e-01 1.011949438330340817e-01 1.568003934755600459e-01
3.831750562637144947e-02 2.178580237952653653e-01 1.029397224124014854e-01 1.549889401629411523e-01
3.492827176116789639e-02 2.102995299209599600e-01 1.075451643859924450e-01 1.487566652569491665e-01
3.481446034035971804e-02 2.210284100818623310e-01 1.040384596363784081e-01 1.655260089760907383e-01
3.599322668537188047e-02 2.256090376290297572e-01 9.460481541953597029e-02 1.544036980286720706e-01
3.610938477693194371e-02 2.112378459206439019e-01 9.948704795888473063e-02 1.618982388032583764e-01
3.551713327909913898e-02 2.121597355832623433e-01 1.089705794590947185e-01 1.589955446550875284e-01
3.252687039034248689e-02 2.005826436653259659e-01 9.676727346313679368e-02 1.601387542572130507e-01
3.446479540238789330e-02 2.117620624841507482e-01 1.103730322820156984e-01 1.588041325067900134e-01
3.281456271089359944e-02 2.272977534377335906e-01 1.014002531077587560e-01 1.617923074949235152e-01
3.400284598176052386e-02 2.259320619126713725e-01 1.019301517315817640e-01 1.622693374082004591e-01
3.258584718953337622e-02 2.484913763518722674e-01 9.752386209312984000e-02 1.576872682140742499e-01
3.582061245677736067e-02 2.228652054626227286e-01 9.358821292041019646e-02 1.602463660746635266e-01
3.391765552590442906e-02 2.282689550366696074e-01 1.010763543991416574e-01 1.734852657252175800e-01
3.553580817354463212e-02 2.378322051483543476e-01 1.021103345742688379e-01 1.516309852660647772e-01
3.379684139342028354e-02 2.244266371727887677e-01 1.032387022095604678e-01 1.560966088979209576e-01
3.228121434143826907e-02 2.004772496774443746e-01 1.004251100612482406e-01 1.424341784786022080e-01
3.185662859619367571e-02 2.073086088022743079e-01 9.882106833116853506e-02 1.650025648805653056e-01
3.436010783644331823e-02 2.312156790630353342e-01 9.729079483794556005e-02 1.686097361747094237e-01
3.634517855830065453e-02 2.132097066889823700e-01 9.442840280203260162e-02 1.666512363726384838e-01
3.295186390816112060e-02 2.230651466325191956e-01 1.054609131744313616e-01 1.488631641916651760e-01
3.698308494206339198e-02 2.179788572813288472e-01 9.979053584717534342e-02 1.561343090249654730e-01
3.722868721760907301e-02 2.156345039611600456e-01 1.108663093063010779e-01 1.603449006435102853e-01
3.916570365820228050e-02 2.193115937677800054e-01 9.304103824217270502e-02 1.635824451364308874e-01
3.206276864767908935e-02 2.330515304823047307e-01 9.639217748114552176e-02 1.656932103996471561e-01
3.464988755420246591e-02 2.062183515773363118e-01 1.011672391779678964e-01 1.541367774778145128e-01
3.318566205903773075e-02 2.229463171133815036e-01 8.993070497292289522e-02 1.682361886993792577e-01
3.228138203964774078e-02 2.167412142397466546e-01 9.689345876216344522e-02 1.509948309682615786e-01
3.359163166338131196e-02 2.265743704091300048e-01 1.010913462833656074e-01 1.499997970687906856e-01
3.416361138696615701e-02 2.190314528367227065e-01 8.923072240527869792e-02 1.584856302588883714e-01
3.686091339412951584e-02 2.279833228162251590e-01 9.746825262147884583e-02 1.770992074760907031e-01
3.812802677463741907e-02 2.136921506684675010e-01 1.009838144816102706e-01 1.539639909381554650e-01
3.619529805660886418e-02 2.107185388542105464e-01 9.718659755007683088e-02 1.618444415405263515e-01
3.470063449228974473e-02 2.127000731402040323e-01 1.054273871910760552e-01 1.645807141461184953e-01
3.546708840206383440e-02 2.247788989059277820e-01 9.737431704018965906e-02 1.529570046658055016e-01
3.945022193618220874e-02 2.452000473733909613e-01 9.876526431436172260e-02 1.622259452038941341e-01
3.324864022353673371e-02 2.299009555404035177e-01 1.019920766915691085e-01 1.631986537721625274e-01
3.690533683100485213e-02 2.244100312535589059e-01 9.833416268855052489e-02 1.708166329152505936e-01
3.224758911902361747e-02 2.191345255444381857e-01 9.982406946207936227e-02 1.653561544119899474e-01
3.731890536628276744e-02 2.134333237699762853e-01 9.954438004881986657e-02 1.675411320180698327e-01
3.437174951455661265e-02 2.267505459379077770e-01 9.132861184022421364e-02 1.558235463848862412e-01
3.408291636492957050e-02 2.200542372029756222e-01 9.445392686354635303e-02 1.558749307472452328e-01
