1.000000000000000000e+00 1.000000000000000000e+00 1.000000000000000000e+00 1.000000000000000000e+00
6.598843741812401853e-02 5.392212820757328329e-01 1.652376797479665811e+02 7.554775426523580029e-02
6.450077428152799219e-02 5.118193198183489390e-01 1.778483153299742696e+02 6.842602243323574196e-02
6.378179708771590517e-02 5.272304622365646676e-01 1.780091798809440036e+02 7.450411035000502336e-02
6.379634151796438613e-02 5.100112344495879579e-01 1.688560436031152392e+02 7.798277922964294562e-02
6.051928809256636177e-02 5.383442738571139197e-01 1.729405999419872728e+02 7.105675230005271958e-02
5.520579599670018267e-02 5.360637664855063544e-01 1.752156137967504321e+02 7.289817387823294137e-02
5.248190383850286772e-02 4.646417797883679590e-01 1.533204090700423308e+02 8.868522006245850575e-02
5.565772172882462593e-02 4.339504028087680654e-01 1.606935551712789447e+02 7.707697151194430052e-02
5.349413169552389574e-02 4.598317347561011181e-01 1.571956575543839563e+02 8.045226414394716918e-02
4.099078646785740687e-02 4.622868972348107008e-01 1.715168642697824453e+02 1.003842428359292410e-01
4.287127614815718774e-02 4.159217810189169140e-01 1.507800718242595508e+02 1.004409545345078258e-01
3.774353180338280850e-02 4.154069238874824044e-01 1.283981572286891151e+02 1.121252204612757097e-01
3.691548039845476276e-02 3.908428744033636826e-01 1.286851188468049827e+02 1.242696427763095857e-01
3.806254351210291986e-02 3.557405611492914788e-01 9.679843299508348764e+01 1.230252451014473003e-01
4.003600814322639395e-02 2.963657286258137291e-01 8.944122358844578002e+01 1.106012419933309066e-01
3.826140692369737334e-02 3.276669778737554828e-01 8.756127533769878823e+01 1.194235747980151585e-01
4.145376683115502975e-02 3.367345041320595755e-01 8.850351375442002677e+01 1.238058160866003926e-01
3.792880959089182241e-02 3.272229192562084443e-01 9.338615061953797181e+01 1.226294889852228981e-01
3.580366670630577564e-02 3.129238339746376885e-01 8.717544652419276474e+01 1.158339441033084533e-01
3.614189245390071747e-02 2.976079038806070387e-01 8.531597842388299568e+01 1.389748203870620480e-01
3.749271618098883041e-02 3.160542196048057306e-01 8.597424952666575848e+01 1.279879185683504561e-01
3.219263883453390290e-02 2.587041991943377917e-01 4.389158828543388324e+01 1.837373633665120298e-01
3.190912157137620886e-02 3.044864298192192509e-01 4.334697857846115454e+01 1.658342482956524366e-01
3.282391837364156267e-02 2.666385337698385927e-01 4.130418175866184782e+01 1.798881769520758456e-01
3.476073612584825584e-02 3.056721531369381295e-01 2.072783640745953804e+01 2.039305830511785600e-01
3.421821340534791922e-02 2.784842474476254548e-01 2.271380233253044167e+01 2.066656488518265056e-01
3.331797659868757089e-02 2.586939672642097343e-01 2.047039048477799739e+01 2.084826822839170868e-01
3.199340333911048634e-02 1.366330999967848292e-01 2.372642327294783371e+01 1.787175121177367876e-01
3.012661677962555004e-02 1.096569097707256052e-01 2.895344996587379072e+01 2.005000593917769525e-01
3.578256785262377143e-02 1.142381583057238137e-01 2.739363955674078355e+01 2.064106618418581618e-01
3.377839738667699765e-02 9.587303069406635792e-02 2.471498746947094816e+01 2.215487970665873663e-01
3.396381399404400925e-02 9.217653110398491001e-02 2.553639697945785869e+01 2.144487509446503237e-01
3.046230969309740230e-02 1.067569735608049492e-01 2.447397657544465588e+01 2.201693823355313773e-01
3.257783561587895838e-02 8.793814515875848781e-02 2.458961558304006800e+01 2.348414747628750909e-01
3.343479064775896348e-02 8.111899323554414010e-02 2.311160756482617629e+01 2.236573968339535257e-01
3.258297513974914295e-02 9.434367513560230900e-02 2.414212527319979174e+01 2.437676379814082972e-01
3.443832730399758874e-02 9.314324652927968851e-02 2.343243570539924647e+01 2.417861374435991972e-01
3.129662770556776441e-02 9.356920320322417717e-02 2.276053103151561174e+01 2.240793348774399452e-01
3.398183393169049854e-02 8.487832541087383942e-02 2.137105701507542932e+01 2.283424039874634714e-01
3.201389067743708183e-02 8.732118857924442423e-02 2.518141113319692082e+01 2.122967596433446846e-01
3.355126830063701049e-02 3.234781135554191944e-02 1.691772186873812700e+01 2.331265422440859103e-01
3.112156243502152073e-02 2.904800839364697629e-02 1.699239152772501527e+01 2.473671560855314755e-01
3.204969343483989735e-02 3.040177812148914943e-02 1.482751444772491922e+01 2.417732201426160965e-01
3.130882452663578258e-02 2.737438885572869574e-02 1.606860049295363524e+01 2.621995743211297802e-01
3.020451744931608104e-02 2.845733063612099212e-02 1.617349255165913036e+01 2.711729496363031178e-01
3.268341241859756136e-02 2.752751747387365000e-02 1.615683673232281592e+01 2.893501806558677614e-01
3.246842546472986091e-02 2.806671094891412602e-02 1.532167055895354579e+01 2.758795332007955570e-01
2.973550122865962694e-02 2.742503328287160258e-02 1.482015785428659882e+01 2.828292080398412400e-01
3.392551920403815563e-02 2.843611965889456666e-02 1.414527983030711411e+01 2.401715507162760499e-01
3.057472998945824291e-02 3.094247857945237393e-02 1.302245067878589602e+01 2.722547754980371715e-01
2.931674447116870350e-02 2.805933017216429362e-02 1.347694710524765682e+01 2.767173224722464520e-01
3.267337375470170252e-02 3.173401886335882466e-02 1.233034616472668077e+01 2.664817299102138493e-01
3.237491400459541202e-02 3.336537355071928640e-02 1.215926257101038921e+01 2.440282416406373278e-01
3.105884370867100647e-02 2.905082095289985081e-02 1.206761766724466334e+01 2.904641596054248764e-01
3.368374998003458021e-02 3.845767715488956906e-02 4.983235556026014201e+00 2.725648121176806882e-01
3.403389101044071441e-02 4.356470760364284517e-02 4.178221575262048404e+00 2.473138661668917437e-01
2.975253769152968672e-02 3.717307422322931737e-02 4.111050895936556593e+00 2.562536436783934835e-01
3.158413086100370082e-02 3.446027088307671016e-02 3.314433063483984032e+00 2.728861427150899854e-01
3.067848149444308767e-02 4.072644740431817512e-02 2.411724202412213192e+00 2.867450012497603229e-01
3.355170747854939461e-02 4.053692423344656959e-02 2.195016805708764895e+00 2.796901515230165725e-01
3.137659997924109601e-02 4.197011387743049271e-02 2.109057402939255255e+00 2.572867821122289955e-01
3.160050571798673352e-02 4.235578336990813986e-02 4.947550707848436535e-01 3.194175020784039143e-01
2.869985119415621386e-02 4.659139279987575127e-02 5.085505002051795564e-01 3.508163779080447076e-01
3.220901524129716337e-02 4.145628238398779697e-02 5.207597197151995205e-01 3.042426457783888871e-01
3.286893410628573958e-02 5.087685370881233488e-02 4.955909554594267741e-01 3.079965303898200557e-01
3.089182601454384947e-02 4.454169046930244596e-02 5.061554361400222302e-01 3.061365609682847322e-01
3.208951126269639353e-02 4.641380350044264219e-02 4.851232460142338998e-01 2.904555377188015042e-01
3.220885136020302381e-02 4.820869517953210032e-02 4.409281566310860323e-01 3.241763134847064354e-01
3.170772675752665803e-02 4.294872568456895023e-02 4.434225388563586834e-01 2.901210672916469946e-01
3.187507333240461455e-02 4.507569554232177672e-02 4.943605432517516052e-01 2.978358432158983993e-01
3.284980101692026866e-02 4.310810020534343312e-02 4.778049734731827369e-01 3.179904176581097586e-01
3.216114409858887579e-02 4.462876671265981338e-02 4.442106731818680210e-01 2.898416892130370459e-01
3.054354587652325856e-02 3.922800988686010043e-02 4.728968069287288190e-01 3.173053614972057290e-01
3.024897365235054356e-02 4.106631432139388332e-02 4.834439570266826913e-01 2.878899609807404336e-01
3.221872348538874081e-02 4.284671828425491713e-02 4.673468374748142029e-01 3.183298717096684216e-01
3.728010374656674092e-02 3.883309169264457378e-02 4.519790807005139577e-01 3.156586634852373008e-01
3.326962116925089030e-02 4.616403044965574493e-02 4.631715600802393529e-01 3.489151075135140667e-01
3.105432471673288258e-02 4.626968558096648115e-02 3.596756766489060397e-01 3.264282391327061883e-01
3.045005706785648691e-02 4.858640343302449843e-02 3.810524051418995306e-01 3.171522336952684040e-01
3.227459021710885056e-02 4.946411611571775724e-02 4.350756305284378955e-01 3.492723190667371691e-01
3.125341429731606779e-02 4.576308142872027168e-02 3.924667534263399649e-01 3.211865678917978917e-01
3.003132072928463986e-02 4.820744286398416512e-02 3.611040928594238530e-01 3.261344595095743704e-01
3.023467431306152073e-02 5.030283398811431078e-02 3.789582964101238516e-01 2.925197181573088168e-01
3.145599584313817088e-02 5.629219142418308286e-02 3.517371078601737588e-01 2.995081589232010955e-01
2.860095886381424160e-02 4.698836931001341283e-02 3.686089544933189854e-01 3.079275685459249012e-01
3.062408069054337739e-02 5.092091219191513529e-02 3.577965745479540494e-01 3.368171393031454963e-01
2.748322002423031485e-02 5.380774375388359260e-02 3.850413694850807200e-01 2.857841256862920232e-01
3.043259575410502474e-02 5.029936513416906341e-02 3.649079122715537804e-01 2.949934535010500514e-01
2.795903731735343081e-02 4.710709870060240251e-02 3.690623459916799742e-01 3.065803269479747684e-01
2.871632035732908997e-02 4.943838762008066767e-02 3.478368771435131346e-01 3.082719760123534547e-01
3.010714025555853365e-02 4.435077173588953398e-02 3.221062028774794306e-01 3.079231523444480034e-01
3.150308592310006178e-02 4.317822396293666959e-02 3.447726455924830513e-01 3.065536461516042421e-01
3.060537943139454362e-02 4.186984699914597652e-02 3.510438365576096786e-01 3.267257281438466499e-01
3.071121084525030992e-02 4.386680640241941848e-02 3.372389613527160268e-01 3.158257272256454473e-01
3.213661416075543759e-02 4.577729461393048593e-02 3.581069660803295474e-01 3.320260904939391078e-01
3.444232930298446460e-02 4.366975292177542600e-02 3.072475452558023901e-01 3.152503857887279937e-01
2.982569748224182804e-02 4.195642515513538229e-02 3.617007136866848827e-01 3.300572409022928255e-01
3.266859971573887050e-02 4.448401130028886014e-02 3.530261311797872059e-01 3.349318527052224659e-01
3.182884995931874877e-02 4.420730692623085073e-02 3.137227731155155519e-01 3.036848673549802369e-01
2.989993763142919508e-02 4.521137386169137712e-02 3.435011638199484962e-01 3.262296229769962586e-01
2.779998714379353433e-02 4.524286153081012729e-02 3.265299338159456388e-01 3.137956002162998748e-01
3.012396422404691604e-02 4.384377464224264304e-02 3.280809023655352208e-01 3.060059089353516226e-01
3.092716422274432997e-02 3.916573931687642590e-02 3.580189835565101841e-01 3.208603956773792842e-01
3.101087345807421181e-02 4.840255798878251303e-02 3.524356411177601012e-01 3.164986746285574082e-01
3.345858266135671999e-02 4.310286465113161158e-02 3.568214892703507890e-01 3.131394689714304680e-01
2.989347912057279538e-02 4.376577605671636700e-02 3.433264690966710275e-01 3.119962835956218705e-01
3.051263033183049603e-02 4.681749439639832505e-02 3.437807474877416225e-01 3.065096115501262930e-01
3.140530935786529226e-02 4.364940307901342409e-02 3.607201502854009423e-01 3.041654987002805344e-01
2.958220111944645861e-02 4.430239556866218814e-02 3.157006131210076116e-01 2.955192543260368176e-01
3.111195750883310671e-02 4.318631223742516040e-02 3.002293031917230293e-01 3.243488705684354767e-01
2.871202049498062722e-02 4.473857280855596946e-02 3.423712396356345389e-01 3.299650386477074315e-01
3.031897274347714402e-02 4.714019622625881950e-02 3.234663804060534109e-01 3.034728571313013434e-01
3.023181333249809130e-02 4.205564373370964532e-02 3.141572043170722806e-01 3.159026367625355491e-01
2.986912495930234973e-02 4.806571224946851878e-02 3.540168840616622625e-01 3.063045784271986038e-01
3.100365703818544136e-02 4.673194245316557305e-02 3.370399983789573173e-01 2.991091940051364140e-01
3.308801865436686307e-02 4.285395736463304406e-02 3.274938471689707864e-01 3.146748754046577723e-01
3.024004152682093285e-02 4.627901248856138017e-02 3.391949384418070368e-01 3.087201366636696531e-01
3.000887390899214732e-02 4.689233688652218873e-02 3.367891614850610504e-01 3.012297435340021701e-01
3.007670259075719693e-02 4.225731331597113588e-02 3.171917976783697468e-01 3.230859581850720752e-01
3.021629179286659111e-02 4.745999982134856826e-02 3.570184732218815715e-01 3.231837299340692971e-01
2.996274055475644030e-02 4.786370079873693284e-02 3.239384228146103828e-01 3.160694088027306003e-01
3.150310710269114273e-02 5.318333240763031128e-02 3.264504806585561414e-01 3.221273791661044550e-01
2.872197055100710397e-02 4.432279298969909326e-02 3.364512261456618081e-01 2.827077148146509011e-01
3.396347497250486874e-02 5.090162906097452089e-02 3.234597849067177844e-01 3.181381550427019866e-01
3.123619565316064148e-02 4.734562172121965784e-02 3.272246716633094854e-01 3.153394054580459516e-01
3.153678618711950460e-02 5.523952274057204043e-02 2.740029477940153502e-01 2.860761892578567722e-01
2.919801810261635905e-02 5.406714336499640616e-02 2.724101778461827661e-01 2.926693472497394199e-01
2.929989502890078049e-02 5.495508875846875224e-02 2.874197657625678914e-01 2.993233684831059782e-01
2.987925991073060727e-02 4.886069389797654400e-02 2.328161592374354549e-01 2.981084221744360052e-01
2.809694381102681437e-02 5.127116090731155540e-02 2.432119154674708128e-01 3.212788520569877515e-01
2.732793202814078407e-02 4.910901409623388836e-02 2.316925721828534679e-01 3.089060890635262902e-01
2.834372889424798328e-02 5.170040120937555855e-02 2.477663831773144476e-01 3.281520854280730592e-01
3.025428215751516450e-02 4.803378680034157966e-02 2.572545670886605129e-01 3.330651901944773896e-01
2.996839620813814345e-02 4.745979182542570812e-02 2.570912791391920527e-01 2.967636409248174956e-01
3.260272382229432303e-02 4.802769827536927660e-02 2.416049539552816983e-01 3.203811889261344303e-01
3.040990913539203672e-02 4.638572578311230682e-02 2.601876896100605019e-01 3.047050912279168911e-01
2.867679010511075752e-02 4.650931498624706617e-02 2.237212293479881320e-01 3.071818706592077675e-01
3.070329720068476140e-02 5.194225286465181668e-02 2.660145184078890890e-01 2.919110348579017633e-01
2.827733454051420750e-02 4.918938229441968679e-02 2.376371843612283541e-01 3.123254440125841080e-01
2.939072246956894383e-02 4.980196467933239307e-02 2.340883979807235893e-01 3.012324327023653270e-01
2.934268536703834793e-02 4.829444211180754232e-02 2.238823460703350809e-01 3.076729280243480358e-01
3.197278844178097490e-02 4.499349872405821599e-02 2.519497624519488332e-01 3.073825067922575371e-01
2.939915359666361167e-02 4.721842996776811491e-02 2.484747601843525777e-01 2.919387161976060852e-01
2.876768301372614398e-02 4.592865391219210641e-02 2.273652349350716029e-01 3.232668370934439483e-01
3.080235973186491727e-02 4.859516707456979639e-02 1.979360796279119039e-01 3.004605894897510177e-01
3.181003563534850337e-02 5.271385235088549281e-02 2.085080377200454194e-01 3.113429897892370790e-01
2.986136452644579109e-02 5.037100570971324298e-02 1.968475823546347592e-01 3.118648697705998507e-01
2.884767041949545460e-02 5.255912937680148889e-02 2.094096860425826157e-01 2.943137918832862687e-01
3.323670744248988229e-02 4.700955763022503925e-02 2.061165652225149802e-01 3.427120966500156740e-01
3.272535040237471715e-02 4.970814988729823497e-02 1.919764514218117446e-01 2.875950177824949106e-01
3.458529773845938488e-02 4.933629003222401999e-02 2.057581458229968685e-01 3.135025986342824811e-01
3.351472319027717917e-02 4.528717070605817185e-02 1.876546234124341628e-01 3.451380437011470903e-01
3.067964149756397321e-02 4.573771430391441323e-02 1.989096761919562084e-01 2.939878391066150787e-01
3.300645880302327528e-02 5.227076560833827934e-02 1.836209800163007000e-01 2.762979523084799216e-01
3.059958451752802303e-02 5.075112673285221698e-02 1.862024702183793234e-01 2.733613949431529244e-01
3.056310100686896944e-02 4.670762421141949616e-02 2.072645061546485867e-01 2.904725151323614973e-01
3.082540093047160881e-02 5.063392876615301769e-02 1.692369278609381356e-01 3.009347106156479157e-01
3.067366785839844082e-02 4.734568943343266806e-02 1.747794146367857571e-01 2.998384594947650084e-01
3.094840729666814561e-02 4.714932058011309102e-02 1.740875863437591486e-01 3.056903137153928474e-01
3.251865122363552935e-02 5.399783506553639673e-02 1.834913647004863535e-01 2.995138403914933689e-01
3.360513160150816608e-02 4.902677247612548250e-02 1.616821039766792867e-01 2.922777758146972715e-01
3.073617941482771274e-02 5.080874767800511865e-02 1.713371950161113877e-01 2.930433357162299801e-01
3.132654498719290859e-02 4.688255329054401982e-02 1.872105974416886087e-01 3.414733433560785403e-01
3.043870584461918702e-02 5.498011113698436647e-02 1.714116498970605917e-01 2.991726105271066416e-01
3.042979802075442691e-02 4.900826474410360789e-02 1.611890394584119257e-01 3.243136723574202018e-01
2.913687914642307600e-02 5.145038088044009278e-02 1.920442936130969114e-01 2.975064977564295665e-01
3.118602564804958885e-02 4.732451897133852642e-02 1.852106993900383136e-01 2.865265021437580217e-01
3.088615151641872780e-02 4.935359469940705374e-02 1.730507611606625085e-01 2.960960810813745292e-01
3.158291183941703412e-02 5.219633394697999196e-02 1.726670818883221936e-01 3.134698801262471024e-01
3.075143679584790499e-02 4.524072429745535501e-02 1.815480470848213068e-01 3.345953653654811233e-01
2.814793576042096471e-02 4.760790169790132115e-02 1.685154371615535662e-01 2.871422018621678229e-01
2.835141951067921690e-02 4.722584725214967749e-02 1.810611050341939809e-01 3.222419937478862018e-01
2.904152880811484289e-02 4.825735942388809097e-02 1.852429180765503280e-01 3.040977068675138617e-01
3.030890505793623624e-02 4.887517631158338344e-02 1.640170940014902545e-01 3.349521428075241669e-01
2.828710005188656701e-02 4.242575587297146150e-02 1.835755312204127576e-01 3.165188335731188851e-01
3.251922269285034001e-02 4.464182750191068860e-02 1.673009116633801530e-01 2.870506395402079303e-01
3.255758633810459240e-02 3.974218782381021275e-02 1.738027672733825635e-01 3.242265305523400754e-01
3.072746140037889775e-02 4.610796996926394553e-02 1.688884663307372025e-01 3.174040416956655508e-01
2.763367842844427838e-02 4.648838403910772465e-02 1.690179241408390209e-01 3.050326085619460281e-01
2.914522127349249495e-02 4.431863487420669573e-02 1.742963883816258386e-01 2.967538247266080509e-01
3.120012723794088685e-02 4.136077225421121856e-02 1.733885573184961448e-01 3.433995704137011162e-01
2.971987136901257237e-02 4.688300460470522929e-02 1.680362650003772440e-01 3.078554653113580453e-01
3.182197767066681504e-02 4.645386415740346969e-02 1.633739259125446264e-01 3.114146363669898498e-01
2.855699236631858290e-02 4.870743314844062227e-02 1.588053092530673505e-01 2.948689309891441290e-01
2.710779989384181840e-02 4.084012496023387701e-02 1.660306200236504881e-01 3.066129169515942610e-01
2.940603467653992234e-02 4.543218511397735526e-02 1.570284074952099096e-01 3.154399982231111399e-01
3.042932209405989699e-02 4.589296297035366790e-02 1.616167476325121588e-01 3.130656786121586710e-01
3.083170008969123022e-02 4.696733460573904173e-02 1.578172828582904974e-01 3.182826109356924338e-01
3.150229606325505999e-02 4.588264782534929448e-02 1.699827176697378261e-01 3.013703980829085527e-01
3.238307763030974507e-02 4.412084273531220735e-02 1.702207798979092912e-01 3.356137308471919822e-01
3.076483764604832916e-02 4.743657109936316729e-02 1.783042145273111279e-01 3.102371472822227916e-01
3.007486170294457542e-02 4.967147221899358839e-02 1.639278299396472738e-01 3.269610374591649937e-01
3.277632540269420636e-02 4.463337167064530819e-02 1.671356232038962164e-01 3.287212647428758849e-01
2.933410526424261311e-02 4.324294368385826759e-02 1.760948164609541788e-01 3.454475126157819931e-01
3.152986122372412880e-02 4.493624747866386410e-02 1.748279094196648342e-01 2.927732334922855673e-01
3.136938606569491389e-02 4.537756225250279274e-02 1.539982044602513089e-01 3.012046377883778048e-01
3.005531313744022257e-02 4.711177112601570849e-02 1.693106017018078946e-01 3.252812457378026489e-01
3.126049417663169516e-02 4.272042559658621730e-02 1.547137365007666687e-01 3.298376289403361361e-01
3.334843003614705592e-02 4.561795223298049928e-02 1.620160614189399551e-01 3.029706471626293918e-01
3.048545172911157342e-02 4.454036262868382029e-02 1.512110105482304956e-01 3.010054491117225006e-01
3.106994360216958420e-02 4.463018783753346097e-02 1.613129096964813769e-01 3.172517483524445736e-01
3.077228838992960430e-02 4.655642736667325171e-02 1.611125951620144270e-01 2.915711209847942631e-01
3.040603138186118160e-02 4.592224518018628993e-02 1.546883700302603137e-01 2.846170737135464424e-01
3.020825922995338392e-02 4.649139582983323471e-02 1.604986010746176361e-01 2.923457271003463420e-01
2.910194617379914875e-02 4.658121405260821912e-02 1.630290815310241614e-01 2.924186466177141064e-01
3.182649831346647668e-02 4.398154814150376929e-02 1.560243063162161659e-01 2.967265445800076340e-01
3.338437389661156468e-02 4.569750425488102591e-02 1.666883894977009006e-01 3.055837425177571065e-01
2.721751298139656050e-02 4.429869609364262689e-02 1.732475758784175757e-01 3.035416771652535428e-01
3.134293604385152143e-02 4.478960688770652898e-02 1.567024238928522994e-01 3.376101786307689201e-01
2.978176976841280174e-02 4.374970452307115620e-02 1.776551502511123093e-01 2.730975368256139402e-01
3.031600344935499527e-02 4.128029397054432115e-02 1.804353200965642112e-01 2.837967299095557894e-01
2.955681489973160589e-02 4.134761171965565391e-02 1.658702089136264435e-01 3.082551011259010987e-01
3.024323816767968132e-02 4.148161830033036263e-02 1.748419799679058750e-01 3.003943093096642647e-01
3.283995562065655099e-02 4.532748163531123003e-02 1.880614837922135185e-01 2.797396481261091861e-01
3.049874416096733099e-02 4.262870186852103782e-02 1.657281021293820766e-01 2.781318169348299119e-01
3.036855798502354625e-02 4.177322258547985084e-02 1.551537390626675783e-01 2.905812430398754254e-01
2.879058171442289496e-02 4.218202729885912883e-02 1.977191084300392032e-01 2.847293288931056487e-01
3.188013165608007821e-02 4.771034613326807089e-02 1.615164799142996543e-01 3.421330142287243858e-01
3.243292514884765082e-02 4.262649223549138527e-02 1.607164052745277683e-01 2.934958750634533153e-01
3.161758237581942244e-02 4.324914791904308636e-02 1.679994014967965132e-01 2.932897370163771167e-01
2.847880294504274989e-02 4.626379452270830417e-02 1.628859426847289460e-01 2.879386725786786672e-01
2.884646471813381505e-02 4.504580176084088672e-02 1.598327892777735570e-01 3.082874304285838085e-01
2.943510451404190292e-02 4.205913883981753087e-02 1.751696468776363369e-01 2.977945998934608540e-01
3.070428557542941722e-02 4.523211753513534106e-02 1.655390582715763614e-01 3.055948423633454425e-01
3.147681109141863692e-02 4.503447875103227388e-02 1.631616661726577877e-01 2.898362911421920041e-01
3.244087918221640748e-02 4.112744721399504144e-02 1.602185237259562411e-01 3.051006466442405807e-01
3.044335765390100701e-02 4.513676095284211570e-02 1.628810997173095743e-01 3.019545948619420939e-01
3.171190657806387952e-02 4.627317940288882409e-02 1.351122183379636355e-01 3.123692886493615872e-01
3.536517330461688008e-02 4.672471883544362936e-02 1.548466337255492709e-01 3.018387727229762674e-01
2.931002327671720573e-02 4.224088038966845871e-02 1.556717716061801204e-01 3.146279676003749803e-01
3.160113145938307777e-02 4.444638850422496373e-02 1.594641926823285871e-01 3.015402980058276561e-01
2.767078478999883753e-02 4.698265385992105025e-02 1.619170958848743791e-01 2.849120753160813702e-01
2.993757735306181236e-02 4.728014763726537395e-02 1.668662155703151961e-01 3.113540493938144471e-01
3.236330602911331733e-02 4.510870862661687380e-02 1.617615557304927232e-01 3.198300418254724220e-01
2.984313316037554009e-02 4.460199017288284801e-02 1.604927358707008145e-01 3.052144941426141456e-01
3.043359541762583401e-02 4.269151116663044698e-02 1.560533618741945794e-01 2.959198606694456446e-01
3.005446896059425430e-02 4.736392140437260118e-02 1.641344657650137262e-01 3.196736406292102206e-01
2.883138210430026549e-02 4.785178031422186729e-02 1.534341799850852395e-01 3.087843443075946603e-01
3.123939058226697651e-02 4.519206241487551401e-02 1.676758913674991358e-01 3.514380102438177111e-01
3.478689702193922539e-02 4.617481316526865498e-02 1.624982170115830127e-01 3.186266164934350997e-01
2.949520627746717027e-02 4.102449073369212468e-02 1.516009316378862659e-01 3.231502238235267610e-01
3.168514035606653095e-02 4.362512639007763704e-02 1.519571715968001113e-01 3.139898470935352792e-01
3.050993832653703733e-02 4.306447705252099134e-02 1.525468345206309195e-01 2.961597003048923038e-01
2.881095239237185107e-02 4.981102599559927846e-02 1.580803142016290741e-01 3.191204899726138300e-01
3.120977452019112544e-02 4.305573953760862688e-02 1.667041821358929421e-01 3.257605319765242147e-01
3.124298334982743980e-02 4.633378068304290498e-02 1.659632584282793866e-01 3.258306222911136474e-01
3.220931544994377199e-02 4.310585698091357748e-02 1.664841112674555756e-01 3.109388890907267000e-01
2.966785138018243270e-02 4.779153431491207221e-02 1.639181695413601536e-01 3.046408488819312144e-01
2.917172410733415155e-02 4.334272451520881225e-02 1.775395261803851821e-01 2.885890177814736113e-01
3.063411201045818794e-02 4.369236955435874120e-02 1.620308545601722439e-01 3.294331218509354287e-01
3.272917070775929055e-02 4.425886580218978822e-02 1.514207966407704331e-01 2.843052685014875736e-01
3.322188015034946429e-02 4.821997725957926501e-02 1.646316586417909955e-01 3.193479784803636146e-01
3.073886420890346513e-02 3.986000103713446818e-02 1.837233695989576865e-01 2.943454277604505842e-01
2.857207171050424668e-02 4.450170159006258674e-02 1.617290332282395326e-01 2.936086959106304906e-01
3.067943200647565982e-02 4.821376108781415259e-02 1.651428412926990719e-01 2.859109348688312902e-01
3.301343881115296336e-02 4.293903061609229826e-02 1.569870410262806937e-01 3.229141232963769759e-01
3.172512620177257714e-02 4.460772660923546101e-02 1.612384777042608353e-01 2.911326825069068813e-01
3.420319668457762891e-02 4.300674698249944139e-02 1.526241796869824419e-01 2.776082212563351637e-01
2.918457661714096013e-02 4.430496697373732112e-02 1.578290938459011861e-01 2.913841251742220195e-01
2.972441886324272975e-02 4.204381926059775482e-02 1.599274241396311247e-01 2.891123673667016503e-01
2.694460806151719248e-02 4.137878477866549498e-02 1.669315518424749623e-01 3.101978553558124019e-01
2.911600406151350698e-02 4.202136697181180214e-02 1.516660395846003151e-01 2.880240314401282253e-01
2.948983281136158957e-02 3.822142432330667000e-02 1.807089729962410296e-01 3.194128300928127939e-01
3.065905596946139067e-02 4.498225954828094508e-02 1.787578707624515317e-01 2.992870924043330438e-01
2.798651029261403980e-02 4.057328990596863194e-02 1.790633559927631846e-01 3.413924272658114267e-01
2.868444819123738138e-02 4.758775164447918982e-02 1.531129030516210632e-01 2.985060371900874476e-01
3.231979014773445763e-02 4.442138346187867598e-02 1.658951029280589518e-01 2.892851846375382729e-01
3.020221921606411689e-02 4.415823722684604491e-02 1.444865003459002151e-01 3.141758177040213096e-01
3.128126626735852622e-02 4.785490769900627162e-02 1.629418737658403782e-01 3.046464979935454842e-01
2.956122957957621825e-02 4.182294367573255456e-02 1.838535257598091777e-01 2.972934738423863021e-01
2.878467842473737479e-02 4.529647901950605710e-02 1.691529049662033879e-01 2.758213188155314022e-01
3.038150077951355318e-02 3.920502887531660680e-02 1.428635295869662425e-01 2.783120354823433451e-01
3.031273985355725786e-02 4.538663329945070296e-02 1.598519876485280655e-01 3.312067767631466375e-01
2.999184341665146747e-02 4.165880995053977687e-02 1.725083862735707352e-01 3.416640670539484170e-01
3.255655867169921641e-02 4.271088853131702751e-02 1.597532352022699997e-01 2.840845425234249100e-01
2.745226437071712766e-02 4.186854258009986562e-02 1.596696845630017070e-01 2.986139234693434008e-01
3.156676590950477368e-02 4.424755086830826217e-02 1.639263933248731875e-01 3.247255548477222531e-01
3.056171324790969007e-02 4.304565693882191069e-02 1.689756444939847779e-01 2.766588851414115702e-01
3.502623756674735911e-02 4.209137008996256812e-02 1.570133866198361039e-01 3.198309307152102376e-01
2.990620842077903671e-02 4.472409399761832077e-02 1.582287329084581251e-01 2.854693050193710113e-01
3.298551946321147399e-02 4.047059746846252276e-02 1.550012862367322608e-01 2.948765611263260977e-01
3.025673164793789977e-02 4.544660236403470777e-02 1.635687279783210601e-01 2.875961794561937013e-01
3.474528965942930148e-02 4.056905270412847209e-02 1.700529359677052377e-01 2.961127414757344645e-01
3.170354257939219517e-02 3.867049618185076226e-02 1.777637262082358838e-01 3.136648326323692171e-01
3.016075355587156254e-02 4.568324001946138385e-02 1.442454262164278300e-01 3.168260348258674086e-01
2.895561680575755095e-02 4.412268245998052923e-02 1.668129371649942350e-01 2.991382484208290338e-01
3.142729652607502422e-02 3.971581040723502765e-02 1.684418296411089588e-01 3.121057269369300613e-01
3.140485057876710173e-02 4.313771815969864171e-02 1.572672691687285462e-01 2.922130463156716318e-01
3.208550874559537580e-02 4.440757371639928591e-02 1.609243322711937096e-01 3.191819778212746650e-01
3.284862474715871672e-02 4.152655174703083485e-02 1.671608475091742319e-01 3.334397311449737722e-01
3.214487373235895562e-02 4.490494767345633298e-02 1.603071108385066001e-01 3.215262895883105876e-01
3.019473547794915627e-02 4.150993672090196734e-02 1.616416659754999485e-01 2.941156211230663842e-01
3.184882632742513237e-02 4.096364398960616882e-02 1.664917073903249833e-01 3.130565809053573734e-01
3.146974750854784897e-02 4.625267305808569707e-02 1.559876697548416846e-01 3.089159609544538942e-01
2.931484256629059496e-02 4.176465447414685894e-02 1.718035421582042033e-01 3.304650605900176230e-01
3.141227063587920948e-02 4.569447169633384515e-02 1.609747701258158470e-01 3.071518014663555118e-01
3.234477804970722209e-02 4.849497418817928784e-02 1.449965553608071611e-01 2.935355712151743179e-01
2.977551782908954142e-02 4.492852023448740822e-02 1.483397743767594368e-01 2.984536048058085145e-01
3.356545730096739677e-02 4.401431634153657457e-02 1.600440108957800200e-01 2.916384895349205530e-01
2.975096443413555169e-02 4.247970791381951855e-02 1.757460672287390058e-01 2.816646861501517218e-01
3.037556274715356650e-02 4.738982296773178865e-02 1.548144845339421705e-01 3.164861148178838568e-01
3.495469536225262464e-02 4.371782270557304090e-02 1.440292299562200562e-01 3.154556908538043714e-01
2.870190319982672544e-02 4.155330024269780764e-02 1.588384622605255592e-01 2.908073003992711070e-01
3.094237899511691897e-02 4.150852453777185980e-02 1.657334301491700801e-01 3.064661763728471766e-01
3.163800203188151666e-02 4.210109415437401914e-02 1.648952099654763526e-01 3.027025209892724167e-01
2.931416805107900370e-02 4.367000901896015558e-02 1.566963981961455865e-01 3.275465856681748500e-01
3.229498696589252343e-02 4.479786104118500117e-02 1.753002836253040320e-01 3.332387971804086635e-01
3.052710874573234118e-02 4.283938149293876202e-02 1.735444977306332126e-01 2.889626360316929765e-01
3.070163432002571968e-02 4.036979745069781828e-02 1.542810737142824851e-01 3.033551472731900733e-01
3.441327366848637159e-02 4.650276623503361850e-02 1.705810737033625901e-01 3.182105421666013290e-01
3.033656985008445495e-02 4.501859707176324166e-02 1.809784432149954825e-01 3.198033017921761978e-01
2.891033817380606746e-02 4.628688269990601650e-02 1.682303017165905357e-01 3.062657272596365776e-01
3.061536447678210593e-02 4.730911735912748245e-02 1.559462455223185051e-01 3.246308009221228752e-01
3.357897675562103446e-02 4.646387966466541258e-02 1.688743773739130594e-01 3.023455950432140660e-01
3.117671717955190769e-02 4.381546265061006529e-02 1.505284477388572073e-01 3.108635395726285222e-01
2.983936576026447948e-02 4.719819414612562436e-02 1.605040844987275228e-01 2.767904170962383614e-01
3.111417501407051645e-02 3.946071821788990630e-02 1.624553548434989891e-01 3.317670043253448942e-01
2.993692922809089094e-02 4.652209281925537981e-02 1.562775821068845550e-01 2.981048012421862459e-01
2.995689655403618867e-02 5.251056434887101804e-02 1.628631067575309344e-01 2.826917015422931168e-01
3.052605918058550263e-02 4.455984678917504493e-02 1.785837640539678639e-01 3.213417694899780019e-01
2.973173400504552227e-02 4.417256544577087551e-02 1.609282369862383988e-01 2.889584587575562136e-01
2.903190330120215129e-02 4.332934824634966653e-02 1.658503196412703662e-01 3.113589140168437353e-01
2.888158332987508098e-02 4.285896958402706652e-02 1.564485258795618172e-01 2.913766677626078438e-01
2.842270390866490776e-02 4.649215060317455489e-02 1.707627315573265470e-01 3.218889527072852363e-01
3.269189380001608775e-02 4.196247360656446546e-02 1.665767484715315605e-01 3.104664687780934740e-01
3.222648259255209841e-02 4.348924558539855878e-02 1.588631503052353733e-01 3.067282267714016020e-01
3.046561688937284018e-02 4.421822054359435955e-02 1.595993486990641697e-01 3.075061715739395574e-01
3.315753567098059934e-02 4.274903129398506529e-02 1.648328709904227363e-01 3.095880497393665998e-01
3.580814288546686763e-02 4.218399373267760905e-02 1.553345678346604586e-01 2.872608219825976694e-01
3.159282413983732080e-02 4.666947799546351111e-02 1.616829115775665904e-01 3.014245511381385412e-01
2.943701360749949314e-02 4.473627674646978719e-02 1.569019904367240092e-01 3.228613462858549443e-01
3.172804750547567748e-02 4.133205687465565936e-02 1.597942428759790423e-01 3.114714935137429808e-01
3.173316527534161824e-02 4.450062452274505115e-02 1.700701370626101494e-01 3.081614936405386307e-01
2.982263377381804206e-02 4.567733417498691384e-02 1.695119493056685411e-01 3.148658873354892584e-01
2.875386681818669840e-02 4.218066523412691143e-02 1.641339507970166478e-01 3.003237579934796564e-01
3.092129998275524802e-02 4.247208739055360893e-02 1.782303243660628422e-01 3.167228408701075471e-01
3.127061472361027106e-02 4.350079461091447414e-02 1.646997516257429073e-01 2.926834072753784488e-01
3.170329492161425011e-02 4.048507714800361756e-02 1.662591526825823451e-01 3.253543703885078409e-01
3.067281887890306244e-02 4.424052403488717283e-02 1.614501906006031717e-01 3.215032344899259042e-01
2.967458406768855653e-02 4.436176659875624984e-02 1.561281193225340924e-01 3.032310776392064811e-01
3.010812378818426144e-02 4.483110678554325795e-02 1.686634041486675673e-01 3.049531118547992858e-01
3.278303749143000184e-02 4.215357789593174309e-02 1.574281351034341747e-01 3.095064092174537040e-01
2.564707814508112096e-02 4.617968543542864263e-02 1.748258654360352327e-01 3.453968878831181200e-01
2.818501555994963603e-02 4.440025510344572379e-02 1.671196862000785266e-01 3.016134463891948503e-01
3.096575014302695508e-02 4.174406263884346963e-02 1.657798315330643868e-01 3.013218511733122273e-01
3.084529896363306933e-02 4.151136624611544146e-02 1.659198803657958299e-01 2.987205278684804677e-01
3.238057898476333352e-02 4.485806115213222117e-02 1.677112374090496683e-01 3.138865130108337009e-01
3.080932847239339217e-02 4.802885829959068625e-02 1.606615384952219394e-01 2.932274589179343360e-01
3.002495234021623771e-02 4.163554230904988052e-02 1.609294758995738484e-01 3.032140430933668029e-01
3.062158874706385342e-02 4.540881885354234454e-02 1.667213322365606321e-01 3.260805718724891222e-01
3.043216428876868024e-02 4.219361292709353228e-02 1.685941392815488715e-01 3.021838263495532084e-01
2.925225028810986283e-02 4.260771494788315877e-02 1.488912840513531288e-01 2.929445892432204213e-01
2.921706007529241769e-02 4.418587358361657225e-02 1.615389928780266160e-01 2.793359711760656783e-01
2.805388350462924285e-02 4.509878332501412318e-02 1.636136382211973161e-01 2.840237949149280183e-01
2.964158460526369193e-02 4.054924731503817964e-02 1.554411360710939993e-01 2.740980132671433367e-01
3.050274439571461216e-02 4.308432572835892149e-02 1.645855218281979115e-01 2.967505593137036435e-01
3.840967352118352524e-02 4.212371215825589515e-02 1.694055871975010952e-01 2.984425013233284463e-01
2.861213323440266534e-02 4.038276950604178378e-02 1.556098507955201438e-01 2.778525899855193160e-01
2.937804601145736078e-02 4.057552792936777036e-02 1.720690624230389321e-01 3.129034682908991560e-01
3.050984876299223797e-02 3.823802209960738829e-02 1.694805669367768219e-01 3.257007957145026111e-01
3.162322446010545907e-02 3.986262828124793878e-02 1.499678198663814965e-01 2.996053733199406377e-01
3.035919520934251756e-02 4.159282969430839333e-02 1.621899455972375947e-01 3.102783269635793761e-01
3.058352009608852548e-02 3.909357011374384183e-02 1.613423211117490097e-01 3.313168966762449208e-01
3.094026759865993112e-02 4.186548368675176851e-02 1.623910097327297963e-01 3.184502110722306489e-01
3.127680477144051396e-02 3.905449313746730405e-02 1.593557905477668568e-01 2.904342508544519585e-01
2.936473441032075998e-02 3.806849325640215831e-02 1.733684135699072870e-01 2.869336907079506616e-01
3.036465500455313299e-02 4.319360784931446096e-02 1.633473780473966575e-01 3.186926332779884130e-01
3.285617397807395756e-02 4.253595203448207185e-02 1.648019349991609039e-01 3.032841994426829779e-01
3.167142758199790326e-02 4.004090591738326127e-02 1.518795746867656338e-01 3.193396085085448699e-01
3.044381825711771697e-02 4.263752860551837942e-02 1.698579851228972648e-01 3.155954466141351333e-01
3.083106901285669749e-02 4.765758117477195827e-02 1.672227249072948119e-01 3.161556274835574665e-01
3.302456788985664443e-02 4.349564930050955902e-02 1.495519286233414069e-01 2.971504526611156161e-01
3.232082313049409322e-02 4.230350612649204367e-02 1.495916616374339536e-01 2.961432540866171803e-01
3.016557788467036372e-02 3.780772386986489680e-02 1.451933504259117769e-01 3.455029797337130226e-01
3.121067325485336191e-02 4.399172338261936321e-02 1.488641339683053344e-01 3.080014962594879724e-01
3.083963256557405164e-02 4.138091193044046018e-02 1.606459337373708218e-01 3.045264252689366957e-01
3.262751938655907014e-02 4.093960065645693702e-02 1.560959989576790330e-01 2.792385436711941060e-01
3.228035413071907861e-02 4.266746381812749206e-02 1.723714102978857188e-01 3.050434309659891818e-01
3.352467334647267483e-02 4.057973066252409250e-02 1.481089627474375114e-01 2.967013128073405781e-01
2.931221501495755166e-02 4.351153383163457178e-02 1.654507183983945362e-01 2.720989029249728519e-01
3.231962613313069804e-02 4.137089523320505724e-02 1.560283191466657060e-01 2.872114032581042364e-01
3.207931167564600367e-02 3.930568672044493922e-02 1.552701188737288240e-01 2.974268357500980398e-01
2.848313338563034786e-02 4.194505222260370286e-02 1.480552320600858618e-01 2.875812202725093747e-01
3.351671683221560394e-02 4.392289179906146146e-02 1.537253967955474754e-01 3.234273852444068953e-01
2.701607997549646673e-02 4.026748885579093523e-02 1.538121842180323051e-01 3.286126018359589174e-01
3.374602605243783721e-02 4.330813558901921295e-02 1.751373059604484639e-01 3.065115797589370028e-01
3.118808928167936603e-02 3.978849104611770909e-02 1.533912992924003071e-01 3.012557495740370572e-01
2.949299538783957397e-02 3.853978412167591294e-02 1.632117913872132009e-01 2.964087633760264517e-01
2.791015384702511676e-02 4.086796324332585967e-02 1.532805332575327972e-01 3.178497722995348718e-01
2.905897457909980761e-02 4.293142018751922723e-02 1.642200249733654083e-01 2.752310918592933975e-01
3.104778389516837239e-02 4.300570043427300038e-02 1.555567589539822437e-01 3.091319706490360253e-01
3.335536806553883460e-02 4.348841137449919320e-02 1.590610829188580100e-01 2.721650099206098794e-01
3.133328052392887753e-02 3.972602759823615215e-02 1.720008632026452655e-01 3.117158736109073569e-01
3.106836755467879893e-02 4.200394864568601783e-02 1.632547693485895679e-01 2.982332872006653868e-01
3.455191819535015363e-02 4.141427037982610415e-02 1.745670896882947631e-01 3.087209997651956250e-01
3.039094984822220125e-02 4.415544396380227665e-02 1.603412584938016805e-01 3.092249563286006420e-01
3.334765575557573775e-02 4.335249917569192896e-02 1.620629487319933948e-01 2.973915694127146070e-01
2.963166943282088267e-02 3.789466695950822334e-02 1.595360982006432116e-01 3.062591153131595245e-01
3.255347880049252324e-02 4.513259773969364314e-02 1.517942768827713063e-01 3.011740588500779747e-01
3.044421304025000941e-02 4.248284174853758643e-02 1.588998547296540387e-01 2.923860684687208389e-01
3.085546842998842729e-02 4.851426057150624166e-02 1.644322263683941077e-01 2.869468665515064743e-01
3.237038176441194015e-02 4.609735836482689586e-02 1.803247329753304151e-01 2.935658949440046461e-01
3.244871866645876457e-02 4.411057085903639929e-02 1.574505515531370303e-01 3.058652062178467412e-01
3.204424174962747923e-02 4.349129224485000222e-02 1.446327639083020145e-01 2.922837827193001115e-01
2.921047426924449839e-02 4.349086811907205974e-02 1.514540893339950678e-01 3.001475943395399693e-01
2.896987763855105383e-02 4.135461068148141295e-02 1.751601508315691613e-01 2.812153585037470149e-01
3.280121496426774419e-02 4.739059919268536619e-02 1.562127188901254182e-01 3.303860380503297889e-01
3.085934379023648824e-02 4.527189936217079075e-02 1.457270769309015890e-01 3.310782790628122862e-01
2.928166504562142516e-02 4.298506013569072109e-02 1.615007523884786633e-01 3.091834132916325695e-01
2.984174873589430857e-02 4.139456688997936173e-02 1.484260706302773514e-01 2.805383290289134579e-01
3.154676048527916415e-02 4.184598103681079484e-02 1.605394394909261391e-01 3.175109998933718369e-01
3.290552997026255366e-02 4.219082120607241249e-02 1.626767452686716520e-01 2.923227666710957462e-01
2.892024665094020119e-02 4.130974300230694229e-02 1.745870738823593893e-01 3.140167337122543589e-01
3.210436688862295523e-02 4.350927399573407961e-02 1.595228552108812758e-01 3.038632390802102901e-01
3.105067487837655238e-02 4.016605463452786046e-02 1.728607789536175665e-01 3.125357612341356228e-01
3.258382457040009950e-02 4.014811316082521342e-02 1.556017485823917579e-01 2.911521201865975850e-01
3.163784234765183029e-02 4.154962536784816834e-02 1.643526345325732052e-01 3.008499957640150546e-01
3.125397768221902656e-02 4.068213276755092839e-02 1.708111462065780850e-01 3.147926598397949305e-01
3.276570880568119987e-02 4.361069175178405866e-02 1.607451630686163868e-01 3.066412071534768136e-01
3.388186219778031166e-02 4.578024696742100108e-02 1.692160165050484444e-01 3.076982978255610734e-01
3.092261053564027487e-02 4.498393994798899342e-02 1.697948538645628058e-01 3.058259202826645873e-01
3.432884269285493839e-02 4.172165145275972403e-02 1.761440859236303169e-01 2.979749720862229223e-01
2.964329664702592890e-02 4.492084997661569684e-02 1.773278222867149534e-01 3.156954121909492650e-01
3.130988647021696464e-02 4.499746787488134031e-02 1.524975107293543020e-01 2.786820422019751775e-01
3.496563749211360067e-02 3.840179706958975897e-02 1.527252777875591494e-01 2.995004194638933304e-01
2.996064644514478958e-02 4.145405851075374681e-02 1.570170525094014558e-01 3.025344132864250524e-01
2.887305207113698841e-02 4.266738575712572534e-02 1.603027119986109861e-01 2.966122695844349288e-01
3.101367314154037172e-02 4.569413127822414405e-02 1.671115452991551176e-01 2.679822039319045834e-01
3.105703707569282268e-02 4.401269225122182716e-02 1.566958475565019271e-01 2.865640304574434416e-01
3.310507626968092060e-02 4.399985711601500649e-02 1.572239749477876147e-01 2.937031004364557552e-01
3.067316553606087501e-02 3.871842003026361445e-02 1.553759536336142277e-01 3.037095813866819705e-01
3.198789913234574567e-02 3.914869793928442421e-02 1.929456190846972063e-01 3.048598244789246792e-01
3.102094860723945274e-02 4.365549362998860650e-02 1.674874638279494066e-01 3.079198541202798900e-01
3.086612009850409413e-02 4.172007641130247996e-02 1.553763848962757543e-01 2.961489755909383903e-01
2.951623654980382871e-02 4.222529908523339065e-02 1.657842969085635554e-01 2.778385378148067741e-01
3.127782571686399393e-02 3.888652845001346059e-02 1.564637925411883346e-01 2.947314344156607979e-01
2.918305667153633931e-02 4.401823000780538675e-02 1.896445041852943547e-01 2.959855906224554967e-01
3.328398269183676511e-02 4.006562312851334046e-02 1.495038297653563664e-01 3.040008425260575242e-01
3.341540551083958116e-02 4.214596904281356360e-02 1.735845678541779180e-01 2.839218112971773067e-01
2.981561378497263673e-02 4.325105603773027330e-02 1.535208157560460085e-01 3.018093868127524337e-01
3.139152278188419437e-02 3.821389608323656067e-02 1.492157854477375867e-01 2.986955307712286789e-01
2.960993867898747273e-02 3.884429058839162369e-02 1.568069880341409761e-01 2.965261341714459653e-01
3.348692349798008949e-02 3.881677789311671622e-02 1.479514043211096475e-01 3.095305309476310551e-01
3.241289998938229333e-02 4.112801493678475834e-02 1.503831629473061371e-01 3.050716775018710858e-01
3.435689919672194753e-02 4.356477062696220703e-02 1.623066447216162111e-01 2.691070008588453133e-01
3.109799648843900033e-02 4.223445924019458148e-02 1.593406051015836822e-01 3.003910016047853238e-01
3.081422689305128235e-02 4.262512458237128349e-02 1.542663156376259670e-01 3.190458103161333825e-01
3.172909674460867857e-02 4.589266063332238937e-02 1.692512623238823788e-01 3.121967177137801586e-01
3.356291945765901841e-02 3.931073954506504597e-02 1.710921797084697382e-01 2.911206671241898802e-01
3.568195900201434623e-02 4.012053323757433509e-02 1.557795038025673595e-01 3.064141118775736139e-01
2.910891999302922875e-02 3.593646879345897827e-02 1.531490158102200572e-01 3.033560468805593935e-01
3.077186837939330233e-02 3.933269091143939272e-02 1.486273841474979873e-01 2.775592729468904785e-01
3.281596321533920835e-02 4.530404155246844922e-02 1.534318543691217396e-01 3.023861674658475662e-01
3.204774231647096461e-02 3.917659522029316027e-02 1.579855719434878070e-01 3.187809621323839382e-01
3.322798809758734789e-02 4.009817876061875369e-02 1.529070843843459149e-01 2.952592211303001757e-01
3.085970976955327780e-02 3.907259567537210015e-02 1.708446735820317031e-01 3.027005615252020276e-01
3.086693005644072785e-02 3.914108403907058664e-02 1.750260575651280404e-01 3.212748966729093714e-01
3.190959934650889479e-02 4.612917671154163901e-02 1.567525067902687808e-01 2.938539670304260443e-01
3.044749706679123619e-02 4.005781522060251898e-02 1.561965017592690796e-01 3.220083224640624686e-01
3.014697471853814217e-02 3.833007324577472619e-02 1.632189800120099066e-01 2.648710814632538324e-01
3.299089174846741440e-02 4.045106226574472080e-02 1.666784338929878373e-01 2.998843980427614020e-01
2.896176598624757015e-02 4.289420381836155094e-02 1.778548479628983825e-01 2.911808007044942026e-01
2.993508514276962962e-02 3.882796740043048533e-02 1.565542625111658315e-01 3.031242308361611348e-01
3.149407425790935744e-02 3.949366244416113031e-02 1.669544096824615298e-01 3.057581496318774184e-01
3.112128952336309234e-02 4.539718145749898487e-02 1.663567213992856175e-01 3.216168171523584585e-01
3.165671358776509653e-02 4.067761051392793092e-02 1.418974482383110192e-01 2.862008862769678252e-01
3.116776734875233851e-02 4.831846484078890919e-02 1.685665830811965693e-01 2.898206013172838769e-01
3.144206551362865171e-02 4.260268830612326529e-02 1.618967083505671589e-01 3.119439484018507458e-01
3.114332895359635603e-02 4.489869597903200366e-02 1.685849469297973913e-01 3.052805560184669864e-01
3.107650315106307015e-02 4.137658448108889192e-02 1.621673910774422134e-01 2.878039364425717950e-01
3.190110860179148217e-02 4.303658040466842860e-02 1.686345992038591757e-01 2.829090946323958855e-01
2.864586933442658453e-02 4.280991524784350660e-02 1.565670216483371069e-01 2.829210437695882097e-01
3.218050342105964468e-02 3.964846573269909663e-02 1.668169604303883224e-01 2.795272215940509120e-01
3.022603891103285353e-02 4.047261185607911593e-02 1.689101606270622669e-01 2.805190560331758953e-01
3.369519007611986028e-02 4.483953928803587063e-02 1.730035599165896110e-01 3.105400244425945422e-01
2.966754514782676475e-02 4.407162099682374046e-02 1.473760166192807919e-01 2.829788955882575063e-01
3.266219096636376745e-02 4.009902072027921732e-02 1.588508603403790964e-01 2.605674511044202002e-01
3.105631809592245690e-02 3.993804542702580895e-02 1.509135627737960839e-01 3.045457833367924416e-01
3.214987262225258574e-02 4.174872827166418998e-02 1.575197383099272153e-01 2.845828072760819283e-01
3.078038858006564363e-02 4.080345057968730316e-02 1.644150586687463944e-01 3.040881153178693341e-01
3.166696461383862460e-02 4.157771772849522263e-02 1.830523839395948316e-01 3.095185487460128670e-01
3.494559207125893380e-02 4.261205550053481089e-02 1.592137198675351861e-01 3.302851071615021672e-01
3.276666904651873158e-02 3.952190153985131460e-02 1.579657878764180456e-01 2.941174358271402833e-01
3.159889441445271063e-02 3.893113496120018807e-02 1.617690861262461310e-01 3.054108908635582709e-01
3.133284824925718082e-02 4.016233342184559463e-02 1.658590513651968246e-01 3.274415574765320303e-01
3.386271942524345796e-02 4.137896593843300164e-02 1.665508009617232832e-01 3.173614559613983643e-01
3.157269610997662235e-02 4.462071876355082345e-02 1.658778352044682214e-01 2.979524691639705569e-01
2.851055260255090304e-02 4.257780856641244643e-02 1.726769822991692793e-01 3.309581838549289778e-01
3.372477216057989668e-02 3.961722178880826284e-02 1.694535138947357855e-01 3.016733053597025482e-01
3.179292663191097407e-02 3.967400334176927196e-02 1.490527998453862468e-01 2.987638361627311667e-01
2.963785629304301061e-02 4.350834661129719672e-02 1.596395280989624799e-01 3.204559722893265961e-01
3.310370648797540671e-02 3.920948480945744830e-02 1.654087908313992272e-01 2.867556316566296504e-01
3.214800142349869688e-02 3.896021509187719278e-02 1.604483406546470536e-01 2.746837752387260578e-01
3.163445607226735706e-02 4.025040378436704758e-02 1.540338868200379074e-01 3.014278898607001267e-01
3.021280799965881184e-02 3.974813213773523840e-02 1.606459279282369534e-01 2.961212676082141115e-01
3.109517332385364902e-02 4.301551877492786058e-02 1.489114771772385160e-01 2.691775004489800893e-01
3.430871425008760051e-02 4.018673626883004224e-02 1.586800576717419253e-01 3.109774312232260751e-01
3.291668865947282308e-02 4.043925273248499125e-02 1.461167659440175404e-01 3.034075891164417227e-01
3.266344692422984419e-02 4.170702812273072851e-02 1.596095419860036890e-01 2.907592417876962987e-01
