1.000000000000000000e+00 1.000000000000000000e+00 1.000000000000000000e+00 1.000000000000000000e+00
2.230383929657303366e+00 1.884273727294245804e+00 1.234657603173348434e+03 3.493039784623426514e-02
1.968620943061889728e+00 1.779656690177524592e+00 1.096053887037958020e+03 3.400994067140834104e-02
2.044580341085426856e+00 1.747110064450864808e+00 1.363757993593431138e+03 3.178599002218315123e-02
2.144608405302397713e+00 1.813062813842314824e+00 1.232786508433000336e+03 3.692512756229871657e-02
1.928441523467114393e+00 1.944216288335269160e+00 1.272860942576561911e+03 3.472530633926461385e-02
1.857155218795676577e+00 1.921920701432159095e+00 1.179225809118176358e+03 3.723481718257216910e-02
1.894261290573831857e+00 1.708418321743511159e+00 1.228613999595932682e+03 3.596718496947523547e-02
1.500599419240976173e+00 1.560622374870844320e+00 1.183036018442300019e+03 3.487545376639678701e-02
1.410228278375035504e+00 1.453336618219720711e+00 1.168204074598479338e+03 4.014250278417168943e-02
1.491718013945381616e+00 1.589251646008428498e+00 1.076656399842709561e+03 3.507969741031980587e-02
1.436622679192500085e+00 1.434335115432847196e+00 1.090535826429631015e+03 3.663676133077850561e-02
1.314761156801804276e+00 1.461974126658318607e+00 1.121436107456930586e+03 3.849160426081312675e-02
1.093482511039109983e+00 1.183604840534608682e+00 8.916416493740559872e+02 4.037893249163736209e-02
1.093757856696651043e+00 1.080383586946503272e+00 7.962859045421854489e+02 3.502518005193820672e-02
1.048570146199872877e+00 1.190505156488145477e+00 8.885251719270228250e+02 3.902625053327046789e-02
7.166161674603359621e-01 8.998687332935924044e-01 8.095406768726669497e+02 4.275452707396286411e-02
3.229056846137933201e-01 6.036770762014183056e-01 5.028555840999827069e+02 5.323426802335334135e-02
3.282318793659012024e-01 5.794407755072416011e-01 5.069187272385481720e+02 5.156888817819478554e-02
2.979520551520481453e-01 5.692286139769944242e-01 4.701866310336587276e+02 5.218694048481088005e-02
1.820840252000824611e-01 5.897256293505045432e-01 4.265226388552950993e+02 5.387386836098383841e-02
1.489747624222739764e-01 5.047158023178471842e-01 4.145614898355184437e+02 5.334453997967159716e-02
1.583092102008323010e-01 5.204130425871131838e-01 4.146179790657041622e+02 5.289072957866957497e-02
1.510593990792448160e-01 5.215666649065037186e-01 3.828965303306218857e+02 5.107410879859602265e-02
1.720361932724220055e-01 4.658599637063595700e-01 3.640468526512781864e+02 4.895644485860644463e-02
1.311326619675316218e-01 4.696904475119378919e-01 3.014850832297167358e+02 5.545339970377616279e-02
1.530922436141071985e-01 4.885978714061878225e-01 2.830982055304872915e+02 4.995950110467928251e-02
8.157537410658398380e-02 4.850306373559042372e-01 1.431671779990593905e+02 7.696134971086715515e-02
6.935272208027662422e-02 3.988494375357165000e-01 1.286031405365223748e+02 7.908113221360887901e-02
7.879864936283122179e-02 4.014706504347059224e-01 1.203699087692353089e+02 7.989915376800235669e-02
8.118366678380084522e-02 4.104639932710024142e-01 1.255969352640403827e+02 8.084187272194555407e-02
6.442345988812481217e-02 4.468458402897925175e-01 1.026862677756787576e+02 8.549543888978168582e-02
6.891271306801291519e-02 4.361465192387525280e-01 8.730701778954679071e+01 8.082632666022780688e-02
7.414147331722549528e-02 4.475366710021480565e-01 9.027989729109890504e+01 8.221157583824112436e-02
7.400037769256395670e-02 4.142299921982392497e-01 3.122035658189617635e+01 1.264073087727755340e-01
6.519180206661824573e-02 4.499137424021176779e-01 3.390840967149780028e+01 1.073152627053902131e-01
6.478330204031237938e-02 3.767049476873027269e-01 3.238816196457378993e+01 1.069596248377745612e-01
6.538168968347725374e-02 4.631032623997585751e-01 3.295932896639891396e+01 1.251347499766225224e-01
6.927472733249816217e-02 3.891665593399618595e-01 3.214860068679376326e+01 1.279583496015401778e-01
6.586822455091533024e-02 3.875221619099840642e-01 3.257485397263205584e+01 1.083847235427451428e-01
6.453554774263561833e-02 3.866897659136311893e-01 3.036748096099146821e+01 1.281250719417255934e-01
6.765289833440560341e-02 3.972160944630949153e-01 2.629207045839058665e+01 1.274770775579233129e-01
6.244474521466154837e-02 3.982569367112309133e-01 2.520919768005583705e+01 1.362343320900050447e-01
6.057742195591830220e-02 4.073211877754698840e-01 1.088079438640969698e+01 1.315964232474142181e-01
5.763444984789141412e-02 4.985927438345290619e-01 5.407782633219484936e+00 1.278845060056081340e-01
5.386590390440480769e-02 4.645832703886927928e-01 3.315646387559310959e+00 1.720233711838783930e-01
6.536229624842920805e-02 4.268251592333662803e-01 2.820117196634007062e+00 1.590043958567078364e-01
7.292737238414180589e-02 3.345521636920991693e-01 1.881690556941877812e+00 1.665208600266665229e-01
7.717015181376071786e-02 3.390919862594244383e-01 1.319650816075874200e+00 1.662891761327343620e-01
7.630820645239988487e-02 2.879405465272663056e-01 1.408315418943645314e+00 1.706952750354272796e-01
7.108697670567604154e-02 3.321516268103586467e-01 1.353456119316039485e+00 1.772914266478935186e-01
8.280564022059178075e-02 3.310361199011904731e-01 1.414331647742221865e+00 1.715378916816444332e-01
7.942736820239801321e-02 3.170823656682590919e-01 1.274982757217295148e+00 1.489254173885407873e-01
8.453950070906038339e-02 3.543370887341716902e-01 1.322293804974263631e+00 1.658754188003427055e-01
7.599240952969676943e-02 3.381082981425083678e-01 1.419470891243378441e+00 1.555951534886240994e-01
7.779494983188500745e-02 3.378841132779581424e-01 1.414139195393734116e+00 1.642880839930966896e-01
8.074629785118848935e-02 3.329409875284694009e-01 1.230838209416337703e+00 1.648782734606137612e-01
7.477708120073242593e-02 3.373486049538875209e-01 1.176511462007844733e+00 1.582574982289056131e-01
7.353253794774483598e-02 3.537956226476708377e-01 1.194830402221021659e+00 1.707119800473386739e-01
8.056677443151449847e-02 3.391625143028862421e-01 1.147039124730150572e+00 1.674318426518272285e-01
7.686625006473708777e-02 3.703183654475379338e-01 1.261652229216394527e+00 1.611358979599393226e-01
8.015212351960615544e-02 3.335025521768833490e-01 1.246839514779458424e+00 1.704614541055842203e-01
7.494128312800146796e-02 2.929855453193896397e-01 1.268253976405483652e+00 1.653528455076923864e-01
8.760285455923030873e-02 3.164862050312080011e-01 1.218968825585607263e+00 1.629138563794108319e-01
7.587875687145727299e-02 3.011348472955734379e-01 1.181161427293191624e+00 1.643079058238785251e-01
8.639526598508194544e-02 3.147053242920048177e-01 1.189703271991453759e+00 1.642484213887285827e-01
6.441535807800122249e-02 3.294552820865634946e-01 1.073788964140770075e+00 1.631041929867513007e-01
7.817600118310329138e-02 2.974237846377784100e-01 1.266552756791304635e+00 1.597180286430782137e-01
7.621930036677521114e-02 3.419116564660045210e-01 1.267183237758184644e+00 1.691599208173217295e-01
8.431258890854750887e-02 3.703025186307070116e-01 1.187605619021453007e+00 1.574094757649810716e-01
8.013618921703465070e-02 3.401494627971926032e-01 1.229030222738404898e+00 1.650883749275182666e-01
8.056787653053493203e-02 3.205294424506535123e-01 1.038211729443398346e+00 1.491478217807710449e-01
7.657813484685202510e-02 3.144747178754968009e-01 1.106965469849922279e+00 1.671020633379138032e-01
7.612983891429948857e-02 3.349781689402525076e-01 1.002017857679445845e+00 1.681729201371723326e-01
7.583376515406040075e-02 4.132999076901517910e-01 5.471771904954313426e-01 1.477621417137230109e-01
7.909160152545764710e-02 3.825713834178112172e-01 4.960138746762010609e-01 1.515962719939226988e-01
7.489697520123957120e-02 3.950258272113973401e-01 3.370425573646816386e-01 1.704016687530246210e-01
7.932855970566866921e-02 3.691742321394299586e-01 3.597924829554240977e-01 1.747576007522400887e-01
7.752087590322936927e-02 3.199608688954324043e-01 3.453247717847949816e-01 1.786255672694900820e-01
7.346627438252811837e-02 3.582329657687136626e-01 3.518333033667103704e-01 1.734071905984874429e-01
7.866571610728748110e-02 3.495065109992642194e-01 3.782410337624084185e-01 1.779083804607241026e-01
7.037896637172208480e-02 3.660129754627862164e-01 3.440066694564770100e-01 1.737835237276246780e-01
7.745672720198927552e-02 3.658934678467165025e-01 3.642060256717544742e-01 1.775044844685746137e-01
7.776044235295424822e-02 3.578798531774418645e-01 3.712443151284646747e-01 1.880210835432409577e-01
8.116723797599692536e-02 3.358065055535419119e-01 3.693514867100758381e-01 1.618286626290979524e-01
7.736045093860748068e-02 3.380127640465131478e-01 3.665180010415627354e-01 1.694023740109701082e-01
7.250960670112928386e-02 3.255189754075129560e-01 3.410708109489130613e-01 1.841246852462918859e-01
7.795210734026425392e-02 3.607742288850580570e-01 3.304687549723002715e-01 1.693310678262995583e-01
7.849150676901746337e-02 3.870289130164357716e-01 3.633864602148924039e-01 1.845378032570791638e-01
7.964728493167924639e-02 3.710644872427087404e-01 3.984749967932965098e-01 1.680822706006956380e-01
8.429770000388712992e-02 3.126919217971049769e-01 1.898791088170264652e-01 1.827976888632721064e-01
8.267859730360756221e-02 3.043551037172419482e-01 1.990975508471344579e-01 1.806588400946469719e-01
8.591682331874193890e-02 2.870096396708809450e-01 1.913950143918271285e-01 1.800152241280446042e-01
8.738344799572124455e-02 3.150112875357435338e-01 1.896686989326960282e-01 1.661862685642087056e-01
8.957444590983593136e-02 3.094639900558966983e-01 1.452778228552373263e-01 1.783949784918838766e-01
1.018323976655035740e-01 2.880685630622450977e-01 1.489887852798601753e-01 1.524075320262541777e-01
9.543365477275844722e-02 3.147241965334192648e-01 1.579419299624721384e-01 1.595856207087540113e-01
8.736043693734041327e-02 2.827573493630997636e-01 1.468683549531945576e-01 1.579674263398500034e-01
9.143170407990666715e-02 2.982985078035671478e-01 1.564399232369286519e-01 1.643877527374410508e-01
8.472559216604434729e-02 2.946778707038244516e-01 1.559468484861425142e-01 1.678436628796166341e-01
9.356475294431872147e-02 3.110457521310813767e-01 1.414132635186855780e-01 1.699853213281396214e-01
1.001261946782802809e-01 2.797739356780927777e-01 1.411949552768885507e-01 1.849692596983479043e-01
8.765093177685069625e-02 2.870363919796564134e-01 1.612524479903336416e-01 1.722102027480243436e-01
8.498736141692321555e-02 2.722055506565775884e-01 1.520503989832121261e-01 1.769508297855433843e-01
9.905622160669057263e-02 3.344098007145399620e-01 1.581400411864243849e-01 1.727920996250107977e-01
9.075707520893917801e-02 2.726276774609917575e-01 1.477203331186916491e-01 1.739922407472312416e-01
9.276908300587000111e-02 2.630421228176635373e-01 1.515608542630079991e-01 1.656097361227882037e-01
8.515515160393988259e-02 2.856988738843512787e-01 1.474508991852290785e-01 1.536273054224125689e-01
8.298906373418314664e-02 2.775537977150443480e-01 1.606844703110951456e-01 1.809765434638651860e-01
9.527222814990130018e-02 2.833327762288868068e-01 1.536017009652990428e-01 1.557707205869042488e-01
9.140877991664177193e-02 2.907183614790547765e-01 1.472768854606791855e-01 1.744540686404883745e-01
9.669674079941423250e-02 2.862903070619062795e-01 1.546778938755182242e-01 1.609366126203416181e-01
9.156609579581172220e-02 2.743762595590688580e-01 1.538640498046082716e-01 1.642235619227931376e-01
9.037414513721626907e-02 2.913574196973383601e-01 1.639003085572013907e-01 1.617401581948177680e-01
8.226388471619304477e-02 3.157403402453561325e-01 1.416540021439906538e-01 1.551454908625641282e-01
9.099099150662483260e-02 3.069327931789028185e-01 1.649447357899681832e-01 1.435221491049453457e-01
9.005081612695618742e-02 3.007301761276957031e-01 1.483757183201462881e-01 1.741514603544226103e-01
8.853776208070879283e-02 2.901376483095642889e-01 1.514959815209681038e-01 1.727873502226577040e-01
9.240250204766903286e-02 2.794071596253863143e-01 1.575723772227801134e-01 1.637056885505092096e-01
9.378891471548930769e-02 2.639426657699985856e-01 1.654114254225496350e-01 1.796775477458441295e-01
9.443198283383251457e-02 2.804286451040866046e-01 1.660941347635385978e-01 1.658695972427541854e-01
8.998854286545358849e-02 2.713163101738002569e-01 1.403436970010670803e-01 1.575495053143254609e-01
8.602504247314429753e-02 2.855979986102640256e-01 1.552468737856425030e-01 1.789133442822108122e-01
8.593933367594325246e-02 3.007615974003708947e-01 1.465522228405271576e-01 1.803979604873565123e-01
9.441448603017782437e-02 3.119843645629244988e-01 1.418658260367651192e-01 1.637067658426775707e-01
8.573101223016349470e-02 2.834878717371034917e-01 1.486542635126576473e-01 1.580426886666798925e-01
8.837467714538284336e-02 2.937362866207680612e-01 1.532888689981362074e-01 1.661977951842552037e-01
8.653537563118274267e-02 2.882892100393258383e-01 1.587246541893822804e-01 1.780135151460577048e-01
9.371048425306469087e-02 2.988831135591938359e-01 1.503436195998344160e-01 1.633270937537417977e-01
8.698919457923309784e-02 2.784157926923612192e-01 1.531499602152966710e-01 1.633406472885423344e-01
8.167791155698513050e-02 2.971165459403024012e-01 1.512783427294442373e-01 1.683362597533218374e-01
9.066938398370982810e-02 2.829184704781861348e-01 1.581300948703283360e-01 1.753922411057440012e-01
1.051354832796605049e-01 2.895899751582357573e-01 1.476156452108996764e-01 1.692694841497706104e-01
8.632805757705497296e-02 2.979565425169979354e-01 1.773863822630452336e-01 1.651353892212945595e-01
8.750781779028871110e-02 2.910967473279175155e-01 1.472865125631731553e-01 1.702135035741651481e-01
8.635683884475052474e-02 3.013239362042291480e-01 1.561613923893175049e-01 1.575229909950740526e-01
9.429120044475125528e-02 3.231910814192943682e-01 1.560396093233523129e-01 1.783846887526103486e-01
9.073053655728563482e-02 3.030495785718969048e-01 1.584280388179895582e-01 1.839320365556208203e-01
9.114839133448966735e-02 2.896850813381762757e-01 1.461444240626581237e-01 1.739652608429655134e-01
8.586307106784857313e-02 2.608115991984607529e-01 1.549283344296686349e-01 1.507824264820151750e-01
9.478057132959002984e-02 2.768846217231645257e-01 1.574939616342919957e-01 1.788292706079756544e-01
8.389232362007872923e-02 2.687518715039705630e-01 1.523009835131432232e-01 1.768490028103608669e-01
9.372126953637560653e-02 3.036786091273419586e-01 1.578532678717141091e-01 1.610070185306267110e-01
9.437752673380604695e-02 2.947970762009382018e-01 1.494292132571456155e-01 1.748261467773455369e-01
9.420945095421506821e-02 3.148236431982656680e-01 1.549705603679022159e-01 1.599914776647668180e-01
9.351484898993427108e-02 2.853235957226504249e-01 1.593146092482299325e-01 1.603541847906098938e-01
1.018821636832829836e-01 2.815131416598815051e-01 1.586759859636982239e-01 1.617108867562372654e-01
8.586186673454121454e-02 2.856429440127043473e-01 1.532245262915998552e-01 1.552631514683576464e-01
8.232200597114658347e-02 2.757046480440683012e-01 1.596775382320042846e-01 1.714707362129916923e-01
8.966954160248721828e-02 2.822094993114074302e-01 1.517977706457539766e-01 1.520689811567501604e-01
7.980677279744786967e-02 2.919773552613922907e-01 1.650635358683917586e-01 1.715353983275998417e-01
8.544730834311679846e-02 3.177197598015575886e-01 1.554317610662762361e-01 1.547485667018228261e-01
9.317013964695960992e-02 2.939949674219063391e-01 1.413482481129582080e-01 1.598827613925778435e-01
9.061518492814865655e-02 2.732183760403637529e-01 1.564756393626772768e-01 1.610131506628534048e-01
8.455181710703291165e-02 2.718243840425816349e-01 1.672931175035279328e-01 1.722328199359104417e-01
8.474755317274673683e-02 3.237566199400960243e-01 1.538018159481218672e-01 1.595810312766437478e-01
9.131295824515743564e-02 2.887904488685246740e-01 1.444434921471904054e-01 1.474209782906928667e-01
8.311876844945652321e-02 2.959682707720292516e-01 1.650858507166070022e-01 1.729077324541915539e-01
9.693016631501126523e-02 2.825525130983962963e-01 1.451067313893174282e-01 1.590842308706268970e-01
8.744116836977421092e-02 3.194241052778025169e-01 1.473807014042325392e-01 1.557388040516443639e-01
1.053788632951082188e-01 3.124684899931757798e-01 1.371716966112992153e-01 1.715409684364619658e-01
9.127961312082531753e-02 3.151583876128936090e-01 1.586681223346625147e-01 1.618934325565890842e-01
9.108092981173850078e-02 3.084736873164591886e-01 1.361440847878586102e-01 1.633438521786976239e-01
9.293627320401881553e-02 3.037840227820749472e-01 1.562944646329686715e-01 1.564973857063947371e-01
8.869992217110923838e-02 2.660004736899244659e-01 1.434879506527317050e-01 1.591340143888931302e-01
9.357262319341436152e-02 2.827505984009955897e-01 1.597085501771668969e-01 1.693346656869303690e-01
8.903672287064656743e-02 3.099850116673240064e-01 1.557540423953435449e-01 1.601115602206013011e-01
7.514015981594281135e-02 2.880414977073238458e-01 1.573196279458439206e-01 1.624632940020671878e-01
8.782950260584351798e-02 3.006455843716458465e-01 1.581420740897996335e-01 1.544477250772951504e-01
9.091211359440126705e-02 3.055448591730239305e-01 1.501889278393195859e-01 1.590777382407144169e-01
9.107451726586474061e-02 2.815019261572214715e-01 1.609147142387777341e-01 1.791422779874023152e-01
8.734298477630954294e-02 3.169387471481566187e-01 1.648769515369709615e-01 1.844432505299965497e-01
8.441992179849938660e-02 3.148719987837729772e-01 1.272826078924555737e-01 1.634561574836897457e-01
8.867858179988645506e-02 3.031035356920841473e-01 1.539295620511571538e-01 1.771293260451703155e-01
1.020843886066354483e-01 2.749997348739342540e-01 1.573621897039207962e-01 1.563287156013324630e-01
8.611884582026861634e-02 2.849211618630820841e-01 1.479663099722562103e-01 1.494681251115279608e-01
8.842778658251809754e-02 3.126607320426323944e-01 1.405866415198907260e-01 1.698443733646628206e-01
8.725026694736298660e-02 2.777360803875761341e-01 1.483767526829896932e-01 1.707548706791844617e-01
8.420223546117648616e-02 2.671622665149916975e-01 1.479167894095254898e-01 1.630121119361201132e-01
9.385881995530666322e-02 2.886289891372058602e-01 1.498288561467571445e-01 1.589009478802155539e-01
8.826360381006490008e-02 3.117627019398755972e-01 1.578063535026336117e-01 1.622020139429360408e-01
8.964511494461950558e-02 2.905888646749055226e-01 1.610559453696715215e-01 1.834496526448830267e-01
9.048404650967518947e-02 3.204335515974020554e-01 1.597758533264855285e-01 1.926229532305136216e-01
8.311110967197786470e-02 2.706980637657528388e-01 1.423745283160577080e-01 1.702105581832377146e-01
8.636426636454840045e-02 2.718829205554358919e-01 1.505064097599942974e-01 1.667201342653033269e-01
8.081891212021662108e-02 2.870367478439990183e-01 1.545506163529599131e-01 1.623654858773999621e-01
7.934005960334210295e-02 2.902901383773212052e-01 1.584981115982322664e-01 1.742840983981971681e-01
8.985933824562490624e-02 2.856114901321097355e-01 1.513137031895515072e-01 1.632407582064697438e-01
9.468468558813443459e-02 2.816096230766715891e-01 1.578730281090133802e-01 1.666166058901485947e-01
9.293135964774199009e-02 2.793034001454260951e-01 1.507892775331569901e-01 1.695992941379988739e-01
8.371090784769161242e-02 2.646523704184854942e-01 1.574719067717179066e-01 1.642151024681038352e-01
8.135430604536264543e-02 2.804919923868128828e-01 1.398312669533444130e-01 1.723726089061774491e-01
9.358749649701635087e-02 2.976422374565934614e-01 1.684148032782968318e-01 1.621933636814539836e-01
8.576364184166518356e-02 2.915586522095643396e-01 1.540811874286190652e-01 1.559905886346986681e-01
8.305466761870204662e-02 2.823433229884263485e-01 1.516805088618951858e-01 1.714077123525271085e-01
7.994746814756051312e-02 2.931140679582901476e-01 1.505307286833195979e-01 1.734961709212110015e-01
8.082388316054295307e-02 2.686646152610530081e-01 1.435735084918282056e-01 1.693209271554169115e-01
9.304959557315714558e-02 3.070172469139050286e-01 1.454881442813319159e-01 1.613917791393626733e-01
9.475909260157241998e-02 3.048665230981633667e-01 1.467029012410484556e-01 1.794987083722048016e-01
9.793195796940813713e-02 2.779835705104211074e-01 1.587523473386195927e-01 1.787917595039796859e-01
8.565893836027961561e-02 2.786512335861685563e-01 1.507013367236225421e-01 1.744141608927884668e-01
8.284911226348787294e-02 2.697662221966115048e-01 1.505895062421600539e-01 1.608388828315129304e-01
9.610620316027815302e-02 2.869143176206424006e-01 1.639930243309622726e-01 1.626234654984533845e-01
9.749777985712863859e-02 3.003083778116125702e-01 1.506757886739001906e-01 1.664623908905259464e-01
8.866206221699918233e-02 3.164361134095779460e-01 1.580028502886920427e-01 1.714239312937355653e-01
8.299152516669183743e-02 2.857774969677541188e-01 1.402106940161744197e-01 1.729815606822042162e-01
9.383337348626370755e-02 2.645503398942950501e-01 1.503739944327764089e-01 1.628167306869751085e-01
8.434719044199676108e-02 2.729604013673160856e-01 1.469863296431697941e-01 1.710943712004184825e-01
9.517343130544700380e-02 3.005884672704695060e-01 1.652814618842613492e-01 1.669427599327607259e-01
9.061922385472863384e-02 2.664645540008016567e-01 1.483266834217185637e-01 1.626010089086367405e-01
8.625412914452731949e-02 2.990242126694788172e-01 1.616220510491085116e-01 1.658187956159865306e-01
8.889546150719251916e-02 2.870625338133586113e-01 1.595986383124706476e-01 1.671675047448476503e-01
8.380877295795781390e-02 2.825729423305856081e-01 1.665464703220368714e-01 1.623545043323164072e-01
8.763518620972145234e-02 3.063926020260190897e-01 1.546615261496635807e-01 1.807936906647447661e-01
9.168341226101339725e-02 3.109807526088887442e-01 1.456500646662748921e-01 1.655597693275770999e-01
7.870927877822281316e-02 2.670179600612839210e-01 1.518865580533678705e-01 1.592104341835994807e-01
8.671521340665434840e-02 2.687545035059478171e-01 1.450802947136214105e-01 1.611603439850460839e-01
8.891904992104310290e-02 2.835794518142594756e-01 1.656691420963774253e-01 1.776349939308484727e-01
9.638900600715853695e-02 2.844623853103138145e-01 1.635542368169702054e-01 1.583679739327890912e-01
8.535310378439965595e-02 2.797432604619862206e-01 1.536937136395862269e-01 1.819554012616834693e-01
8.693211026603313296e-02 2.889663838736527546e-01 1.486343762362762888e-01 1.608536538571041508e-01
8.822785379973306641e-02 3.071336927191132271e-01 1.518211871223635046e-01 1.576709260233666865e-01
8.298975375151919354e-02 2.746121455154345026e-01 1.372002529059769271e-01 1.580851902077415327e-01
7.905942284764781725e-02 2.737758811445780704e-01 1.544973834102381371e-01 1.598448111975011576e-01
8.864403001169045282e-02 2.921502252345818951e-01 1.457579494344518611e-01 1.588548786056595830e-01
8.940762365571067183e-02 3.371377888445348248e-01 1.494864684065118077e-01 1.657834209231112688e-01
8.617511405517006007e-02 2.856572919469593241e-01 1.528409554261683234e-01 1.819825970448100405e-01
1.003935266936102633e-01 2.733524933885526087e-01 1.532699334306534544e-01 1.587759615845455996e-01
9.373202048904719086e-02 2.740785865881109062e-01 1.579602358878882673e-01 1.732004277065496145e-01
8.725560407685852005e-02 2.714401102734591009e-01 1.605161301224179160e-01 1.634480086054728443e-01
8.774065271606358574e-02 2.681460699669944159e-01 1.531418283415784676e-01 1.743902590366870897e-01
8.355543376596455407e-02 3.138186077888336922e-01 1.428334492994365323e-01 1.771540929999750047e-01
8.024971712450999772e-02 2.722711364711363768e-01 1.680306210712471382e-01 1.723151997946401337e-01
8.476947222325940945e-02 3.006937207678141988e-01 1.549977810097521169e-01 1.794307064121682949e-01
8.396594551897643144e-02 3.111355307113528035e-01 1.529163440046077127e-01 1.791031745439014278e-01
8.926218837434161946e-02 2.851109323944617802e-01 1.468127019655898202e-01 1.736359979060580205e-01
8.737400883597216950e-02 2.988279211026324544e-01 1.502236858149911536e-01 1.618857739098751858e-01
8.918187468738965340e-02 2.679493106172665673e-01 1.468656871078068138e-01 1.538404742082176702e-01
8.255402878486135798e-02 3.121518725440629582e-01 1.439239488419419566e-01 1.621012531726852279e-01
9.045116893654348011e-02 2.970128283437696859e-01 1.471167585830210345e-01 1.962332495533952725e-01
7.584254848132578053e-02 2.818382988708017511e-01 1.556603134568498858e-01 1.658823245679649783e-01
8.944610947769310316e-02 2.763129571683746732e-01 1.617772876865555542e-01 1.567444805571892863e-01
9.726709472448014093e-02 2.824205805950216752e-01 1.567226880897035768e-01 1.648948718503134014e-01
8.833787582861581111e-02 2.641976394119197602e-01 1.501893272326438877e-01 1.645051754188695814e-01
8.837171634368366779e-02 2.664703853985853632e-01 1.611340615492991568e-01 1.541390953441413580e-01
9.645513940087414861e-02 2.848028632906641766e-01 1.545790916871261356e-01 1.626695178998879276e-01
9.090934701630504211e-02 2.696025964298836008e-01 1.715306029401455212e-01 1.831956076735288541e-01
9.201944096151691566e-02 2.663991668875279051e-01 1.362563848739196115e-01 1.744497040427477885e-01
9.150705027602717978e-02 2.729078453406907356e-01 1.689435687345349490e-01 1.603419283461427203e-01
7.643921797247044125e-02 2.596150846773488396e-01 1.549565652628824008e-01 1.552309810647649335e-01
8.920153679532485946e-02 2.822177402794123768e-01 1.631871988369447968e-01 1.588815714410903301e-01
9.569113355706676538e-02 2.942947829694751993e-01 1.443740884245691691e-01 1.679792869579741776e-01
8.806144023749563898e-02 2.599109316253333524e-01 1.579929846551564876e-01 1.559359116093234077e-01
9.304982178368462198e-02 2.488285439783475550e-01 1.451186601317383251e-01 1.570453158693700946e-01
9.291379718411424404e-02 2.857877612495232644e-01 1.683167733920202525e-01 1.616322235404249463e-01
9.482326627586960821e-02 2.677312890100869147e-01 1.703443400838610122e-01 1.570395253581343409e-01
8.629261711203538299e-02 2.863652907311078355e-01 1.546879514897752383e-01 1.746206474377063056e-01
8.669617273738973451e-02 2.575295297125711480e-01 1.527305480201924526e-01 1.672326877446810578e-01
8.611280514120578378e-02 2.899892103035631719e-01 1.636676558276732307e-01 1.799556277570919238e-01
9.832604505510735005e-02 2.950838501142157844e-01 1.617721982803978220e-01 1.681437055000740421e-01
9.188171297168284957e-02 2.630510727331445420e-01 1.513261779629625492e-01 1.606392954555203589e-01
9.138319956701199120e-02 2.849246750346892121e-01 1.264996027679671231e-01 1.737351769904582621e-01
9.078260466150954444e-02 2.651827822734457718e-01 1.512061707267680355e-01 1.602211823434680771e-01
1.012215198366627072e-01 2.847473880954653480e-01 1.434719654254869581e-01 1.934999603130659884e-01
8.945798538079326179e-02 2.603001178277659644e-01 1.629465188316779056e-01 1.489929440080599021e-01
9.627655225838094299e-02 2.741989530824027188e-01 1.507715045367770124e-01 1.639724211531451425e-01
8.977418377179928466e-02 2.867783580307231017e-01 1.568403988194473908e-01 1.608627513174296364e-01
9.901893059208448367e-02 2.577539600965938482e-01 1.454831345658365305e-01 1.885486852832445326e-01
8.602887997887317950e-02 2.953321385103603314e-01 1.518133855122671683e-01 1.741990618283879855e-01
8.650082559774699420e-02 2.893933794647227109e-01 1.558722111222528850e-01 1.771257659234005133e-01
8.764919430019442459e-02 2.737243781307996948e-01 1.569954407424241083e-01 1.631453670375730136e-01
9.097463508958210376e-02 2.510286954908645951e-01 1.517669403426079033e-01 1.573793652950911670e-01
8.599672069787496487e-02 3.130435609359156213e-01 1.396515718724858357e-01 1.503566368231335493e-01
8.643275064011228526e-02 2.629907182399807697e-01 1.426819206126860029e-01 1.682082795657168506e-01
9.609255016473382260e-02 2.641582473134961861e-01 1.548474008859412610e-01 1.533648149086552503e-01
9.715138494230053656e-02 2.571140681865984878e-01 1.612094016604460334e-01 1.577879556977623277e-01
9.283858649216457370e-02 2.625374361764667430e-01 1.573953448785219145e-01 1.629451965693167470e-01
9.174676680333321288e-02 2.700163068703234637e-01 1.559731580902211090e-01 1.650713249184760922e-01
9.663796531583583593e-02 2.574293150626876248e-01 1.578265655729357286e-01 1.630907523868814768e-01
9.468916034831301176e-02 2.953708890511959617e-01 1.576984272463046455e-01 1.535234283729651761e-01
9.289769595422570081e-02 2.581048389996102310e-01 1.488551507377324501e-01 1.642984337126699168e-01
8.718999993483955713e-02 2.445811633170325294e-01 1.498838218842868109e-01 1.654597258667489801e-01
9.247807140213659682e-02 2.856198976681335600e-01 1.477754149285283314e-01 1.661949621252245546e-01
8.943210409703546138e-02 2.765481535926300749e-01 1.549572195641751859e-01 1.543141114145326065e-01
1.012315182012482606e-01 2.548776432252884416e-01 1.551437760827576728e-01 1.638281037998794432e-01
1.044386307005845116e-01 2.763824403204087066e-01 1.564858322555089110e-01 1.631273693207782316e-01
8.643793771631660960e-02 2.841623619431480896e-01 1.528229444013050609e-01 1.555315780523966185e-01
8.717757222885191837e-02 2.540671295486151560e-01 1.515133506773326533e-01 1.529733002778655149e-01
9.086372957553699725e-02 2.855864973332606915e-01 1.649158415956472057e-01 1.609410407133140819e-01
9.227333392820660785e-02 2.498804433341431375e-01 1.534253420452161565e-01 1.556369002840100324e-01
1.024676053186345109e-01 2.681703118956735854e-01 1.426874939514158613e-01 1.742817087899830308e-01
8.890126842201617752e-02 3.018349882517044058e-01 1.436933997148382436e-01 1.630548056588483063e-01
9.349925753848840893e-02 2.694562230022698457e-01 1.474283918512089009e-01 1.618158690627273244e-01
9.136033135167080654e-02 2.749693672283223256e-01 1.522780566393961976e-01 1.692774787456775287e-01
9.335194576712711745e-02 2.784217237763061958e-01 1.446217239135201837e-01 1.589757921633882243e-01
8.369060467177091844e-02 2.719656629651422963e-01 1.581736095491242944e-01 1.612219845366889559e-01
9.095683145401073366e-02 2.886106786304268312e-01 1.479548883567781969e-01 1.552430216769614679e-01
9.502503157394229238e-02 2.704861278689580928e-01 1.481406402246785714e-01 1.768284876760769508e-01
9.237676576944409135e-02 2.689361002079689311e-01 1.523533277982016820e-01 1.640234553556063068e-01
9.739903574655815743e-02 2.731801581667654966e-01 1.626933704002211656e-01 1.624109484175775830e-01
9.137802802372058109e-02 2.493869337826252475e-01 1.540169595209214537e-01 1.487118055442762377e-01
9.314226921249334212e-02 2.647096855063048038e-01 1.692085940286840728e-01 1.696988272066457248e-01
9.165408734260813151e-02 2.973067308046403734e-01 1.570148818631440790e-01 1.568670538427745509e-01
8.575173556161139188e-02 2.834245747558166162e-01 1.766645655830016703e-01 1.641089397213359724e-01
8.678534905000670485e-02 2.635801085044546799e-01 1.405773853751111080e-01 1.568482118049438767e-01
9.407225390705546697e-02 2.777891781267791127e-01 1.640035492520630078e-01 1.870685033117283624e-01
8.790098171542140570e-02 2.878065310357077466e-01 1.576765295626023355e-01 1.557359483198038630e-01
8.688738137378432258e-02 2.883967230474439036e-01 1.497772835632358579e-01 1.691330976986101797e-01
9.770214700757461068e-02 2.767792307638379801e-01 1.540381912868004355e-01 1.748489700364866395e-01
8.614800946295211870e-02 2.648781565348628519e-01 1.571768283673641853e-01 1.651693993061869870e-01
8.974700813400397770e-02 2.668081107325356305e-01 1.463510282335930002e-01 1.617931142647452136e-01
8.911246738310008020e-02 2.488274356343979088e-01 1.389685257761983095e-01 1.609403410432968251e-01
9.361473152289287447e-02 2.586646668996084864e-01 1.682792533992077955e-01 1.795443829371037581e-01
9.640878080839267172e-02 2.932864018173538256e-01 1.593659650490550084e-01 1.603330970660049593e-01
9.333604172697877732e-02 2.763744006333490599e-01 1.569767241248915257e-01 1.545189028359410521e-01
9.919907627660377869e-02 2.563468059750127481e-01 1.605813852844282796e-01 1.510710104057390868e-01
9.384539728759690169e-02 2.861175634693995384e-01 1.526907093773883783e-01 1.549680716749609888e-01
8.512415902164499615e-02 2.788835070259137461e-01 1.456273163455431008e-01 1.713634613499407655e-01
8.793639797855437590e-02 3.044316831913021493e-01 1.717183657879777503e-01 1.804690853409763596e-01
8.889674266105326850e-02 2.787570677490894822e-01 1.462668821512173312e-01 1.615276447398554249e-01
9.145579046383611743e-02 2.778478825386449524e-01 1.425582858804216868e-01 1.724139920099137246e-01
9.064239057383040310e-02 2.603483503449571801e-01 1.504119477382728221e-01 1.602054417137248610e-01
1.005940130160153517e-01 2.680961141204038500e-01 1.461199808031910241e-01 1.538154845023291806e-01
8.728913199777584009e-02 2.542812255365585750e-01 1.611531692250326164e-01 1.591161876540644893e-01
9.700986195149574609e-02 3.120981145175106275e-01 1.487695830544937536e-01 1.652071396508108803e-01
9.794868988461498394e-02 2.613330253324434582e-01 1.666353570630274283e-01 1.681585098324004657e-01
8.740028955885374706e-02 2.619906702483952299e-01 1.546127126922649253e-01 1.556464776368501057e-01
8.561686874663176905e-02 2.794955253256622973e-01 1.501284802690958653e-01 1.665497004788557001e-01
8.351134148310901395e-02 2.705643922639431875e-01 1.619841162443847737e-01 1.695781470357297371e-01
9.902865473068769853e-02 2.611318190876065204e-01 1.457752156320656356e-01 1.700104379532221544e-01
8.700695307325280459e-02 2.587110731494238758e-01 1.628583439402584709e-01 1.607667684750168635e-01
9.198348021710486822e-02 2.979581544925458680e-01 1.440508094141833006e-01 1.630470793498514370e-01
9.070493109015823063e-02 2.661061909734926956e-01 1.614797587313477334e-01 1.645126807871705454e-01
8.421720368078811081e-02 2.511497358627737264e-01 1.531083073704311293e-01 1.739976054607760003e-01
8.846337647759489053e-02 2.763130248137198874e-01 1.499542238326890820e-01 1.731362728786224325e-01
9.163068127410632646e-02 2.663472786593498176e-01 1.605410313235198783e-01 1.519013139712196425e-01
8.455980798256727826e-02 2.658409926723857009e-01 1.613054561202903192e-01 1.648732391313430523e-01
8.849205522913561328e-02 2.285241752808465365e-01 1.384164098343426685e-01 1.527340817461962097e-01
8.994878062287735287e-02 2.589192874543408962e-01 1.549677479440100814e-01 1.605535503155303689e-01
8.526752194915079852e-02 2.612675970557102323e-01 1.406019467270815670e-01 1.620249671734974861e-01
9.142472852451713483e-02 2.677512200607142234e-01 1.623150466389597646e-01 1.663638576528943813e-01
9.045178315129917546e-02 2.829069583794246445e-01 1.613763608377410119e-01 1.659472827032091868e-01
9.153797080771897132e-02 2.544931390775100888e-01 1.517889148680332811e-01 1.739710295622493852e-01
9.681521060142188329e-02 2.929629358975532893e-01 1.602833924125473264e-01 1.680273900308880686e-01
8.590157342197400625e-02 2.587402766668906451e-01 1.544363395917722204e-01 1.526704174282849658e-01
9.235553718255891387e-02 2.676425953105480704e-01 1.498778054782622660e-01 1.577339994954072844e-01
8.860328191274556564e-02 2.714390848401814216e-01 1.684116016353718603e-01 1.589321821903533216e-01
8.915165026458796160e-02 2.850717826219352213e-01 1.508485307018897492e-01 1.569845081729798753e-01
9.280556972626517742e-02 2.876099149117576914e-01 1.466354501233968766e-01 1.683405208497064098e-01
9.012148047685986096e-02 2.704612714634110349e-01 1.388405182064878784e-01 1.680898214557254855e-01
8.920936867768043677e-02 2.921736254982759684e-01 1.629762668685165727e-01 1.717874436068872190e-01
8.730551576925109358e-02 2.835264512223111266e-01 1.511247272151198251e-01 1.709513101580140693e-01
9.813068901541122102e-02 2.876667133772706775e-01 1.587634723472617637e-01 1.787104930949181270e-01
8.305244605899379795e-02 2.527804823527833866e-01 1.663155919973218211e-01 1.612469136140951276e-01
9.299345296245088710e-02 2.685902610551160197e-01 1.432201906540213066e-01 1.768638043933982718e-01
8.820165471719634831e-02 2.629631545684875671e-01 1.574715486669505116e-01 1.809113036177942835e-01
9.089227701060767495e-02 2.835649881699666697e-01 1.577362897887091830e-01 1.758063527725837738e-01
9.839458082613619649e-02 2.488587433002166227e-01 1.483750813512715316e-01 1.642496520621859746e-01
9.188303681510828769e-02 2.650910404594603031e-01 1.480220668746829726e-01 1.636899861599722394e-01
9.394070534153355079e-02 2.926976977663577895e-01 1.461787503566238933e-01 1.554403636730512517e-01
9.699998852168856267e-02 2.827663090057995765e-01 1.530691594855904114e-01 1.753433583844773991e-01
8.816664066828887314e-02 3.000650183136573390e-01 1.652396018220769203e-01 1.729088439388344611e-01
9.744157420171840889e-02 2.534018178078940586e-01 1.802322551320173494e-01 1.584186379837560776e-01
9.436503595518488940e-02 2.518096186597647002e-01 1.605271890389977918e-01 1.527590353082250163e-01
9.302328953371399867e-02 2.610258069832503969e-01 1.665426251290448578e-01 1.622531928557033321e-01
9.314182453259427230e-02 2.652106064007028752e-01 1.485147951223739216e-01 1.456051212409039397e-01
9.191665593282608016e-02 2.393464843745819748e-01 1.512060970554069128e-01 1.825003313665432558e-01
9.078761094928067266e-02 2.548553061220663607e-01 1.527077241492945658e-01 1.610434571760380185e-01
9.066844073159577300e-02 2.847739201091731287e-01 1.531475243009848553e-01 1.703791595717831786e-01
9.070891112127309197e-02 2.617254908263312307e-01 1.538904324106429022e-01 1.645258627921084849e-01
9.404801732763658217e-02 2.319789069080130106e-01 1.425110427471880936e-01 1.592586449169407226e-01
9.922389346557557166e-02 2.649087797143102052e-01 1.600671062474043893e-01 1.675683225467653192e-01
9.481761828531123926e-02 2.443685151315905524e-01 1.407629924593063742e-01 1.472808626767826978e-01
9.572218876655841369e-02 2.366855786306541753e-01 1.377797001959034928e-01 1.704543952955089869e-01
9.082036818852648463e-02 2.755217186940976948e-01 1.692462601916547016e-01 1.690381342679427856e-01
9.767195235695411148e-02 2.368402800743190928e-01 1.510425206152986866e-01 1.519229972699756848e-01
9.126129960251341822e-02 2.610335865934884092e-01 1.517319793219138735e-01 1.804863488714630315e-01
9.742274292019237336e-02 2.329280799134265112e-01 1.537504999022054064e-01 1.643199760487312477e-01
9.199287693324774418e-02 2.248964563996851129e-01 1.678247996253810215e-01 1.492110205927400235e-01
9.517261694525058768e-02 2.690416917809882458e-01 1.539547344797859985e-01 1.506667936068893099e-01
9.354669995953769635e-02 2.376816533756315741e-01 1.463847726761846602e-01 1.601208504722848036e-01
9.450050625025679940e-02 2.573822345823870150e-01 1.482051063149937009e-01 1.764054376765300802e-01
1.033534953408307144e-01 2.420039739106405186e-01 1.582684760895610721e-01 1.714247010771232094e-01
9.979307036226746364e-02 2.474909586950608253e-01 1.618406362601266524e-01 1.824280886281084701e-01
9.450906087151163260e-02 2.480631687024030529e-01 1.531572234868070759e-01 1.510649255240938404e-01
9.400038249402867252e-02 2.611637783848238525e-01 1.437988448067474834e-01 1.627810996227667673e-01
9.350024704295746558e-02 2.340570569986885063e-01 1.639020870505178695e-01 1.664173931092074732e-01
8.687166042315611070e-02 2.677129769267577730e-01 1.511965316310739382e-01 1.567740599413447455e-01
9.863510105683116758e-02 2.531173968717301825e-01 1.490942326433469800e-01 1.698955223986166330e-01
9.545190414980717075e-02 2.417579666376472869e-01 1.559913573434641154e-01 1.731734337228874043e-01
9.296386097983744268e-02 2.783823611521706320e-01 1.539956920100130910e-01 1.714939305693076455e-01
1.015781029388324319e-01 2.252069423808684412e-01 1.455048076865840256e-01 1.581492315772469737e-01
1.025184066382495568e-01 2.551572242887340525e-01 1.457839561272011863e-01 1.606411268689410254e-01
1.005442125894758787e-01 2.563841994546326997e-01 1.428923970242732266e-01 1.544616274880918350e-01
9.443759336684509620e-02 2.410343045515211946e-01 1.629485179169256059e-01 1.562536227753615337e-01
8.705735242514528460e-02 2.395455278098177210e-01 1.328142139525650689e-01 1.658730511417876863e-01
9.292432903130320998e-02 2.436757137501824599e-01 1.498393593277282110e-01 1.647441636008447063e-01
9.420668934880802037e-02 2.539477011369028481e-01 1.489708776600343620e-01 1.757314615378472444e-01
9.697787217372921820e-02 2.341810459616432971e-01 1.532825990032378738e-01 1.499968261223220134e-01
9.599025579458414503e-02 2.318743141447407730e-01 1.511566725993473415e-01 1.585608804725009702e-01
9.419360580532142035e-02 2.529942127092725257e-01 1.609691491824650766e-01 1.635755129614303027e-01
9.166185793770761925e-02 2.352505213488894631e-01 1.616479015771899452e-01 1.587188263361477281e-01
9.117459999081040101e-02 2.366040492092459924e-01 1.617877640547479012e-01 1.514963008384968279e-01
9.678755085602465391e-02 2.557738839311931023e-01 1.571920429199167857e-01 1.602470609377517896e-01
9.418321938499929491e-02 2.495046956019479345e-01 1.387580102847346120e-01 1.642915837991469896e-01
8.999854400165220591e-02 2.381262502059935948e-01 1.609873394113301159e-01 1.607231918992560182e-01
1.005410390346746230e-01 2.422662452865104177e-01 1.495059748253795562e-01 1.552231721875286241e-01
9.616924803121673637e-02 2.530818676176860293e-01 1.629636028071111686e-01 1.593115347502924717e-01
9.626081350359010080e-02 2.417253025427492652e-01 1.515586497415649103e-01 1.550713090709062714e-01
1.020155109904452989e-01 2.378553485012966651e-01 1.500066776773709420e-01 1.481487900073194253e-01
9.082249747589762889e-02 2.393556195261597741e-01 1.641372812608364873e-01 1.597377236662723687e-01
8.918568020234007854e-02 2.363286005574013193e-01 1.610292184029519236e-01 1.640589312406538214e-01
8.536276719289175030e-02 2.496075996213684700e-01 1.401759194903672845e-01 1.623346706743346024e-01
9.117317625601710496e-02 2.535890226167396011e-01 1.510818426212841847e-01 1.664515815182525116e-01
8.981253194026875275e-02 2.266180417781628598e-01 1.613075389698310214e-01 1.699495471843076866e-01
9.186359532977157738e-02 2.446475930583864311e-01 1.493605052861728122e-01 1.615165813370772474e-01
9.435599522549427409e-02 2.380361692304235055e-01 1.566820231192087576e-01 1.557205128135930872e-01
9.098551288859149655e-02 2.391980839027592898e-01 1.449275763536834183e-01 1.652133667376063653e-01
8.769249901174977491e-02 2.384479879016382642e-01 1.585532296925201146e-01 1.644195801581069816e-01
9.133214629073585500e-02 2.517023856162171058e-01 1.432454571373743824e-01 1.502890282283020629e-01
9.153588412532732976e-02 2.600426138529998155e-01 1.430032725814336103e-01 1.584815339792167432e-01
1.001667908374975491e-01 2.342538270849138238e-01 1.520819074243998648e-01 1.548792032668758201e-01
9.717975782788614014e-02 2.497713165480583419e-01 1.387111442949354179e-01 1.504716946637072450e-01
9.670844993585771265e-02 2.457548040207556683e-01 1.540975675961944458e-01 1.588402650834348784e-01
9.570199279094160350e-02 2.285473234929230879e-01 1.491394504848017888e-01 1.637076312722587634e-01
9.703930496391924287e-02 2.385231117295926739e-01 1.433559114587246719e-01 1.681121321965844684e-01
9.400307308166802600e-02 2.249959463666904302e-01 1.591271046709561432e-01 1.526385886637632583e-01
9.150276857181145751e-02 2.620242568467597288e-01 1.515667763065591811e-01 1.773224754607252984e-01
1.011817626084632465e-01 2.305152771575949278e-01 1.546322555429995860e-01 1.654314338125076611e-01
9.339560528620763358e-02 2.355827194155038218e-01 1.582804564771431166e-01 1.626157967012907268e-01
9.398808363971508650e-02 2.394009443030157558e-01 1.463874503283550677e-01 1.743661705553969099e-01
9.109138210113286449e-02 2.481422734305192557e-01 1.443584087042046327e-01 1.533685778544614242e-01
9.101728450096510659e-02 2.318271657429767096e-01 1.586810710782067535e-01 1.566285124274363338e-01
9.236447315916425371e-02 2.374790735377326489e-01 1.531002199442326461e-01 1.558874294648281977e-01
1.006583995565994982e-01 2.434905999525795173e-01 1.531885441761840216e-01 1.640609426822128569e-01
9.497390738445300740e-02 2.501246383653876193e-01 1.684947460268786390e-01 1.568441462443102841e-01
1.030437848025273634e-01 2.370984655292858456e-01 1.539922357972164368e-01 1.659856692999811811e-01
9.715281802348482709e-02 2.431708067199394030e-01 1.588110386876549485e-01 1.598650767896834246e-01
9.430129122835372024e-02 2.459624763306759443e-01 1.385361447913079080e-01 1.519171658593039820e-01
9.318130894899341599e-02 2.543041693123520575e-01 1.404800144941577011e-01 1.596860135791000057e-01
9.236032993887793863e-02 2.363926343304182387e-01 1.442580401984331073e-01 1.507987733794354246e-01
9.477441213617848748e-02 2.751044831530585211e-01 1.553031904884578651e-01 1.764819708864162062e-01
1.037542842886503974e-01 2.486157980132964462e-01 1.534526291102236151e-01 1.651169965142643137e-01
8.752003593416297911e-02 2.581658208542459421e-01 1.411904575352715963e-01 1.477705397382413632e-01
1.018398188971864210e-01 2.617174422662434385e-01 1.425582224918142682e-01 1.593556520297389756e-01
9.290723968458494686e-02 2.279403387282598059e-01 1.453708997003278214e-01 1.542470841949659388e-01
8.629575652665373575e-02 2.239335061962219597e-01 1.537706309552628603e-01 1.507225407203464096e-01
9.817089417675145535e-02 2.537825329715175382e-01 1.631768272593746572e-01 1.632646717256481805e-01
9.636943555465929401e-02 2.556869759904308315e-01 1.711655786743189744e-01 1.525178845940399763e-01
8.509057076597094371e-02 2.575208434773071930e-01 1.597317096025337446e-01 1.658029106613475856e-01
8.798444389345562444e-02 2.395879797626332686e-01 1.447328174082930519e-01 1.627318601829083611e-01
9.154546699044306679e-02 2.521977519159691594e-01 1.596698200117811495e-01 1.611881525895751677e-01
9.130873341527241671e-02 2.593152306196790935e-01 1.531686692746144218e-01 1.445625089190986368e-01
9.346549717089355780e-02 2.454739833742448640e-01 1.511203780660615170e-01 1.670140814373489990e-01
9.005083749682250838e-02 2.512225875321975610e-01 1.588420878253395674e-01 1.578209558518560984e-01
1.019836278405938934e-01 2.475524663959403071e-01 1.434833423313886802e-01 1.640091146088860918e-01
9.755583904630070469e-02 2.213918379869133646e-01 1.598985215884839717e-01 1.652506521204797629e-01
8.971970273397210371e-02 2.494048063326279596e-01 1.583385042490715044e-01 1.651242491089041642e-01
9.599311971350769912e-02 2.458785559861186021e-01 1.500693763289320803e-01 1.559033411631701727e-01
1.017011359183883357e-01 2.627817058883329948e-01 1.628161484710813622e-01 1.657553979723238036e-01
9.010145432476700245e-02 2.441536148663457639e-01 1.569764280962935576e-01 1.744751920757626473e-01
9.328477138373818256e-02 2.559071654138704299e-01 1.445610277165138846e-01 1.536911660029091631e-01
9.135294682157228674e-02 2.499297274450302808e-01 1.618021412959615435e-01 1.811081112581232055e-01
9.914632573104530111e-02 2.705119492943903192e-01 1.514574682465849864e-01 1.733805657646849685e-01
9.466343912470154276e-02 2.472637183501804337e-01 1.737328311310255002e-01 1.534583054187923234e-01
8.737861088356727035e-02 2.559377786409317013e-01 1.525832625661342201e-01 1.451495926619089383e-01
9.367859635486923409e-02 2.422232044362656878e-01 1.648442994108832438e-01 1.616560173987566240e-01
1.033818301936155482e-01 2.254948400305322453e-01 1.408084381407650465e-01 1.631860249576633781e-01
9.629438865916482848e-02 2.381265675722851749e-01 1.633061871243840224e-01 1.594576858580135925e-01
9.077641816100644190e-02 2.381310913847471400e-01 1.608914881720717727e-01 1.637161068064419134e-01
8.870440521636868692e-02 2.272371882808790211e-01 1.604142260596408132e-01 1.670820453465931832e-01
9.390636505257481115e-02 2.421893619092422567e-01 1.475022093436626769e-01 1.431567239291982874e-01
9.991864916776437011e-02 2.409630030862899841e-01 1.431502515779761453e-01 1.631884111696584871e-01
9.309421295657924200e-02 2.503637537572243055e-01 1.478007708163201206e-01 1.580603429952749661e-01
9.548377570762257849e-02 2.463028895315869660e-01 1.640451333714860738e-01 1.610556755292793241e-01
9.293171637703204202e-02 2.589101165663736936e-01 1.436229281987302375e-01 1.736976674289805178e-01
9.557493553447622692e-02 2.557244764370270595e-01 1.516133666463782004e-01 1.706502411249671836e-01
9.365761399684734145e-02 2.500991049015714451e-01 1.620556698271790608e-01 1.489260143390002122e-01
1.045802790990193881e-01 2.377776537787475719e-01 1.702329226461675449e-01 1.615279937943538413e-01
9.694158536209764032e-02 2.685596430450993277e-01 1.434420020325784528e-01 1.562749309330994651e-01
9.356708730000450058e-02 2.606193655428283296e-01 1.349088665480067950e-01 1.651758914164792591e-01
9.005474580026051612e-02 2.256607308672515522e-01 1.386544387680779256e-01 1.401158911851537181e-01
9.406806898681879803e-02 2.405213103604844915e-01 1.530573349993170074e-01 1.665894193639791410e-01
9.658591629647063359e-02 2.367067360715249535e-01 1.643960863370073078e-01 1.711762590863230571e-01
9.897732565938446858e-02 2.272414510232835250e-01 1.630416455214467042e-01 1.586873235344293254e-01
8.820466410039809468e-02 2.662098852763399304e-01 1.486025220313305362e-01 1.619429665932143603e-01
9.133708387063771417e-02 2.318485495317144651e-01 1.477019801187389736e-01 1.554261730422781262e-01
9.390348514622677556e-02 2.547124292859078709e-01 1.544514995556762749e-01 1.382587374165919480e-01
9.648210209076395205e-02 2.459681550973769337e-01 1.414961329684896740e-01 1.717302620990669437e-01
1.013985742022821823e-01 2.499389260395995238e-01 1.478518979136494993e-01 1.716663310526678476e-01
8.885114209872493896e-02 2.502578958727163516e-01 1.403180273355592589e-01 1.485261960862436226e-01
8.367448960636124367e-02 2.536293409562795365e-01 1.515245536638189505e-01 1.720696467629912463e-01
9.470026175453311046e-02 2.428075893384334105e-01 1.434475948961358993e-01 1.709067957741044752e-01
9.147346490851915313e-02 2.320003315144943123e-01 1.567897965719509401e-01 1.566638861159123930e-01
9.452364652451003546e-02 2.544093834497887507e-01 1.454208081654826679e-01 1.516014181379794490e-01
9.219683275631289365e-02 2.539681324423500031e-01 1.463781002209142978e-01 1.570803862228370706e-01
9.130469709065337780e-02 2.527229256195649421e-01 1.591923984022490524e-01 1.589237927826215868e-01
9.657049594639288692e-02 2.504675071589673174e-01 1.632681996437402028e-01 1.589822166549992588e-01
9.375197331670583056e-02 2.409694115398229031e-01 1.533994231458954971e-01 1.500617778882322451e-01
9.361010510617384650e-02 2.289432986115443880e-01 1.406623236476524652e-01 1.558055167417263798e-01
