2.540431405030890044e+00 1.088757238738029898e+01 4.417280697801743372e+02 1.336723246737697650e+02 1.670674380830458290e+02 6.551858284316088429e+03 7.805658474324251983e+03 6.734015244156683366e+03 3.778419478143580257e+00 2.113601597464234427e-01 3.050636540520217377e-01 7.802807127500883677e-01 8.120855780546063496e-01 7.058927877060300338e-01 7.658854823155769598e-01 5.116216647231649484e-01 6.884079356233592240e-01 3.090328411087293614e-01
2.540431405030890044e+00 1.088757238738029898e+01 4.417280697801743372e+02 1.336723246737697650e+02 1.670674380830458290e+02 6.551858284316088429e+03 7.805658474324251983e+03 6.734015244156683366e+03 3.778419478143580257e+00 2.113601597464234427e-01 3.050636540520217377e-01 7.802807127500883677e-01 8.120855780546063496e-01 7.058927877060300338e-01 7.658854823155769598e-01 5.116216647231649484e-01 6.884079356233592240e-01 3.090328411087293614e-01
2.540431405030890044e+00 1.088757238738029898e+01 4.417280697801743372e+02 1.336723246737697650e+02 1.670674380830458290e+02 6.551858284316088429e+03 7.805658474324251983e+03 6.734015244156683366e+03 3.778419478143580257e+00 2.113601597464234427e-01 3.050636540520217377e-01 7.802807127500883677e-01 8.120855780546063496e-01 7.058927877060300338e-01 7.658854823155769598e-01 5.116216647231649484e-01 6.884079356233592240e-01 3.090328411087293614e-01
2.540431405030890044e+00 1.088757238738029898e+01 4.417280697801743372e+02 1.336723246737697650e+02 1.670674380830458290e+02 6.551858284316088429e+03 7.805658474324251983e+03 6.734015244156683366e+03 3.778419478143580257e+00 2.113601597464234427e-01 3.050636540520217377e-01 7.802807127500883677e-01 8.120855780546063496e-01 7.058927877060300338e-01 7.658854823155769598e-01 5.116216647231649484e-01 6.884079356233592240e-01 3.090328411087293614e-01
2.540431405030890044e+00 1.088757238738029898e+01 4.417280697801743372e+02 1.336723246737697650e+02 1.670674380830458290e+02 6.551858284316088429e+03 7.805658474324251983e+03 6.734015244156683366e+03 3.778419478143580257e+00 2.113601597464234427e-01 3.050636540520217377e-01 7.802807127500883677e-01 8.120855780546063496e-01 7.058927877060300338e-01 7.658854823155769598e-01 5.116216647231649484e-01 6.884079356233592240e-01 3.090328411087293614e-01
2.540431405030890044e+00 1.088757238738029898e+01 4.417280697801743372e+02 1.336723246737697650e+02 1.670674380830458290e+02 6.551858284316088429e+03 7.805658474324251983e+03 6.734015244156683366e+03 3.778419478143580257e+00 2.113601597464234427e-01 3.050636540520217377e-01 7.802807127500883677e-01 8.120855780546063496e-01 7.058927877060300338e-01 7.658854823155769598e-01 5.116216647231649484e-01 6.884079356233592240e-01 3.090328411087293614e-01
2.540431405030890044e+00 1.088757238738029898e+01 4.417280697801743372e+02 1.336723246737697650e+02 1.670674380830458290e+02 6.551858284316088429e+03 7.805658474324251983e+03 6.734015244156683366e+03 3.778419478143580257e+00 2.113601597464234427e-01 3.050636540520217377e-01 7.802807127500883677e-01 8.120855780546063496e-01 7.058927877060300338e-01 7.658854823155769598e-01 5.116216647231649484e-01 6.884079356233592240e-01 3.090328411087293614e-01
2.540431405030890044e+00 1.088757238738029898e+01 4.417280697801743372e+02 1.336723246737697650e+02 1.670674380830458290e+02 6.551858284316088429e+03 7.805658474324251983e+03 6.734015244156683366e+03 3.778419478143580257e+00 2.113601597464234427e-01 3.050636540520217377e-01 7.802807127500883677e-01 8.120855780546063496e-01 7.058927877060300338e-01 7.658854823155769598e-01 5.116216647231649484e-01 6.884079356233592240e-01 3.090328411087293614e-01
2.540431405030890044e+00 1.088757238738029898e+01 4.417280697801743372e+02 1.336723246737697650e+02 1.670674380830458290e+02 6.551858284316088429e+03 7.805658474324251983e+03 6.734015244156683366e+03 3.778419478143580257e+00 2.113601597464234427e-01 3.050636540520217377e-01 7.802807127500883677e-01 8.120855780546063496e-01 7.058927877060300338e-01 7.658854823155769598e-01 5.116216647231649484e-01 6.884079356233592240e-01 3.090328411087293614e-01
2.540431405030890044e+00 1.088757238738029898e+01 4.417280697801743372e+02 1.336723246737697650e+02 1.670674380830458290e+02 6.551858284316088429e+03 7.805658474324251983e+03 6.734015244156683366e+03 3.778419478143580257e+00 2.113601597464234427e-01 3.050636540520217377e-01 7.802807127500883677e-01 8.120855780546063496e-01 7.058927877060300338e-01 7.658854823155769598e-01 5.116216647231649484e-01 6.884079356233592240e-01 3.090328411087293614e-01
2.540431405030890044e+00 1.088757238738029898e+01 4.417280697801743372e+02 1.336723246737697650e+02 1.670674380830458290e+02 6.551858284316088429e+03 7.805658474324251983e+03 6.734015244156683366e+03 3.778419478143580257e+00 2.113601597464234427e-01 3.050636540520217377e-01 7.802807127500883677e-01 8.120855780546063496e-01 7.058927877060300338e-01 7.658854823155769598e-01 5.116216647231649484e-01 6.884079356233592240e-01 3.090328411087293614e-01
2.540431405030890044e+00 1.088757238738029898e+01 4.417280697801743372e+02 1.336723246737697650e+02 1.670674380830458290e+02 6.551858284316088429e+03 7.805658474324251983e+03 6.734015244156683366e+03 3.778419478143580257e+00 2.113601597464234427e-01 3.050636540520217377e-01 7.802807127500883677e-01 8.120855780546063496e-01 7.058927877060300338e-01 7.658854823155769598e-01 5.116216647231649484e-01 6.884079356233592240e-01 3.090328411087293614e-01
2.540431405030890044e+00 1.088757238738029898e+01 4.417280697801743372e+02 1.336723246737697650e+02 1.670674380830458290e+02 6.551858284316088429e+03 7.805658474324251983e+03 6.734015244156683366e+03 3.778419478143580257e+00 2.113601597464234427e-01 3.050636540520217377e-01 7.802807127500883677e-01 8.120855780546063496e-01 7.058927877060300338e-01 7.658854823155769598e-01 5.116216647231649484e-01 6.884079356233592240e-01 3.090328411087293614e-01
2.540431405030890044e+00 1.088757238738029898e+01 4.417280697801743372e+02 1.336723246737697650e+02 1.670674380830458290e+02 6.551858284316088429e+03 7.805658474324251983e+03 6.734015244156683366e+03 3.778419478143580257e+00 2.113601597464234427e-01 3.050636540520217377e-01 7.802807127500883677e-01 8.120855780546063496e-01 7.058927877060300338e-01 7.658854823155769598e-01 5.116216647231649484e-01 6.884079356233592240e-01 3.090328411087293614e-01
2.540431405030890044e+00 1.088757238738029898e+01 4.417280697801743372e+02 1.336723246737697650e+02 1.670674380830458290e+02 6.551858284316088429e+03 7.805658474324251983e+03 6.734015244156683366e+03 3.778419478143580257e+00 2.113601597464234427e-01 3.050636540520217377e-01 7.802807127500883677e-01 8.120855780546063496e-01 7.058927877060300338e-01 7.658854823155769598e-01 5.116216647231649484e-01 6.884079356233592240e-01 3.090328411087293614e-01
2.540431405030890044e+00 1.088757238738029898e+01 4.417280697801743372e+02 1.336723246737697650e+02 1.670674380830458290e+02 6.551858284316088429e+03 7.805658474324251983e+03 6.734015244156683366e+03 3.778419478143580257e+00 2.113601597464234427e-01 3.050636540520217377e-01 7.802807127500883677e-01 8.120855780546063496e-01 7.058927877060300338e-01 7.658854823155769598e-01 5.116216647231649484e-01 6.884079356233592240e-01 3.090328411087293614e-01
2.540431405030890044e+00 1.088757238738029898e+01 4.417280697801743372e+02 1.336723246737697650e+02 1.670674380830458290e+02 6.551858284316088429e+03 7.805658474324251983e+03 6.734015244156683366e+03 3.778419478143580257e+00 2.113601597464234427e-01 3.050636540520217377e-01 7.802807127500883677e-01 8.120855780546063496e-01 7.058927877060300338e-01 7.658854823155769598e-01 5.116216647231649484e-01 6.884079356233592240e-01 3.090328411087293614e-01
2.540431405030890044e+00 1.088757238738029898e+01 4.417280697801743372e+02 1.336723246737697650e+02 1.670674380830458290e+02 6.551858284316088429e+03 7.805658474324251983e+03 6.734015244156683366e+03 3.778419478143580257e+00 2.113601597464234427e-01 3.050636540520217377e-01 7.802807127500883677e-01 8.120855780546063496e-01 7.058927877060300338e-01 7.658854823155769598e-01 5.116216647231649484e-01 6.884079356233592240e-01 3.090328411087293614e-01
2.540431405030890044e+00 1.088757238738029898e+01 4.417280697801743372e+02 1.336723246737697650e+02 1.670674380830458290e+02 6.551858284316088429e+03 7.805658474324251983e+03 6.734015244156683366e+03 3.778419478143580257e+00 2.113601597464234427e-01 3.050636540520217377e-01 7.802807127500883677e-01 8.120855780546063496e-01 7.058927877060300338e-01 7.658854823155769598e-01 5.116216647231649484e-01 6.884079356233592240e-01 3.090328411087293614e-01
2.540431405030890044e+00 1.088757238738029898e+01 4.417280697801743372e+02 1.336723246737697650e+02 1.670674380830458290e+02 6.551858284316088429e+03 7.805658474324251983e+03 6.734015244156683366e+03 3.778419478143580257e+00 2.113601597464234427e-01 3.050636540520217377e-01 7.802807127500883677e-01 8.120855780546063496e-01 7.058927877060300338e-01 7.658854823155769598e-01 5.116216647231649484e-01 6.884079356233592240e-01 3.090328411087293614e-01
2.540431405030890044e+00 1.088757238738029898e+01 4.417280697801743372e+02 1.336723246737697650e+02 1.670674380830458290e+02 6.551858284316088429e+03 7.805658474324251983e+03 6.734015244156683366e+03 3.778419478143580257e+00 2.113601597464234427e-01 3.050636540520217377e-01 7.802807127500883677e-01 8.120855780546063496e-01 7.058927877060300338e-01 7.658854823155769598e-01 5.116216647231649484e-01 6.884079356233592240e-01 3.090328411087293614e-01
2.540431405030890044e+00 1.088757238738029898e+01 4.417280697801743372e+02 1.336723246737697650e+02 1.670674380830458290e+02 6.551858284316088429e+03 7.805658474324251983e+03 6.734015244156683366e+03 3.778419478143580257e+00 2.113601597464234427e-01 3.050636540520217377e-01 7.802807127500883677e-01 8.120855780546063496e-01 7.058927877060300338e-01 7.658854823155769598e-01 5.116216647231649484e-01 6.884079356233592240e-01 3.090328411087293614e-01
2.540431405030890044e+00 1.088757238738029898e+01 4.417280697801743372e+02 1.336723246737697650e+02 1.670674380830458290e+02 6.551858284316088429e+03 7.805658474324251983e+03 6.734015244156683366e+03 3.778419478143580257e+00 2.113601597464234427e-01 3.050636540520217377e-01 7.802807127500883677e-01 8.120855780546063496e-01 7.058927877060300338e-01 7.658854823155769598e-01 5.116216647231649484e-01 6.884079356233592240e-01 3.090328411087293614e-01
2.540431405030890044e+00 1.088757238738029898e+01 4.417280697801743372e+02 1.336723246737697650e+02 1.670674380830458290e+02 6.551858284316088429e+03 7.805658474324251983e+03 6.734015244156683366e+03 3.778419478143580257e+00 2.113601597464234427e-01 3.050636540520217377e-01 7.802807127500883677e-01 8.120855780546063496e-01 7.058927877060300338e-01 7.658854823155769598e-01 5.116216647231649484e-01 6.884079356233592240e-01 3.090328411087293614e-01
2.540431405030890044e+00 1.088757238738029898e+01 4.417280697801743372e+02 1.336723246737697650e+02 1.670674380830458290e+02 6.551858284316088429e+03 7.805658474324251983e+03 6.734015244156683366e+03 3.778419478143580257e+00 2.113601597464234427e-01 3.050636540520217377e-01 7.802807127500883677e-01 8.120855780546063496e-01 7.058927877060300338e-01 7.658854823155769598e-01 5.116216647231649484e-01 6.884079356233592240e-01 3.090328411087293614e-01
2.540431405030890044e+00 1.088757238738029898e+01 4.417280697801743372e+02 1.336723246737697650e+02 1.670674380830458290e+02 6.551858284316088429e+03 7.805658474324251983e+03 6.734015244156683366e+03 3.778419478143580257e+00 2.113601597464234427e-01 3.050636540520217377e-01 7.802807127500883677e-01 8.120855780546063496e-01 7.058927877060300338e-01 7.658854823155769598e-01 5.116216647231649484e-01 6.884079356233592240e-01 3.090328411087293614e-01
2.540431405030890044e+00 1.088757238738029898e+01 4.417280697801743372e+02 1.336723246737697650e+02 1.670674380830458290e+02 6.551858284316088429e+03 7.805658474324251983e+03 6.734015244156683366e+03 3.778419478143580257e+00 2.113601597464234427e-01 3.050636540520217377e-01 7.802807127500883677e-01 8.120855780546063496e-01 7.058927877060300338e-01 7.658854823155769598e-01 5.116216647231649484e-01 6.884079356233592240e-01 3.090328411087293614e-01
2.540431405030890044e+00 1.088757238738029898e+01 4.417280697801743372e+02 1.336723246737697650e+02 1.670674380830458290e+02 6.551858284316088429e+03 7.805658474324251983e+03 6.734015244156683366e+03 3.778419478143580257e+00 2.113601597464234427e-01 3.050636540520217377e-01 7.802807127500883677e-01 8.120855780546063496e-01 7.058927877060300338e-01 7.658854823155769598e-01 5.116216647231649484e-01 6.884079356233592240e-01 3.090328411087293614e-01
2.540431405030890044e+00 1.088757238738029898e+01 4.417280697801743372e+02 1.336723246737697650e+02 1.670674380830458290e+02 6.551858284316088429e+03 7.805658474324251983e+03 6.734015244156683366e+03 3.778419478143580257e+00 2.113601597464234427e-01 3.050636540520217377e-01 7.802807127500883677e-01 8.120855780546063496e-01 7.058927877060300338e-01 7.658854823155769598e-01 5.116216647231649484e-01 6.884079356233592240e-01 3.090328411087293614e-01
2.540431405030890044e+00 1.088757238738029898e+01 4.417280697801743372e+02 1.336723246737697650e+02 1.670674380830458290e+02 6.551858284316088429e+03 7.805658474324251983e+03 6.734015244156683366e+03 3.778419478143580257e+00 2.113601597464234427e-01 3.050636540520217377e-01 7.802807127500883677e-01 8.120855780546063496e-01 7.058927877060300338e-01 7.658854823155769598e-01 5.116216647231649484e-01 6.884079356233592240e-01 3.090328411087293614e-01
2.540431405030890044e+00 1.088757238738029898e+01 4.417280697801743372e+02 1.336723246737697650e+02 1.670674380830458290e+02 6.551858284316088429e+03 7.805658474324251983e+03 6.734015244156683366e+03 3.778419478143580257e+00 2.113601597464234427e-01 3.050636540520217377e-01 7.802807127500883677e-01 8.120855780546063496e-01 7.058927877060300338e-01 7.658854823155769598e-01 5.116216647231649484e-01 6.884079356233592240e-01 3.090328411087293614e-01
2.540431405030890044e+00 1.088757238738029898e+01 4.417280697801743372e+02 1.336723246737697650e+02 1.670674380830458290e+02 6.551858284316088429e+03 7.805658474324251983e+03 6.734015244156683366e+03 3.778419478143580257e+00 2.113601597464234427e-01 3.050636540520217377e-01 7.802807127500883677e-01 8.120855780546063496e-01 7.058927877060300338e-01 7.658854823155769598e-01 5.116216647231649484e-01 6.884079356233592240e-01 3.090328411087293614e-01
2.540431405030890044e+00 1.088757238738029898e+01 4.417280697801743372e+02 1.336723246737697650e+02 1.670674380830458290e+02 6.551858284316088429e+03 7.805658474324251983e+03 6.734015244156683366e+03 3.778419478143580257e+00 2.113601597464234427e-01 3.050636540520217377e-01 7.802807127500883677e-01 8.120855780546063496e-01 7.058927877060300338e-01 7.658854823155769598e-01 5.116216647231649484e-01 6.884079356233592240e-01 3.090328411087293614e-01
2.540431405030890044e+00 1.088757238738029898e+01 4.417280697801743372e+02 1.336723246737697650e+02 1.670674380830458290e+02 6.551858284316088429e+03 7.805658474324251983e+03 6.734015244156683366e+03 3.778419478143580257e+00 2.113601597464234427e-01 3.050636540520217377e-01 7.802807127500883677e-01 8.120855780546063496e-01 7.058927877060300338e-01 7.658854823155769598e-01 5.116216647231649484e-01 6.884079356233592240e-01 3.090328411087293614e-01
2.540431405030890044e+00 1.088757238738029898e+01 4.417280697801743372e+02 1.336723246737697650e+02 1.670674380830458290e+02 6.551858284316088429e+03 7.805658474324251983e+03 6.734015244156683366e+03 3.778419478143580257e+00 2.113601597464234427e-01 3.050636540520217377e-01 7.802807127500883677e-01 8.120855780546063496e-01 7.058927877060300338e-01 7.658854823155769598e-01 5.116216647231649484e-01 6.884079356233592240e-01 3.090328411087293614e-01
2.540431405030890044e+00 1.088757238738029898e+01 4.417280697801743372e+02 1.336723246737697650e+02 1.670674380830458290e+02 6.551858284316088429e+03 7.805658474324251983e+03 6.734015244156683366e+03 3.778419478143580257e+00 2.113601597464234427e-01 3.050636540520217377e-01 7.802807127500883677e-01 8.120855780546063496e-01 7.058927877060300338e-01 7.658854823155769598e-01 5.116216647231649484e-01 6.884079356233592240e-01 3.090328411087293614e-01
2.540431405030890044e+00 1.088757238738029898e+01 4.417280697801743372e+02 1.336723246737697650e+02 1.670674380830458290e+02 6.551858284316088429e+03 7.805658474324251983e+03 6.734015244156683366e+03 3.778419478143580257e+00 2.113601597464234427e-01 3.050636540520217377e-01 7.802807127500883677e-01 8.120855780546063496e-01 7.058927877060300338e-01 7.658854823155769598e-01 5.116216647231649484e-01 6.884079356233592240e-01 3.090328411087293614e-01
2.540431405030890044e+00 1.088757238738029898e+01 4.417280697801743372e+02 1.336723246737697650e+02 1.670674380830458290e+02 6.551858284316088429e+03 7.805658474324251983e+03 6.734015244156683366e+03 3.778419478143580257e+00 2.113601597464234427e-01 3.050636540520217377e-01 7.802807127500883677e-01 8.120855780546063496e-01 7.058927877060300338e-01 7.658854823155769598e-01 5.116216647231649484e-01 6.884079356233592240e-01 3.090328411087293614e-01
2.540431405030890044e+00 1.088757238738029898e+01 4.417280697801743372e+02 1.336723246737697650e+02 1.670674380830458290e+02 6.551858284316088429e+03 7.805658474324251983e+03 6.734015244156683366e+03 3.778419478143580257e+00 2.113601597464234427e-01 3.050636540520217377e-01 7.802807127500883677e-01 8.120855780546063496e-01 7.058927877060300338e-01 7.658854823155769598e-01 5.116216647231649484e-01 6.884079356233592240e-01 3.090328411087293614e-01
2.540431405030890044e+00 1.088757238738029898e+01 4.417280697801743372e+02 1.336723246737697650e+02 1.670674380830458290e+02 6.551858284316088429e+03 7.805658474324251983e+03 6.734015244156683366e+03 3.778419478143580257e+00 2.113601597464234427e-01 3.050636540520217377e-01 7.802807127500883677e-01 8.120855780546063496e-01 7.058927877060300338e-01 7.658854823155769598e-01 5.116216647231649484e-01 6.884079356233592240e-01 3.090328411087293614e-01
2.540431405030890044e+00 1.088757238738029898e+01 4.417280697801743372e+02 1.336723246737697650e+02 1.670674380830458290e+02 6.551858284316088429e+03 7.805658474324251983e+03 6.734015244156683366e+03 3.778419478143580257e+00 2.113601597464234427e-01 3.050636540520217377e-01 7.802807127500883677e-01 8.120855780546063496e-01 7.058927877060300338e-01 7.658854823155769598e-01 5.116216647231649484e-01 6.884079356233592240e-01 3.090328411087293614e-01
2.540431405030890044e+00 1.088757238738029898e+01 4.417280697801743372e+02 1.336723246737697650e+02 1.670674380830458290e+02 6.551858284316088429e+03 7.805658474324251983e+03 6.734015244156683366e+03 3.778419478143580257e+00 2.113601597464234427e-01 3.050636540520217377e-01 7.802807127500883677e-01 8.120855780546063496e-01 7.058927877060300338e-01 7.658854823155769598e-01 5.116216647231649484e-01 6.884079356233592240e-01 3.090328411087293614e-01
2.540431405030890044e+00 1.088757238738029898e+01 4.417280697801743372e+02 1.336723246737697650e+02 1.670674380830458290e+02 6.551858284316088429e+03 7.805658474324251983e+03 6.734015244156683366e+03 3.778419478143580257e+00 2.113601597464234427e-01 3.050636540520217377e-01 7.802807127500883677e-01 8.120855780546063496e-01 7.058927877060300338e-01 7.658854823155769598e-01 5.116216647231649484e-01 6.884079356233592240e-01 3.090328411087293614e-01
2.540431405030890044e+00 1.088757238738029898e+01 4.417280697801743372e+02 1.336723246737697650e+02 1.670674380830458290e+02 6.551858284316088429e+03 7.805658474324251983e+03 6.734015244156683366e+03 3.778419478143580257e+00 2.113601597464234427e-01 3.050636540520217377e-01 7.802807127500883677e-01 8.120855780546063496e-01 7.058927877060300338e-01 7.658854823155769598e-01 5.116216647231649484e-01 6.884079356233592240e-01 3.090328411087293614e-01
2.540431405030890044e+00 1.088757238738029898e+01 4.417280697801743372e+02 1.336723246737697650e+02 1.670674380830458290e+02 6.551858284316088429e+03 7.805658474324251983e+03 6.734015244156683366e+03 3.778419478143580257e+00 2.113601597464234427e-01 3.050636540520217377e-01 7.802807127500883677e-01 8.120855780546063496e-01 7.058927877060300338e-01 7.658854823155769598e-01 5.116216647231649484e-01 6.884079356233592240e-01 3.090328411087293614e-01
2.540431405030890044e+00 1.088757238738029898e+01 4.417280697801743372e+02 1.336723246737697650e+02 1.670674380830458290e+02 6.551858284316088429e+03 7.805658474324251983e+03 6.734015244156683366e+03 3.778419478143580257e+00 2.113601597464234427e-01 3.050636540520217377e-01 7.802807127500883677e-01 8.120855780546063496e-01 7.058927877060300338e-01 7.658854823155769598e-01 5.116216647231649484e-01 6.884079356233592240e-01 3.090328411087293614e-01
2.540431405030890044e+00 1.088757238738029898e+01 4.417280697801743372e+02 1.336723246737697650e+02 1.670674380830458290e+02 6.551858284316088429e+03 7.805658474324251983e+03 6.734015244156683366e+03 3.778419478143580257e+00 2.113601597464234427e-01 3.050636540520217377e-01 7.802807127500883677e-01 8.120855780546063496e-01 7.058927877060300338e-01 7.658854823155769598e-01 5.116216647231649484e-01 6.884079356233592240e-01 3.090328411087293614e-01
2.540431405030890044e+00 1.088757238738029898e+01 4.417280697801743372e+02 1.336723246737697650e+02 1.670674380830458290e+02 6.551858284316088429e+03 7.805658474324251983e+03 6.734015244156683366e+03 3.778419478143580257e+00 2.113601597464234427e-01 3.050636540520217377e-01 7.802807127500883677e-01 8.120855780546063496e-01 7.058927877060300338e-01 7.658854823155769598e-01 5.116216647231649484e-01 6.884079356233592240e-01 3.090328411087293614e-01
2.540431405030890044e+00 1.088757238738029898e+01 4.417280697801743372e+02 1.336723246737697650e+02 1.670674380830458290e+02 6.551858284316088429e+03 7.805658474324251983e+03 6.734015244156683366e+03 3.778419478143580257e+00 2.113601597464234427e-01 3.050636540520217377e-01 7.802807127500883677e-01 8.120855780546063496e-01 7.058927877060300338e-01 7.658854823155769598e-01 5.116216647231649484e-01 6.884079356233592240e-01 3.090328411087293614e-01
2.540431405030890044e+00 1.088757238738029898e+01 4.417280697801743372e+02 1.336723246737697650e+02 1.670674380830458290e+02 6.551858284316088429e+03 7.805658474324251983e+03 6.734015244156683366e+03 3.778419478143580257e+00 2.113601597464234427e-01 3.050636540520217377e-01 7.802807127500883677e-01 8.120855780546063496e-01 7.058927877060300338e-01 7.658854823155769598e-01 5.116216647231649484e-01 6.884079356233592240e-01 3.090328411087293614e-01
2.540431405030890044e+00 1.088757238738029898e+01 4.417280697801743372e+02 1.336723246737697650e+02 1.670674380830458290e+02 6.551858284316088429e+03 7.805658474324251983e+03 6.734015244156683366e+03 3.778419478143580257e+00 2.113601597464234427e-01 3.050636540520217377e-01 7.802807127500883677e-01 8.120855780546063496e-01 7.058927877060300338e-01 7.658854823155769598e-01 5.116216647231649484e-01 6.884079356233592240e-01 3.090328411087293614e-01
2.540431405030890044e+00 1.088757238738029898e+01 4.417280697801743372e+02 1.336723246737697650e+02 1.670674380830458290e+02 6.551858284316088429e+03 7.805658474324251983e+03 6.734015244156683366e+03 3.778419478143580257e+00 2.113601597464234427e-01 3.050636540520217377e-01 7.802807127500883677e-01 8.120855780546063496e-01 7.058927877060300338e-01 7.658854823155769598e-01 5.116216647231649484e-01 6.884079356233592240e-01 3.090328411087293614e-01
2.540431405030890044e+00 1.088757238738029898e+01 4.417280697801743372e+02 1.336723246737697650e+02 1.670674380830458290e+02 6.551858284316088429e+03 7.805658474324251983e+03 6.734015244156683366e+03 3.778419478143580257e+00 2.113601597464234427e-01 3.050636540520217377e-01 7.802807127500883677e-01 8.120855780546063496e-01 7.058927877060300338e-01 7.658854823155769598e-01 5.116216647231649484e-01 6.884079356233592240e-01 3.090328411087293614e-01
2.540431405030890044e+00 1.088757238738029898e+01 4.417280697801743372e+02 1.336723246737697650e+02 1.670674380830458290e+02 6.551858284316088429e+03 7.805658474324251983e+03 6.734015244156683366e+03 3.778419478143580257e+00 2.113601597464234427e-01 3.050636540520217377e-01 7.802807127500883677e-01 8.120855780546063496e-01 7.058927877060300338e-01 7.658854823155769598e-01 5.116216647231649484e-01 6.884079356233592240e-01 3.090328411087293614e-01
2.540431405030890044e+00 1.088757238738029898e+01 4.417280697801743372e+02 1.336723246737697650e+02 1.670674380830458290e+02 6.551858284316088429e+03 7.805658474324251983e+03 6.734015244156683366e+03 3.778419478143580257e+00 2.113601597464234427e-01 3.050636540520217377e-01 7.802807127500883677e-01 8.120855780546063496e-01 7.058927877060300338e-01 7.658854823155769598e-01 5.116216647231649484e-01 6.884079356233592240e-01 3.090328411087293614e-01
2.540431405030890044e+00 1.088757238738029898e+01 4.417280697801743372e+02 1.336723246737697650e+02 1.670674380830458290e+02 6.551858284316088429e+03 7.805658474324251983e+03 6.734015244156683366e+03 3.778419478143580257e+00 2.113601597464234427e-01 3.050636540520217377e-01 7.802807127500883677e-01 8.120855780546063496e-01 7.058927877060300338e-01 7.658854823155769598e-01 5.116216647231649484e-01 6.884079356233592240e-01 3.090328411087293614e-01
2.540431405030890044e+00 1.088757238738029898e+01 4.417280697801743372e+02 1.336723246737697650e+02 1.670674380830458290e+02 6.551858284316088429e+03 7.805658474324251983e+03 6.734015244156683366e+03 3.778419478143580257e+00 2.113601597464234427e-01 3.050636540520217377e-01 7.802807127500883677e-01 8.120855780546063496e-01 7.058927877060300338e-01 7.658854823155769598e-01 5.116216647231649484e-01 6.884079356233592240e-01 3.090328411087293614e-01
2.540431405030890044e+00 1.088757238738029898e+01 4.417280697801743372e+02 1.336723246737697650e+02 1.670674380830458290e+02 6.551858284316088429e+03 7.805658474324251983e+03 6.734015244156683366e+03 3.778419478143580257e+00 2.113601597464234427e-01 3.050636540520217377e-01 7.802807127500883677e-01 8.120855780546063496e-01 7.058927877060300338e-01 7.658854823155769598e-01 5.116216647231649484e-01 6.884079356233592240e-01 3.090328411087293614e-01
2.540431405030890044e+00 1.088757238738029898e+01 4.417280697801743372e+02 1.336723246737697650e+02 1.670674380830458290e+02 6.551858284316088429e+03 7.805658474324251983e+03 6.734015244156683366e+03 3.778419478143580257e+00 2.113601597464234427e-01 3.050636540520217377e-01 7.802807127500883677e-01 8.120855780546063496e-01 7.058927877060300338e-01 7.658854823155769598e-01 5.116216647231649484e-01 6.884079356233592240e-01 3.090328411087293614e-01
2.540431405030890044e+00 1.088757238738029898e+01 4.417280697801743372e+02 1.336723246737697650e+02 1.670674380830458290e+02 6.551858284316088429e+03 7.805658474324251983e+03 6.734015244156683366e+03 3.778419478143580257e+00 2.113601597464234427e-01 3.050636540520217377e-01 7.802807127500883677e-01 8.120855780546063496e-01 7.058927877060300338e-01 7.658854823155769598e-01 5.116216647231649484e-01 6.884079356233592240e-01 3.090328411087293614e-01
2.540431405030890044e+00 1.088757238738029898e+01 4.417280697801743372e+02 1.336723246737697650e+02 1.670674380830458290e+02 6.551858284316088429e+03 7.805658474324251983e+03 6.734015244156683366e+03 3.778419478143580257e+00 2.113601597464234427e-01 3.050636540520217377e-01 7.802807127500883677e-01 8.120855780546063496e-01 7.058927877060300338e-01 7.658854823155769598e-01 5.116216647231649484e-01 6.884079356233592240e-01 3.090328411087293614e-01
2.540431405030890044e+00 1.088757238738029898e+01 4.417280697801743372e+02 1.336723246737697650e+02 1.670674380830458290e+02 6.551858284316088429e+03 7.805658474324251983e+03 6.734015244156683366e+03 3.778419478143580257e+00 2.113601597464234427e-01 3.050636540520217377e-01 7.802807127500883677e-01 8.120855780546063496e-01 7.058927877060300338e-01 7.658854823155769598e-01 5.116216647231649484e-01 6.884079356233592240e-01 3.090328411087293614e-01
2.540431405030890044e+00 1.088757238738029898e+01 4.417280697801743372e+02 1.336723246737697650e+02 1.670674380830458290e+02 6.551858284316088429e+03 7.805658474324251983e+03 6.734015244156683366e+03 3.778419478143580257e+00 2.113601597464234427e-01 3.050636540520217377e-01 7.802807127500883677e-01 8.120855780546063496e-01 7.058927877060300338e-01 7.658854823155769598e-01 5.116216647231649484e-01 6.884079356233592240e-01 3.090328411087293614e-01
2.540431405030890044e+00 1.088757238738029898e+01 4.417280697801743372e+02 1.336723246737697650e+02 1.670674380830458290e+02 6.551858284316088429e+03 7.805658474324251983e+03 6.734015244156683366e+03 3.778419478143580257e+00 2.113601597464234427e-01 3.050636540520217377e-01 7.802807127500883677e-01 8.120855780546063496e-01 7.058927877060300338e-01 7.658854823155769598e-01 5.116216647231649484e-01 6.884079356233592240e-01 3.090328411087293614e-01
2.540431405030890044e+00 1.088757238738029898e+01 4.417280697801743372e+02 1.336723246737697650e+02 1.670674380830458290e+02 6.551858284316088429e+03 7.805658474324251983e+03 6.734015244156683366e+03 3.778419478143580257e+00 2.113601597464234427e-01 3.050636540520217377e-01 7.802807127500883677e-01 8.120855780546063496e-01 7.058927877060300338e-01 7.658854823155769598e-01 5.116216647231649484e-01 6.884079356233592240e-01 3.090328411087293614e-01
2.540431405030890044e+00 1.088757238738029898e+01 4.417280697801743372e+02 1.336723246737697650e+02 1.670674380830458290e+02 6.551858284316088429e+03 7.805658474324251983e+03 6.734015244156683366e+03 3.778419478143580257e+00 2.113601597464234427e-01 3.050636540520217377e-01 7.802807127500883677e-01 8.120855780546063496e-01 7.058927877060300338e-01 7.658854823155769598e-01 5.116216647231649484e-01 6.884079356233592240e-01 3.090328411087293614e-01
2.540431405030890044e+00 1.088757238738029898e+01 4.417280697801743372e+02 1.336723246737697650e+02 1.670674380830458290e+02 6.551858284316088429e+03 7.805658474324251983e+03 6.734015244156683366e+03 3.778419478143580257e+00 2.113601597464234427e-01 3.050636540520217377e-01 7.802807127500883677e-01 8.120855780546063496e-01 7.058927877060300338e-01 7.658854823155769598e-01 5.116216647231649484e-01 6.884079356233592240e-01 3.090328411087293614e-01
2.540431405030890044e+00 1.088757238738029898e+01 4.417280697801743372e+02 1.336723246737697650e+02 1.670674380830458290e+02 6.551858284316088429e+03 7.805658474324251983e+03 6.734015244156683366e+03 3.778419478143580257e+00 2.113601597464234427e-01 3.050636540520217377e-01 7.802807127500883677e-01 8.120855780546063496e-01 7.058927877060300338e-01 7.658854823155769598e-01 5.116216647231649484e-01 6.884079356233592240e-01 3.090328411087293614e-01
2.540431405030890044e+00 1.088757238738029898e+01 4.417280697801743372e+02 1.336723246737697650e+02 1.670674380830458290e+02 6.551858284316088429e+03 7.805658474324251983e+03 6.734015244156683366e+03 3.778419478143580257e+00 2.113601597464234427e-01 3.050636540520217377e-01 7.802807127500883677e-01 8.120855780546063496e-01 7.058927877060300338e-01 7.658854823155769598e-01 5.116216647231649484e-01 6.884079356233592240e-01 3.090328411087293614e-01
2.540431405030890044e+00 1.088757238738029898e+01 4.417280697801743372e+02 1.336723246737697650e+02 1.670674380830458290e+02 6.551858284316088429e+03 7.805658474324251983e+03 6.734015244156683366e+03 3.778419478143580257e+00 2.113601597464234427e-01 3.050636540520217377e-01 7.802807127500883677e-01 8.120855780546063496e-01 7.058927877060300338e-01 7.658854823155769598e-01 5.116216647231649484e-01 6.884079356233592240e-01 3.090328411087293614e-01
2.540431405030890044e+00 1.088757238738029898e+01 4.417280697801743372e+02 1.336723246737697650e+02 1.670674380830458290e+02 6.551858284316088429e+03 7.805658474324251983e+03 6.734015244156683366e+03 3.778419478143580257e+00 2.113601597464234427e-01 3.050636540520217377e-01 7.802807127500883677e-01 8.120855780546063496e-01 7.058927877060300338e-01 7.658854823155769598e-01 5.116216647231649484e-01 6.884079356233592240e-01 3.090328411087293614e-01
2.540431405030890044e+00 1.088757238738029898e+01 4.417280697801743372e+02 1.336723246737697650e+02 1.670674380830458290e+02 6.551858284316088429e+03 7.805658474324251983e+03 6.734015244156683366e+03 3.778419478143580257e+00 2.113601597464234427e-01 3.050636540520217377e-01 7.802807127500883677e-01 8.120855780546063496e-01 7.058927877060300338e-01 7.658854823155769598e-01 5.116216647231649484e-01 6.884079356233592240e-01 3.090328411087293614e-01
2.540431405030890044e+00 1.088757238738029898e+01 4.417280697801743372e+02 1.336723246737697650e+02 1.670674380830458290e+02 6.551858284316088429e+03 7.805658474324251983e+03 6.734015244156683366e+03 3.778419478143580257e+00 2.113601597464234427e-01 3.050636540520217377e-01 7.802807127500883677e-01 8.120855780546063496e-01 7.058927877060300338e-01 7.658854823155769598e-01 5.116216647231649484e-01 6.884079356233592240e-01 3.090328411087293614e-01
2.540624396058756673e+00 1.086970268584657617e+01 4.419127507739634666e+02 1.340123820951216089e+02 1.670615123192475551e+02 6.590120865284247884e+03 7.825187149126517397e+03 6.734713357350957267e+03 3.784832330106208342e+00 2.094924389679995724e-01 3.019980184006757495e-01 7.717615907168017264e-01 8.008238843824682096e-01 7.030713771412487878e-01 7.690548463551994951e-01 5.109170386647480244e-01 6.923599231631445416e-01 3.092176066653228306e-01
2.540624396058756673e+00 1.086970268584657617e+01 4.419127507739634666e+02 1.340123820951216089e+02 1.670615123192475551e+02 6.590120865284247884e+03 7.825187149126517397e+03 6.734713357350957267e+03 3.784832330106208342e+00 2.094924389679995724e-01 3.019980184006757495e-01 7.717615907168017264e-01 8.008238843824682096e-01 7.030713771412487878e-01 7.690548463551994951e-01 5.109170386647480244e-01 6.923599231631445416e-01 3.092176066653228306e-01
2.540624396058756673e+00 1.086970268584657617e+01 4.419127507739634666e+02 1.340123820951216089e+02 1.670615123192475551e+02 6.590120865284247884e+03 7.825187149126517397e+03 6.734713357350957267e+03 3.784832330106208342e+00 2.094924389679995724e-01 3.019980184006757495e-01 7.717615907168017264e-01 8.008238843824682096e-01 7.030713771412487878e-01 7.690548463551994951e-01 5.109170386647480244e-01 6.923599231631445416e-01 3.092176066653228306e-01
2.540624396058756673e+00 1.086970268584657617e+01 4.419127507739634666e+02 1.340123820951216089e+02 1.670615123192475551e+02 6.590120865284247884e+03 7.825187149126517397e+03 6.734713357350957267e+03 3.784832330106208342e+00 2.094924389679995724e-01 3.019980184006757495e-01 7.717615907168017264e-01 8.008238843824682096e-01 7.030713771412487878e-01 7.690548463551994951e-01 5.109170386647480244e-01 6.923599231631445416e-01 3.092176066653228306e-01
2.540624396058756673e+00 1.086970268584657617e+01 4.419127507739634666e+02 1.340123820951216089e+02 1.670615123192475551e+02 6.590120865284247884e+03 7.825187149126517397e+03 6.734713357350957267e+03 3.784832330106208342e+00 2.094924389679995724e-01 3.019980184006757495e-01 7.717615907168017264e-01 8.008238843824682096e-01 7.030713771412487878e-01 7.690548463551994951e-01 5.109170386647480244e-01 6.923599231631445416e-01 3.092176066653228306e-01
2.540624396058756673e+00 1.086970268584657617e+01 4.419127507739634666e+02 1.340123820951216089e+02 1.670615123192475551e+02 6.590120865284247884e+03 7.825187149126517397e+03 6.734713357350957267e+03 3.784832330106208342e+00 2.094924389679995724e-01 3.019980184006757495e-01 7.717615907168017264e-01 8.008238843824682096e-01 7.030713771412487878e-01 7.690548463551994951e-01 5.109170386647480244e-01 6.923599231631445416e-01 3.092176066653228306e-01
2.540624396058756673e+00 1.086970268584657617e+01 4.419127507739634666e+02 1.340123820951216089e+02 1.670615123192475551e+02 6.590120865284247884e+03 7.825187149126517397e+03 6.734713357350957267e+03 3.784832330106208342e+00 2.094924389679995724e-01 3.019980184006757495e-01 7.717615907168017264e-01 8.008238843824682096e-01 7.030713771412487878e-01 7.690548463551994951e-01 5.109170386647480244e-01 6.923599231631445416e-01 3.092176066653228306e-01
2.540624396058756673e+00 1.086970268584657617e+01 4.419127507739634666e+02 1.340123820951216089e+02 1.670615123192475551e+02 6.590120865284247884e+03 7.825187149126517397e+03 6.734713357350957267e+03 3.784832330106208342e+00 2.094924389679995724e-01 3.019980184006757495e-01 7.717615907168017264e-01 8.008238843824682096e-01 7.030713771412487878e-01 7.690548463551994951e-01 5.109170386647480244e-01 6.923599231631445416e-01 3.092176066653228306e-01
2.540624396058756673e+00 1.086970268584657617e+01 4.419127507739634666e+02 1.340123820951216089e+02 1.670615123192475551e+02 6.590120865284247884e+03 7.825187149126517397e+03 6.734713357350957267e+03 3.784832330106208342e+00 2.094924389679995724e-01 3.019980184006757495e-01 7.717615907168017264e-01 8.008238843824682096e-01 7.030713771412487878e-01 7.690548463551994951e-01 5.109170386647480244e-01 6.923599231631445416e-01 3.092176066653228306e-01
2.540624396058756673e+00 1.086970268584657617e+01 4.419127507739634666e+02 1.340123820951216089e+02 1.670615123192475551e+02 6.590120865284247884e+03 7.825187149126517397e+03 6.734713357350957267e+03 3.784832330106208342e+00 2.094924389679995724e-01 3.019980184006757495e-01 7.717615907168017264e-01 8.008238843824682096e-01 7.030713771412487878e-01 7.690548463551994951e-01 5.109170386647480244e-01 6.923599231631445416e-01 3.092176066653228306e-01
2.540624396058756673e+00 1.086970268584657617e+01 4.419127507739634666e+02 1.340123820951216089e+02 1.670615123192475551e+02 6.590120865284247884e+03 7.825187149126517397e+03 6.734713357350957267e+03 3.784832330106208342e+00 2.094924389679995724e-01 3.019980184006757495e-01 7.717615907168017264e-01 8.008238843824682096e-01 7.030713771412487878e-01 7.690548463551994951e-01 5.109170386647480244e-01 6.923599231631445416e-01 3.092176066653228306e-01
2.540624396058756673e+00 1.086970268584657617e+01 4.419127507739634666e+02 1.340123820951216089e+02 1.670615123192475551e+02 6.590120865284247884e+03 7.825187149126517397e+03 6.734713357350957267e+03 3.784832330106208342e+00 2.094924389679995724e-01 3.019980184006757495e-01 7.717615907168017264e-01 8.008238843824682096e-01 7.030713771412487878e-01 7.690548463551994951e-01 5.109170386647480244e-01 6.923599231631445416e-01 3.092176066653228306e-01
2.540624396058756673e+00 1.086970268584657617e+01 4.419127507739634666e+02 1.340123820951216089e+02 1.670615123192475551e+02 6.590120865284247884e+03 7.825187149126517397e+03 6.734713357350957267e+03 3.784832330106208342e+00 2.094924389679995724e-01 3.019980184006757495e-01 7.717615907168017264e-01 8.008238843824682096e-01 7.030713771412487878e-01 7.690548463551994951e-01 5.109170386647480244e-01 6.923599231631445416e-01 3.092176066653228306e-01
2.540624396058756673e+00 1.086970268584657617e+01 4.419127507739634666e+02 1.340123820951216089e+02 1.670615123192475551e+02 6.590120865284247884e+03 7.825187149126517397e+03 6.734713357350957267e+03 3.784832330106208342e+00 2.094924389679995724e-01 3.019980184006757495e-01 7.717615907168017264e-01 8.008238843824682096e-01 7.030713771412487878e-01 7.690548463551994951e-01 5.109170386647480244e-01 6.923599231631445416e-01 3.092176066653228306e-01
2.540624396058756673e+00 1.086970268584657617e+01 4.419127507739634666e+02 1.340123820951216089e+02 1.670615123192475551e+02 6.590120865284247884e+03 7.825187149126517397e+03 6.734713357350957267e+03 3.784832330106208342e+00 2.094924389679995724e-01 3.019980184006757495e-01 7.717615907168017264e-01 8.008238843824682096e-01 7.030713771412487878e-01 7.690548463551994951e-01 5.109170386647480244e-01 6.923599231631445416e-01 3.092176066653228306e-01
2.540624396058756673e+00 1.086970268584657617e+01 4.419127507739634666e+02 1.340123820951216089e+02 1.670615123192475551e+02 6.590120865284247884e+03 7.825187149126517397e+03 6.734713357350957267e+03 3.784832330106208342e+00 2.094924389679995724e-01 3.019980184006757495e-01 7.717615907168017264e-01 8.008238843824682096e-01 7.030713771412487878e-01 7.690548463551994951e-01 5.109170386647480244e-01 6.923599231631445416e-01 3.092176066653228306e-01
2.540624396058756673e+00 1.086970268584657617e+01 4.419127507739634666e+02 1.340123820951216089e+02 1.670615123192475551e+02 6.590120865284247884e+03 7.825187149126517397e+03 6.734713357350957267e+03 3.784832330106208342e+00 2.094924389679995724e-01 3.019980184006757495e-01 7.717615907168017264e-01 8.008238843824682096e-01 7.030713771412487878e-01 7.690548463551994951e-01 5.109170386647480244e-01 6.923599231631445416e-01 3.092176066653228306e-01
2.540624396058756673e+00 1.086970268584657617e+01 4.419127507739634666e+02 1.340123820951216089e+02 1.670615123192475551e+02 6.590120865284247884e+03 7.825187149126517397e+03 6.734713357350957267e+03 3.784832330106208342e+00 2.094924389679995724e-01 3.019980184006757495e-01 7.717615907168017264e-01 8.008238843824682096e-01 7.030713771412487878e-01 7.690548463551994951e-01 5.109170386647480244e-01 6.923599231631445416e-01 3.092176066653228306e-01
2.540624396058756673e+00 1.086970268584657617e+01 4.419127507739634666e+02 1.340123820951216089e+02 1.670615123192475551e+02 6.590120865284247884e+03 7.825187149126517397e+03 6.734713357350957267e+03 3.784832330106208342e+00 2.094924389679995724e-01 3.019980184006757495e-01 7.717615907168017264e-01 8.008238843824682096e-01 7.030713771412487878e-01 7.690548463551994951e-01 5.109170386647480244e-01 6.923599231631445416e-01 3.092176066653228306e-01
2.540624396058756673e+00 1.086970268584657617e+01 4.419127507739634666e+02 1.340123820951216089e+02 1.670615123192475551e+02 6.590120865284247884e+03 7.825187149126517397e+03 6.734713357350957267e+03 3.784832330106208342e+00 2.094924389679995724e-01 3.019980184006757495e-01 7.717615907168017264e-01 8.008238843824682096e-01 7.030713771412487878e-01 7.690548463551994951e-01 5.109170386647480244e-01 6.923599231631445416e-01 3.092176066653228306e-01
2.540624396058756673e+00 1.086970268584657617e+01 4.419127507739634666e+02 1.340123820951216089e+02 1.670615123192475551e+02 6.590120865284247884e+03 7.825187149126517397e+03 6.734713357350957267e+03 3.784832330106208342e+00 2.094924389679995724e-01 3.019980184006757495e-01 7.717615907168017264e-01 8.008238843824682096e-01 7.030713771412487878e-01 7.690548463551994951e-01 5.109170386647480244e-01 6.923599231631445416e-01 3.092176066653228306e-01
2.540624396058756673e+00 1.086970268584657617e+01 4.419127507739634666e+02 1.340123820951216089e+02 1.670615123192475551e+02 6.590120865284247884e+03 7.825187149126517397e+03 6.734713357350957267e+03 3.784832330106208342e+00 2.094924389679995724e-01 3.019980184006757495e-01 7.717615907168017264e-01 8.008238843824682096e-01 7.030713771412487878e-01 7.690548463551994951e-01 5.109170386647480244e-01 6.923599231631445416e-01 3.092176066653228306e-01
2.540624396058756673e+00 1.086970268584657617e+01 4.419127507739634666e+02 1.340123820951216089e+02 1.670615123192475551e+02 6.590120865284247884e+03 7.825187149126517397e+03 6.734713357350957267e+03 3.784832330106208342e+00 2.094924389679995724e-01 3.019980184006757495e-01 7.717615907168017264e-01 8.008238843824682096e-01 7.030713771412487878e-01 7.690548463551994951e-01 5.109170386647480244e-01 6.923599231631445416e-01 3.092176066653228306e-01
2.540624396058756673e+00 1.086970268584657617e+01 4.419127507739634666e+02 1.340123820951216089e+02 1.670615123192475551e+02 6.590120865284247884e+03 7.825187149126517397e+03 6.734713357350957267e+03 3.784832330106208342e+00 2.094924389679995724e-01 3.019980184006757495e-01 7.717615907168017264e-01 8.008238843824682096e-01 7.030713771412487878e-01 7.690548463551994951e-01 5.109170386647480244e-01 6.923599231631445416e-01 3.092176066653228306e-01
2.540624396058756673e+00 1.086970268584657617e+01 4.419127507739634666e+02 1.340123820951216089e+02 1.670615123192475551e+02 6.590120865284247884e+03 7.825187149126517397e+03 6.734713357350957267e+03 3.784832330106208342e+00 2.094924389679995724e-01 3.019980184006757495e-01 7.717615907168017264e-01 8.008238843824682096e-01 7.030713771412487878e-01 7.690548463551994951e-01 5.109170386647480244e-01 6.923599231631445416e-01 3.092176066653228306e-01
2.540624396058756673e+00 1.086970268584657617e+01 4.419127507739634666e+02 1.340123820951216089e+02 1.670615123192475551e+02 6.590120865284247884e+03 7.825187149126517397e+03 6.734713357350957267e+03 3.784832330106208342e+00 2.094924389679995724e-01 3.019980184006757495e-01 7.717615907168017264e-01 8.008238843824682096e-01 7.030713771412487878e-01 7.690548463551994951e-01 5.109170386647480244e-01 6.923599231631445416e-01 3.092176066653228306e-01
2.540624396058756673e+00 1.086970268584657617e+01 4.419127507739634666e+02 1.340123820951216089e+02 1.670615123192475551e+02 6.590120865284247884e+03 7.825187149126517397e+03 6.734713357350957267e+03 3.784832330106208342e+00 2.094924389679995724e-01 3.019980184006757495e-01 7.717615907168017264e-01 8.008238843824682096e-01 7.030713771412487878e-01 7.690548463551994951e-01 5.109170386647480244e-01 6.923599231631445416e-01 3.092176066653228306e-01
