2.617469882111519723e+02 5.425939499424774226e+01 9.756455507670441875e+04 8.263513267187552458e+01
2.590900117693554989e+02 6.004095316045238206e+01 9.427722940036855289e+04 8.224911487522217612e+01
2.590900117693554989e+02 6.004095316045238206e+01 9.427722940036855289e+04 8.224911487522217612e+01
2.606669552152930578e+02 5.652894339550853431e+01 9.263127222506867838e+04 8.238853023377288309e+01
2.412093880380938060e+02 4.300692281877363854e+01 7.377785770087045967e+04 9.069583402517199033e+01
2.412093880380938060e+02 4.300692281877363854e+01 7.377785770087045967e+04 9.069583402517199033e+01
2.047851769388751961e+02 2.639071989083308267e+01 7.494096934500364296e+04 9.333058192740591608e+01
2.047851769388751961e+02 2.639071989083308267e+01 7.494096934500364296e+04 9.333058192740591608e+01
2.018123630901210674e+02 2.438901047838921343e+01 7.119802506808108592e+04 9.935908201741513324e+01
1.986411841819216306e+02 2.324316168435395014e+01 7.256737618561266572e+04 9.479741447978830138e+01
1.986411841819216306e+02 2.324316168435395014e+01 7.256737618561266572e+04 9.479741447978830138e+01
1.986411841819216306e+02 2.324316168435395014e+01 7.256737618561266572e+04 9.479741447978830138e+01
1.890421516046406509e+02 2.043717564675660370e+01 8.241545896139361139e+04 9.592458926541466724e+01
1.890421516046406509e+02 2.043717564675660370e+01 8.241545896139361139e+04 9.592458926541466724e+01
1.890421516046406509e+02 2.043717564675660370e+01 8.241545896139361139e+04 9.592458926541466724e+01
1.890421516046406509e+02 2.043717564675660370e+01 8.241545896139361139e+04 9.592458926541466724e+01
1.890421516046406509e+02 2.043717564675660370e+01 8.241545896139361139e+04 9.592458926541466724e+01
1.890421516046406509e+02 2.043717564675660370e+01 8.241545896139361139e+04 9.592458926541466724e+01
1.890421516046406509e+02 2.043717564675660370e+01 8.241545896139361139e+04 9.592458926541466724e+01
1.890421516046406509e+02 2.043717564675660370e+01 8.241545896139361139e+04 9.592458926541466724e+01
1.841336362263913884e+02 2.087417968474842311e+01 8.224173255646380130e+04 9.647007281659361411e+01
1.837582638465505909e+02 2.028924997257794516e+01 8.282921230746964284e+04 9.714217909335688717e+01
1.837582638465505909e+02 2.028924997257794516e+01 8.282921230746964284e+04 9.714217909335688717e+01
1.837582638465505909e+02 2.028924997257794516e+01 8.282921230746964284e+04 9.714217909335688717e+01
1.777588936451217023e+02 2.137265306036393042e+01 7.980081648472769302e+04 9.802148309998321452e+01
1.777588936451217023e+02 2.137265306036393042e+01 7.980081648472769302e+04 9.802148309998321452e+01
1.777588936451217023e+02 2.137265306036393042e+01 7.980081648472769302e+04 9.802148309998321452e+01
1.777588936451217023e+02 2.137265306036393042e+01 7.980081648472769302e+04 9.802148309998321452e+01
1.790093692267427627e+02 2.094310031462077148e+01 7.995296114682675397e+04 9.783568353817238972e+01
1.790093692267427627e+02 2.094310031462077148e+01 7.995296114682675397e+04 9.783568353817238972e+01
1.790093692267427627e+02 2.094310031462077148e+01 7.995296114682675397e+04 9.783568353817238972e+01
1.810692606838461245e+02 2.100229608998613529e+01 7.941396226503264916e+04 9.693269742828880453e+01
1.810692606838461245e+02 2.100229608998613529e+01 7.941396226503264916e+04 9.693269742828880453e+01
1.810692606838461245e+02 2.100229608998613529e+01 7.941396226503264916e+04 9.693269742828880453e+01
1.810692606838461245e+02 2.100229608998613529e+01 7.941396226503264916e+04 9.693269742828880453e+01
1.810692606838461245e+02 2.100229608998613529e+01 7.941396226503264916e+04 9.693269742828880453e+01
1.810692606838461245e+02 2.100229608998613529e+01 7.941396226503264916e+04 9.693269742828880453e+01
1.810692606838461245e+02 2.100229608998613529e+01 7.941396226503264916e+04 9.693269742828880453e+01
1.810692606838461245e+02 2.100229608998613529e+01 7.941396226503264916e+04 9.693269742828880453e+01
1.810692606838461245e+02 2.100229608998613529e+01 7.941396226503264916e+04 9.693269742828880453e+01
1.810692606838461245e+02 2.100229608998613529e+01 7.941396226503264916e+04 9.693269742828880453e+01
1.810692606838461245e+02 2.100229608998613529e+01 7.941396226503264916e+04 9.693269742828880453e+01
1.811818275362097381e+02 2.030811052676673611e+01 7.874626929698517779e+04 9.839619769388798431e+01
1.811818275362097381e+02 2.030811052676673611e+01 7.874626929698517779e+04 9.839619769388798431e+01
1.774447742614737535e+02 1.945558220544744898e+01 7.449194903688598424e+04 1.009382067167139496e+02
1.774447742614737535e+02 1.945558220544744898e+01 7.449194903688598424e+04 1.009382067167139496e+02
1.759195111403425642e+02 1.991906202168618734e+01 7.171165694911136234e+04 1.024572250514669349e+02
1.759195111403425642e+02 1.991906202168618734e+01 7.171165694911136234e+04 1.024572250514669349e+02
1.759195111403425642e+02 1.991906202168618734e+01 7.171165694911136234e+04 1.024572250514669349e+02
1.854645352249799259e+02 1.961164756259278263e+01 5.793020746969073662e+04 1.181083921812792710e+02
1.854645352249799259e+02 1.961164756259278263e+01 5.793020746969073662e+04 1.181083921812792710e+02
1.687114795761977462e+02 1.908292691688355447e+01 5.545847499593462271e+04 1.309558100888242791e+02
1.687114795761977462e+02 1.908292691688355447e+01 5.545847499593462271e+04 1.309558100888242791e+02
1.687114795761977462e+02 1.908292691688355447e+01 5.545847499593462271e+04 1.309558100888242791e+02
1.485596595531345656e+02 1.580714173334991912e+01 4.170989213816159463e+04 1.558661482783950873e+02
1.415440102659721049e+02 1.658604816492965739e+01 3.342234504878200096e+04 1.634205248656338370e+02
1.570708786749823105e+02 1.543717917969942377e+01 2.722218797991948304e+04 1.699202363401667810e+02
1.570708786749823105e+02 1.543717917969942377e+01 2.722218797991948304e+04 1.699202363401667810e+02
1.570708786749823105e+02 1.543717917969942377e+01 2.722218797991948304e+04 1.699202363401667810e+02
1.564858150683549525e+02 1.520032475034378372e+01 2.726645630000669917e+04 1.662639795435372037e+02
1.497323203638943028e+02 1.480683184340441372e+01 2.829016789823840008e+04 1.709023496734675689e+02
1.497323203638943028e+02 1.480683184340441372e+01 2.829016789823840008e+04 1.709023496734675689e+02
1.267837152307622546e+02 1.660678923439173715e+01 2.385862846824782901e+04 1.792722358061279806e+02
1.254889956353259208e+02 1.597847006722957985e+01 2.491660574353487755e+04 1.774352911208751777e+02
1.278537542553988402e+02 1.495555482526247637e+01 2.162277999212323266e+04 1.902626424027564838e+02
1.372004443437241150e+02 1.571621304207163305e+01 1.422570955339610009e+04 1.988381616214722385e+02
1.372004443437241150e+02 1.571621304207163305e+01 1.422570955339610009e+04 1.988381616214722385e+02
1.372004443437241150e+02 1.571621304207163305e+01 1.422570955339610009e+04 1.988381616214722385e+02
1.368553904404916182e+02 1.573631566949075200e+01 1.281562496263361936e+04 1.949257866178890026e+02
1.353188831624863155e+02 1.531692455953675847e+01 1.302053085915027259e+04 1.959086655423314767e+02
1.315357492723919961e+02 1.506610769067445155e+01 1.290967773102548017e+04 1.993657638812981361e+02
1.287986998417129882e+02 1.464760817285088912e+01 1.318477499881582662e+04 1.954164013802990496e+02
1.287986998417129882e+02 1.464760817285088912e+01 1.318477499881582662e+04 1.954164013802990496e+02
1.367467062550393848e+02 1.752091196234994186e+01 7.367132251576434101e+03 1.983679566549334368e+02
1.317864019886390281e+02 1.910433200657524111e+01 4.495235484574283873e+03 2.206718112362515853e+02
1.362110532218393644e+02 1.986551823074652745e+01 3.886928638185966975e+03 2.209209987249628284e+02
1.287011650698165681e+02 1.669707757057556563e+01 4.055910200975592488e+03 2.119695227499263694e+02
1.281916511198425610e+02 1.663380054702858502e+01 3.370396662784226464e+03 2.164018764741050234e+02
1.117222075561440136e+02 2.208091160408930165e+01 1.491579223154906003e+03 2.259711365429104148e+02
1.082645850081789689e+02 2.372012919620879501e+01 1.285860994147058364e+03 2.294064496024745381e+02
1.082645850081789689e+02 2.372012919620879501e+01 1.285860994147058364e+03 2.294064496024745381e+02
1.051111354486665448e+02 2.451058059213784546e+01 1.148653190789781775e+03 2.287192997731074229e+02
1.084285084008995739e+02 2.200789660886378840e+01 1.016532626444987727e+03 2.287969781604111859e+02
1.088031675772286064e+02 2.229915611909840578e+01 8.673122865595964868e+02 2.317293701475685737e+02
1.042353798779417531e+02 2.117409426160551433e+01 7.231455987829452852e+02 2.441912379638762047e+02
1.042353798779417531e+02 2.117409426160551433e+01 7.231455987829452852e+02 2.441912379638762047e+02
1.048140971532488663e+02 2.195316718783255183e+01 6.649606100873760397e+02 2.446070743445459641e+02
1.059697195681732467e+02 2.165343778817077336e+01 5.972353472379622872e+02 2.446950467980274482e+02
1.059697195681732467e+02 2.165343778817077336e+01 5.972353472379622872e+02 2.446950467980274482e+02
1.059697195681732467e+02 2.165343778817077336e+01 5.972353472379622872e+02 2.446950467980274482e+02
1.059697195681732467e+02 2.165343778817077336e+01 5.972353472379622872e+02 2.446950467980274482e+02
1.059697195681732467e+02 2.165343778817077336e+01 5.972353472379622872e+02 2.446950467980274482e+02
1.093581598384442088e+02 1.981194381824887074e+01 4.409805219505238938e+02 2.377729902481033264e+02
1.093581598384442088e+02 1.981194381824887074e+01 4.409805219505238938e+02 2.377729902481033264e+02
1.093581598384442088e+02 1.981194381824887074e+01 4.409805219505238938e+02 2.377729902481033264e+02
1.093581598384442088e+02 1.981194381824887074e+01 4.409805219505238938e+02 2.377729902481033264e+02
1.083378345594180843e+02 2.036039775842489519e+01 4.011349324694742222e+02 2.423043403508181086e+02
1.071282454550937189e+02 2.005355685394127363e+01 3.957509032641569888e+02 2.446729695127238529e+02
1.070738996791006628e+02 2.039572596495119683e+01 3.766154273886162400e+02 2.447836051488781663e+02
1.070738996791006628e+02 2.039572596495119683e+01 3.766154273886162400e+02 2.447836051488781663e+02
1.070738996791006628e+02 2.039572596495119683e+01 3.766154273886162400e+02 2.447836051488781663e+02
1.070738996791006628e+02 2.039572596495119683e+01 3.766154273886162400e+02 2.447836051488781663e+02
1.069635930937132002e+02 2.048875479892329921e+01 3.635263764010348382e+02 2.449465692242168302e+02
1.069635930937132002e+02 2.048875479892329921e+01 3.635263764010348382e+02 2.449465692242168302e+02
1.078492489639950094e+02 2.054140124391141597e+01 3.594508836863122383e+02 2.448207819650742465e+02
1.088544112845276430e+02 2.012411015936119796e+01 3.532894562905270277e+02 2.456758973343156640e+02
1.088544112845276430e+02 2.012411015936119796e+01 3.532894562905270277e+02 2.456758973343156640e+02
1.088544112845276430e+02 2.012411015936119796e+01 3.532894562905270277e+02 2.456758973343156640e+02
1.090928597110690390e+02 2.042632748441342372e+01 3.455894781369814837e+02 2.457751242821024107e+02
1.075488432180578968e+02 1.972778315732920973e+01 3.411907708063532709e+02 2.454345733078436638e+02
1.071726804826544139e+02 1.981335069199663579e+01 3.370938354617150026e+02 2.453779964951134502e+02
1.071726804826544139e+02 1.981335069199663579e+01 3.370938354617150026e+02 2.453779964951134502e+02
1.039229625721980312e+02 1.963913213938849722e+01 3.122408724612118931e+02 2.392647657903675622e+02
1.123130308261876280e+02 1.864792783852822211e+01 2.956263453933119081e+02 2.344996204803061346e+02
1.123130308261876280e+02 1.864792783852822211e+01 2.956263453933119081e+02 2.344996204803061346e+02
1.148597364096803943e+02 1.797856388335950228e+01 2.909504084232407308e+02 2.336225663190213027e+02
1.148597364096803943e+02 1.797856388335950228e+01 2.909504084232407308e+02 2.336225663190213027e+02
1.081693663900471591e+02 1.745954503698796501e+01 2.604406747826522519e+02 2.343427637334899316e+02
1.081693663900471591e+02 1.745954503698796501e+01 2.604406747826522519e+02 2.343427637334899316e+02
1.082269880715451222e+02 1.749564400862490032e+01 2.437423526982303770e+02 2.341410034652420222e+02
1.079302510151994028e+02 1.767433156388730353e+01 2.297036314589900314e+02 2.333980785180997941e+02
1.135809603608058609e+02 1.623518527911128473e+01 2.165028711799038206e+02 2.245269772227770204e+02
1.135809603608058609e+02 1.623518527911128473e+01 2.165028711799038206e+02 2.245269772227770204e+02
1.026349748613708499e+02 1.844229995255107823e+01 1.663694579771572535e+02 2.264871061970034702e+02
1.026349748613708499e+02 1.844229995255107823e+01 1.663694579771572535e+02 2.264871061970034702e+02
1.033907428840725373e+02 1.796612163437539778e+01 1.632134639531796836e+02 2.255459840218622105e+02
1.055042347428164362e+02 1.800055256814189164e+01 1.540955519387474340e+02 2.272011369757180432e+02
1.055042347428164362e+02 1.800055256814189164e+01 1.540955519387474340e+02 2.272011369757180432e+02
1.055004598854386160e+02 1.831666991367959341e+01 1.411107063480693000e+02 2.266988096932951180e+02
1.047457311088659679e+02 1.804446113068369328e+01 1.421788819542464921e+02 2.272700710876447090e+02
1.047457311088659679e+02 1.804446113068369328e+01 1.421788819542464921e+02 2.272700710876447090e+02
1.052773640288259855e+02 1.817766190039754548e+01 1.386940091486852396e+02 2.264916914650820274e+02
1.044095029556650758e+02 1.755711393991049007e+01 1.368568603232358782e+02 2.252096721628705609e+02
1.044095029556650758e+02 1.755711393991049007e+01 1.368568603232358782e+02 2.252096721628705609e+02
1.078410207878985148e+02 1.694361965420516114e+01 1.318087142121221120e+02 2.251411199231344256e+02
1.042684404684961805e+02 1.876242363599381235e+01 9.268753253892587907e+01 2.306950484536591830e+02
1.042684404684961805e+02 1.876242363599381235e+01 9.268753253892587907e+01 2.306950484536591830e+02
1.042684404684961805e+02 1.876242363599381235e+01 9.268753253892587907e+01 2.306950484536591830e+02
1.056596168993915512e+02 1.814719450690575542e+01 8.927972508245153449e+01 2.315160822453163973e+02
1.056596168993915512e+02 1.814719450690575542e+01 8.927972508245153449e+01 2.315160822453163973e+02
1.059864129039460039e+02 1.796999197024646122e+01 9.071384280173046477e+01 2.285437391099984268e+02
1.059864129039460039e+02 1.796999197024646122e+01 9.071384280173046477e+01 2.285437391099984268e+02
1.059864129039460039e+02 1.796999197024646122e+01 9.071384280173046477e+01 2.285437391099984268e+02
1.059864129039460039e+02 1.796999197024646122e+01 9.071384280173046477e+01 2.285437391099984268e+02
1.059864129039460039e+02 1.796999197024646122e+01 9.071384280173046477e+01 2.285437391099984268e+02
1.059864129039460039e+02 1.796999197024646122e+01 9.071384280173046477e+01 2.285437391099984268e+02
1.089442081260950062e+02 1.786329487622025880e+01 8.767464649726852599e+01 2.276812859314387936e+02
1.089442081260950062e+02 1.786329487622025880e+01 8.767464649726852599e+01 2.276812859314387936e+02
1.089442081260950062e+02 1.786329487622025880e+01 8.767464649726852599e+01 2.276812859314387936e+02
1.089442081260950062e+02 1.786329487622025880e+01 8.767464649726852599e+01 2.276812859314387936e+02
1.089442081260950062e+02 1.786329487622025880e+01 8.767464649726852599e+01 2.276812859314387936e+02
1.089442081260950062e+02 1.786329487622025880e+01 8.767464649726852599e+01 2.276812859314387936e+02
1.087767548055063429e+02 1.804897154063532128e+01 8.558810935958108246e+01 2.296537218387412054e+02
1.069280615915909465e+02 1.812429773169609604e+01 8.316643113115668484e+01 2.282879337959633403e+02
1.069280615915909465e+02 1.812429773169609604e+01 8.316643113115668484e+01 2.282879337959633403e+02
1.114058646747399877e+02 1.827047876364654755e+01 7.207856148809341335e+01 2.254665803798435491e+02
1.073002410536333144e+02 1.818246136907914234e+01 6.389812888987189154e+01 2.285273279222591327e+02
1.073002410536333144e+02 1.818246136907914234e+01 6.389812888987189154e+01 2.285273279222591327e+02
1.073002410536333144e+02 1.818246136907914234e+01 6.389812888987189154e+01 2.285273279222591327e+02
1.073002410536333144e+02 1.818246136907914234e+01 6.389812888987189154e+01 2.285273279222591327e+02
1.073002410536333144e+02 1.818246136907914234e+01 6.389812888987189154e+01 2.285273279222591327e+02
1.073002410536333144e+02 1.818246136907914234e+01 6.389812888987189154e+01 2.285273279222591327e+02
1.073002410536333144e+02 1.818246136907914234e+01 6.389812888987189154e+01 2.285273279222591327e+02
1.073002410536333144e+02 1.818246136907914234e+01 6.389812888987189154e+01 2.285273279222591327e+02
1.073002410536333144e+02 1.818246136907914234e+01 6.389812888987189154e+01 2.285273279222591327e+02
1.073002410536333144e+02 1.818246136907914234e+01 6.389812888987189154e+01 2.285273279222591327e+02
1.073002410536333144e+02 1.818246136907914234e+01 6.389812888987189154e+01 2.285273279222591327e+02
1.073002410536333144e+02 1.818246136907914234e+01 6.389812888987189154e+01 2.285273279222591327e+02
1.073002410536333144e+02 1.818246136907914234e+01 6.389812888987189154e+01 2.285273279222591327e+02
1.073002410536333144e+02 1.818246136907914234e+01 6.389812888987189154e+01 2.285273279222591327e+02
1.073002410536333144e+02 1.818246136907914234e+01 6.389812888987189154e+01 2.285273279222591327e+02
1.073002410536333144e+02 1.818246136907914234e+01 6.389812888987189154e+01 2.285273279222591327e+02
1.073002410536333144e+02 1.818246136907914234e+01 6.389812888987189154e+01 2.285273279222591327e+02
1.073002410536333144e+02 1.818246136907914234e+01 6.389812888987189154e+01 2.285273279222591327e+02
1.073002410536333144e+02 1.818246136907914234e+01 6.389812888987189154e+01 2.285273279222591327e+02
1.073002410536333144e+02 1.818246136907914234e+01 6.389812888987189154e+01 2.285273279222591327e+02
1.053970444734965639e+02 1.834771646040206150e+01 6.358551865521057067e+01 2.279256678103958507e+02
1.053970444734965639e+02 1.834771646040206150e+01 6.358551865521057067e+01 2.279256678103958507e+02
1.053970444734965639e+02 1.834771646040206150e+01 6.358551865521057067e+01 2.279256678103958507e+02
1.053970444734965639e+02 1.834771646040206150e+01 6.358551865521057067e+01 2.279256678103958507e+02
1.053970444734965639e+02 1.834771646040206150e+01 6.358551865521057067e+01 2.279256678103958507e+02
1.053970444734965639e+02 1.834771646040206150e+01 6.358551865521057067e+01 2.279256678103958507e+02
1.053970444734965639e+02 1.834771646040206150e+01 6.358551865521057067e+01 2.279256678103958507e+02
1.053970444734965639e+02 1.834771646040206150e+01 6.358551865521057067e+01 2.279256678103958507e+02
1.053970444734965639e+02 1.834771646040206150e+01 6.358551865521057067e+01 2.279256678103958507e+02
1.053970444734965639e+02 1.834771646040206150e+01 6.358551865521057067e+01 2.279256678103958507e+02
1.053970444734965639e+02 1.834771646040206150e+01 6.358551865521057067e+01 2.279256678103958507e+02
1.053970444734965639e+02 1.834771646040206150e+01 6.358551865521057067e+01 2.279256678103958507e+02
1.053970444734965639e+02 1.834771646040206150e+01 6.358551865521057067e+01 2.279256678103958507e+02
1.053970444734965639e+02 1.834771646040206150e+01 6.358551865521057067e+01 2.279256678103958507e+02
1.053970444734965639e+02 1.834771646040206150e+01 6.358551865521057067e+01 2.279256678103958507e+02
1.053970444734965639e+02 1.834771646040206150e+01 6.358551865521057067e+01 2.279256678103958507e+02
1.053970444734965639e+02 1.834771646040206150e+01 6.358551865521057067e+01 2.279256678103958507e+02
1.053970444734965639e+02 1.834771646040206150e+01 6.358551865521057067e+01 2.279256678103958507e+02
1.053970444734965639e+02 1.834771646040206150e+01 6.358551865521057067e+01 2.279256678103958507e+02
1.053970444734965639e+02 1.834771646040206150e+01 6.358551865521057067e+01 2.279256678103958507e+02
1.072347740761729398e+02 1.774922858037542639e+01 6.393674758756689158e+01 2.269566385831806485e+02
1.072347740761729398e+02 1.774922858037542639e+01 6.393674758756689158e+01 2.269566385831806485e+02
1.072347740761729398e+02 1.774922858037542639e+01 6.393674758756689158e+01 2.269566385831806485e+02
1.072347740761729398e+02 1.774922858037542639e+01 6.393674758756689158e+01 2.269566385831806485e+02
1.072347740761729398e+02 1.774922858037542639e+01 6.393674758756689158e+01 2.269566385831806485e+02
1.072347740761729398e+02 1.774922858037542639e+01 6.393674758756689158e+01 2.269566385831806485e+02
1.072347740761729398e+02 1.774922858037542639e+01 6.393674758756689158e+01 2.269566385831806485e+02
1.072347740761729398e+02 1.774922858037542639e+01 6.393674758756689158e+01 2.269566385831806485e+02
1.072347740761729398e+02 1.774922858037542639e+01 6.393674758756689158e+01 2.269566385831806485e+02
1.081910056854603823e+02 1.763188203446176061e+01 6.376158522702151288e+01 2.268504572528708536e+02
1.081910056854603823e+02 1.763188203446176061e+01 6.376158522702151288e+01 2.268504572528708536e+02
1.081910056854603823e+02 1.763188203446176061e+01 6.376158522702151288e+01 2.268504572528708536e+02
1.081910056854603823e+02 1.763188203446176061e+01 6.376158522702151288e+01 2.268504572528708536e+02
1.081910056854603823e+02 1.763188203446176061e+01 6.376158522702151288e+01 2.268504572528708536e+02
1.081910056854603823e+02 1.763188203446176061e+01 6.376158522702151288e+01 2.268504572528708536e+02
1.077625300602251741e+02 1.739647609729795619e+01 6.359864265787928161e+01 2.263705311103728377e+02
1.077625300602251741e+02 1.739647609729795619e+01 6.359864265787928161e+01 2.263705311103728377e+02
1.077625300602251741e+02 1.739647609729795619e+01 6.359864265787928161e+01 2.263705311103728377e+02
1.077625300602251741e+02 1.739647609729795619e+01 6.359864265787928161e+01 2.263705311103728377e+02
1.077625300602251741e+02 1.739647609729795619e+01 6.359864265787928161e+01 2.263705311103728377e+02
1.077625300602251741e+02 1.739647609729795619e+01 6.359864265787928161e+01 2.263705311103728377e+02
1.077625300602251741e+02 1.739647609729795619e+01 6.359864265787928161e+01 2.263705311103728377e+02
1.077625300602251741e+02 1.739647609729795619e+01 6.359864265787928161e+01 2.263705311103728377e+02
1.077625300602251741e+02 1.739647609729795619e+01 6.359864265787928161e+01 2.263705311103728377e+02
1.085858665280525202e+02 1.724854919052979696e+01 6.349220643723855062e+01 2.272467533500972650e+02
1.090259307515656104e+02 1.719724600285065463e+01 6.362230506640081984e+01 2.278480138892785192e+02
1.076317231463423951e+02 1.734770562091853918e+01 6.350892152104817967e+01 2.277738143460142908e+02
1.076317231463423951e+02 1.734770562091853918e+01 6.350892152104817967e+01 2.277738143460142908e+02
1.076317231463423951e+02 1.734770562091853918e+01 6.350892152104817967e+01 2.277738143460142908e+02
1.085531265070895870e+02 1.717425740386677546e+01 6.444455366573960475e+01 2.256590168455927596e+02
1.081613354200646597e+02 1.709102633852777942e+01 6.345459752240387274e+01 2.281269484299868964e+02
1.081613354200646597e+02 1.709102633852777942e+01 6.345459752240387274e+01 2.281269484299868964e+02
1.081613354200646597e+02 1.709102633852777942e+01 6.345459752240387274e+01 2.281269484299868964e+02
1.081613354200646597e+02 1.709102633852777942e+01 6.345459752240387274e+01 2.281269484299868964e+02
1.071087840514500726e+02 1.728017974730316908e+01 6.428574424861064074e+01 2.272260959548280539e+02
1.082171263933977627e+02 1.718591995311948395e+01 6.365378652462861453e+01 2.269934058612060426e+02
1.061201816667421554e+02 1.701753287606067389e+01 6.289448643400630345e+01 2.262832109527884086e+02
1.061201816667421554e+02 1.701753287606067389e+01 6.289448643400630345e+01 2.262832109527884086e+02
1.061201816667421554e+02 1.701753287606067389e+01 6.289448643400630345e+01 2.262832109527884086e+02
1.061201816667421554e+02 1.701753287606067389e+01 6.289448643400630345e+01 2.262832109527884086e+02
1.061201816667421554e+02 1.701753287606067389e+01 6.289448643400630345e+01 2.262832109527884086e+02
1.061201816667421554e+02 1.701753287606067389e+01 6.289448643400630345e+01 2.262832109527884086e+02
1.061201816667421554e+02 1.701753287606067389e+01 6.289448643400630345e+01 2.262832109527884086e+02
1.061201816667421554e+02 1.701753287606067389e+01 6.289448643400630345e+01 2.262832109527884086e+02
1.052335049058729055e+02 1.698072920070693570e+01 6.324151046598232284e+01 2.271724672858340455e+02
1.052335049058729055e+02 1.698072920070693570e+01 6.324151046598232284e+01 2.271724672858340455e+02
1.052335049058729055e+02 1.698072920070693570e+01 6.324151046598232284e+01 2.271724672858340455e+02
1.052335049058729055e+02 1.698072920070693570e+01 6.324151046598232284e+01 2.271724672858340455e+02
1.052335049058729055e+02 1.698072920070693570e+01 6.324151046598232284e+01 2.271724672858340455e+02
1.052335049058729055e+02 1.698072920070693570e+01 6.324151046598232284e+01 2.271724672858340455e+02
1.052335049058729055e+02 1.698072920070693570e+01 6.324151046598232284e+01 2.271724672858340455e+02
1.052335049058729055e+02 1.698072920070693570e+01 6.324151046598232284e+01 2.271724672858340455e+02
1.052897443754449966e+02 1.689444843152483600e+01 6.294694954033919743e+01 2.275877804828563171e+02
1.052897443754449966e+02 1.689444843152483600e+01 6.294694954033919743e+01 2.275877804828563171e+02
1.043628950472153605e+02 1.669756504464362123e+01 6.330143744030563369e+01 2.283760590645391630e+02
1.043628950472153605e+02 1.669756504464362123e+01 6.330143744030563369e+01 2.283760590645391630e+02
1.043628950472153605e+02 1.669756504464362123e+01 6.330143744030563369e+01 2.283760590645391630e+02
1.043628950472153605e+02 1.669756504464362123e+01 6.330143744030563369e+01 2.283760590645391630e+02
1.041640530402140286e+02 1.686470089821639817e+01 6.314640650698665070e+01 2.283779911057261529e+02
1.041640530402140286e+02 1.686470089821639817e+01 6.314640650698665070e+01 2.283779911057261529e+02
1.041640530402140286e+02 1.686470089821639817e+01 6.314640650698665070e+01 2.283779911057261529e+02
1.041640530402140286e+02 1.686470089821639817e+01 6.314640650698665070e+01 2.283779911057261529e+02
1.041640530402140286e+02 1.686470089821639817e+01 6.314640650698665070e+01 2.283779911057261529e+02
1.037638100910429841e+02 1.685737154103765789e+01 6.318914648373712595e+01 2.286265569395824855e+02
1.037638100910429841e+02 1.685737154103765789e+01 6.318914648373712595e+01 2.286265569395824855e+02
1.037638100910429841e+02 1.685737154103765789e+01 6.318914648373712595e+01 2.286265569395824855e+02
1.037638100910429841e+02 1.685737154103765789e+01 6.318914648373712595e+01 2.286265569395824855e+02
1.037638100910429841e+02 1.685737154103765789e+01 6.318914648373712595e+01 2.286265569395824855e+02
1.042504566183966404e+02 1.669465102442647719e+01 6.325925912619442215e+01 2.278062714634245935e+02
1.042504566183966404e+02 1.669465102442647719e+01 6.325925912619442215e+01 2.278062714634245935e+02
1.042504566183966404e+02 1.669465102442647719e+01 6.325925912619442215e+01 2.278062714634245935e+02
1.050486135115929045e+02 1.654399149228597921e+01 6.327223497921909257e+01 2.294599004878828055e+02
1.038894653881838508e+02 1.659912627894316373e+01 6.310767228949333685e+01 2.280604255831236742e+02
1.038894653881838508e+02 1.659912627894316373e+01 6.310767228949333685e+01 2.280604255831236742e+02
1.038894653881838508e+02 1.659912627894316373e+01 6.310767228949333685e+01 2.280604255831236742e+02
1.038894653881838508e+02 1.659912627894316373e+01 6.310767228949333685e+01 2.280604255831236742e+02
1.038894653881838508e+02 1.659912627894316373e+01 6.310767228949333685e+01 2.280604255831236742e+02
1.038894653881838508e+02 1.659912627894316373e+01 6.310767228949333685e+01 2.280604255831236742e+02
1.038894653881838508e+02 1.659912627894316373e+01 6.310767228949333685e+01 2.280604255831236742e+02
1.038894653881838508e+02 1.659912627894316373e+01 6.310767228949333685e+01 2.280604255831236742e+02
1.038894653881838508e+02 1.659912627894316373e+01 6.310767228949333685e+01 2.280604255831236742e+02
1.038894653881838508e+02 1.659912627894316373e+01 6.310767228949333685e+01 2.280604255831236742e+02
1.038894653881838508e+02 1.659912627894316373e+01 6.310767228949333685e+01 2.280604255831236742e+02
1.038894653881838508e+02 1.659912627894316373e+01 6.310767228949333685e+01 2.280604255831236742e+02
1.038894653881838508e+02 1.659912627894316373e+01 6.310767228949333685e+01 2.280604255831236742e+02
1.038894653881838508e+02 1.659912627894316373e+01 6.310767228949333685e+01 2.280604255831236742e+02
1.038894653881838508e+02 1.659912627894316373e+01 6.310767228949333685e+01 2.280604255831236742e+02
1.038894653881838508e+02 1.659912627894316373e+01 6.310767228949333685e+01 2.280604255831236742e+02
1.038894653881838508e+02 1.659912627894316373e+01 6.310767228949333685e+01 2.280604255831236742e+02
1.038894653881838508e+02 1.659912627894316373e+01 6.310767228949333685e+01 2.280604255831236742e+02
1.038894653881838508e+02 1.659912627894316373e+01 6.310767228949333685e+01 2.280604255831236742e+02
1.038894653881838508e+02 1.659912627894316373e+01 6.310767228949333685e+01 2.280604255831236742e+02
1.038894653881838508e+02 1.659912627894316373e+01 6.310767228949333685e+01 2.280604255831236742e+02
1.038894653881838508e+02 1.659912627894316373e+01 6.310767228949333685e+01 2.280604255831236742e+02
1.038894653881838508e+02 1.659912627894316373e+01 6.310767228949333685e+01 2.280604255831236742e+02
1.038894653881838508e+02 1.659912627894316373e+01 6.310767228949333685e+01 2.280604255831236742e+02
1.038894653881838508e+02 1.659912627894316373e+01 6.310767228949333685e+01 2.280604255831236742e+02
1.038894653881838508e+02 1.659912627894316373e+01 6.310767228949333685e+01 2.280604255831236742e+02
1.038894653881838508e+02 1.659912627894316373e+01 6.310767228949333685e+01 2.280604255831236742e+02
1.038894653881838508e+02 1.659912627894316373e+01 6.310767228949333685e+01 2.280604255831236742e+02
1.038894653881838508e+02 1.659912627894316373e+01 6.310767228949333685e+01 2.280604255831236742e+02
1.038894653881838508e+02 1.659912627894316373e+01 6.310767228949333685e+01 2.280604255831236742e+02
1.038894653881838508e+02 1.659912627894316373e+01 6.310767228949333685e+01 2.280604255831236742e+02
1.038894653881838508e+02 1.659912627894316373e+01 6.310767228949333685e+01 2.280604255831236742e+02
1.038894653881838508e+02 1.659912627894316373e+01 6.310767228949333685e+01 2.280604255831236742e+02
1.038894653881838508e+02 1.659912627894316373e+01 6.310767228949333685e+01 2.280604255831236742e+02
1.038894653881838508e+02 1.659912627894316373e+01 6.310767228949333685e+01 2.280604255831236742e+02
1.038894653881838508e+02 1.659912627894316373e+01 6.310767228949333685e+01 2.280604255831236742e+02
1.038894653881838508e+02 1.659912627894316373e+01 6.310767228949333685e+01 2.280604255831236742e+02
1.038894653881838508e+02 1.659912627894316373e+01 6.310767228949333685e+01 2.280604255831236742e+02
1.038894653881838508e+02 1.659912627894316373e+01 6.310767228949333685e+01 2.280604255831236742e+02
1.038894653881838508e+02 1.659912627894316373e+01 6.310767228949333685e+01 2.280604255831236742e+02
1.038894653881838508e+02 1.659912627894316373e+01 6.310767228949333685e+01 2.280604255831236742e+02
1.038894653881838508e+02 1.659912627894316373e+01 6.310767228949333685e+01 2.280604255831236742e+02
1.038894653881838508e+02 1.659912627894316373e+01 6.310767228949333685e+01 2.280604255831236742e+02
1.038894653881838508e+02 1.659912627894316373e+01 6.310767228949333685e+01 2.280604255831236742e+02
1.038894653881838508e+02 1.659912627894316373e+01 6.310767228949333685e+01 2.280604255831236742e+02
1.038894653881838508e+02 1.659912627894316373e+01 6.310767228949333685e+01 2.280604255831236742e+02
1.038894653881838508e+02 1.659912627894316373e+01 6.310767228949333685e+01 2.280604255831236742e+02
1.038894653881838508e+02 1.659912627894316373e+01 6.310767228949333685e+01 2.280604255831236742e+02
1.046322825409375810e+02 1.639608227708635724e+01 6.330509498023358361e+01 2.282218617439668549e+02
1.046322825409375810e+02 1.639608227708635724e+01 6.330509498023358361e+01 2.282218617439668549e+02
1.046322825409375810e+02 1.639608227708635724e+01 6.330509498023358361e+01 2.282218617439668549e+02
1.046322825409375810e+02 1.639608227708635724e+01 6.330509498023358361e+01 2.282218617439668549e+02
1.046322825409375810e+02 1.639608227708635724e+01 6.330509498023358361e+01 2.282218617439668549e+02
1.046322825409375810e+02 1.639608227708635724e+01 6.330509498023358361e+01 2.282218617439668549e+02
1.046322825409375810e+02 1.639608227708635724e+01 6.330509498023358361e+01 2.282218617439668549e+02
1.046322825409375810e+02 1.639608227708635724e+01 6.330509498023358361e+01 2.282218617439668549e+02
1.046322825409375810e+02 1.639608227708635724e+01 6.330509498023358361e+01 2.282218617439668549e+02
1.046322825409375810e+02 1.639608227708635724e+01 6.330509498023358361e+01 2.282218617439668549e+02
1.046322825409375810e+02 1.639608227708635724e+01 6.330509498023358361e+01 2.282218617439668549e+02
1.046322825409375810e+02 1.639608227708635724e+01 6.330509498023358361e+01 2.282218617439668549e+02
1.046322825409375810e+02 1.639608227708635724e+01 6.330509498023358361e+01 2.282218617439668549e+02
1.046322825409375810e+02 1.639608227708635724e+01 6.330509498023358361e+01 2.282218617439668549e+02
1.046322825409375810e+02 1.639608227708635724e+01 6.330509498023358361e+01 2.282218617439668549e+02
1.046322825409375810e+02 1.639608227708635724e+01 6.330509498023358361e+01 2.282218617439668549e+02
1.046322825409375810e+02 1.639608227708635724e+01 6.330509498023358361e+01 2.282218617439668549e+02
1.046322825409375810e+02 1.639608227708635724e+01 6.330509498023358361e+01 2.282218617439668549e+02
1.046322825409375810e+02 1.639608227708635724e+01 6.330509498023358361e+01 2.282218617439668549e+02
1.046322825409375810e+02 1.639608227708635724e+01 6.330509498023358361e+01 2.282218617439668549e+02
1.046322825409375810e+02 1.639608227708635724e+01 6.330509498023358361e+01 2.282218617439668549e+02
1.046322825409375810e+02 1.639608227708635724e+01 6.330509498023358361e+01 2.282218617439668549e+02
1.046322825409375810e+02 1.639608227708635724e+01 6.330509498023358361e+01 2.282218617439668549e+02
1.046322825409375810e+02 1.639608227708635724e+01 6.330509498023358361e+01 2.282218617439668549e+02
1.046322825409375810e+02 1.639608227708635724e+01 6.330509498023358361e+01 2.282218617439668549e+02
1.046322825409375810e+02 1.639608227708635724e+01 6.330509498023358361e+01 2.282218617439668549e+02
1.046322825409375810e+02 1.639608227708635724e+01 6.330509498023358361e+01 2.282218617439668549e+02
1.046322825409375810e+02 1.639608227708635724e+01 6.330509498023358361e+01 2.282218617439668549e+02
1.046322825409375810e+02 1.639608227708635724e+01 6.330509498023358361e+01 2.282218617439668549e+02
1.046322825409375810e+02 1.639608227708635724e+01 6.330509498023358361e+01 2.282218617439668549e+02
1.046322825409375810e+02 1.639608227708635724e+01 6.330509498023358361e+01 2.282218617439668549e+02
1.046322825409375810e+02 1.639608227708635724e+01 6.330509498023358361e+01 2.282218617439668549e+02
1.046322825409375810e+02 1.639608227708635724e+01 6.330509498023358361e+01 2.282218617439668549e+02
1.046322825409375810e+02 1.639608227708635724e+01 6.330509498023358361e+01 2.282218617439668549e+02
1.046322825409375810e+02 1.639608227708635724e+01 6.330509498023358361e+01 2.282218617439668549e+02
1.046322825409375810e+02 1.639608227708635724e+01 6.330509498023358361e+01 2.282218617439668549e+02
1.046322825409375810e+02 1.639608227708635724e+01 6.330509498023358361e+01 2.282218617439668549e+02
1.046322825409375810e+02 1.639608227708635724e+01 6.330509498023358361e+01 2.282218617439668549e+02
1.046322825409375810e+02 1.639608227708635724e+01 6.330509498023358361e+01 2.282218617439668549e+02
1.046322825409375810e+02 1.639608227708635724e+01 6.330509498023358361e+01 2.282218617439668549e+02
1.046322825409375810e+02 1.639608227708635724e+01 6.330509498023358361e+01 2.282218617439668549e+02
1.046322825409375810e+02 1.639608227708635724e+01 6.330509498023358361e+01 2.282218617439668549e+02
1.046322825409375810e+02 1.639608227708635724e+01 6.330509498023358361e+01 2.282218617439668549e+02
1.046322825409375810e+02 1.639608227708635724e+01 6.330509498023358361e+01 2.282218617439668549e+02
1.046322825409375810e+02 1.639608227708635724e+01 6.330509498023358361e+01 2.282218617439668549e+02
1.046322825409375810e+02 1.639608227708635724e+01 6.330509498023358361e+01 2.282218617439668549e+02
1.046322825409375810e+02 1.639608227708635724e+01 6.330509498023358361e+01 2.282218617439668549e+02
1.046322825409375810e+02 1.639608227708635724e+01 6.330509498023358361e+01 2.282218617439668549e+02
1.046322825409375810e+02 1.639608227708635724e+01 6.330509498023358361e+01 2.282218617439668549e+02
1.046322825409375810e+02 1.639608227708635724e+01 6.330509498023358361e+01 2.282218617439668549e+02
1.046322825409375810e+02 1.639608227708635724e+01 6.330509498023358361e+01 2.282218617439668549e+02
1.046322825409375810e+02 1.639608227708635724e+01 6.330509498023358361e+01 2.282218617439668549e+02
1.046322825409375810e+02 1.639608227708635724e+01 6.330509498023358361e+01 2.282218617439668549e+02
1.046322825409375810e+02 1.639608227708635724e+01 6.330509498023358361e+01 2.282218617439668549e+02
1.046322825409375810e+02 1.639608227708635724e+01 6.330509498023358361e+01 2.282218617439668549e+02
1.046322825409375810e+02 1.639608227708635724e+01 6.330509498023358361e+01 2.282218617439668549e+02
1.046322825409375810e+02 1.639608227708635724e+01 6.330509498023358361e+01 2.282218617439668549e+02
1.041020105501363275e+02 1.644034482146275877e+01 6.328401904259398947e+01 2.297985561861551105e+02
1.041020105501363275e+02 1.644034482146275877e+01 6.328401904259398947e+01 2.297985561861551105e+02
1.041020105501363275e+02 1.644034482146275877e+01 6.328401904259398947e+01 2.297985561861551105e+02
1.041020105501363275e+02 1.644034482146275877e+01 6.328401904259398947e+01 2.297985561861551105e+02
1.051454045741437113e+02 1.639179425446470617e+01 6.300356958655702044e+01 2.286401366646223039e+02
1.051454045741437113e+02 1.639179425446470617e+01 6.300356958655702044e+01 2.286401366646223039e+02
1.051454045741437113e+02 1.639179425446470617e+01 6.300356958655702044e+01 2.286401366646223039e+02
1.051454045741437113e+02 1.639179425446470617e+01 6.300356958655702044e+01 2.286401366646223039e+02
1.041199729718136098e+02 1.616331314250615492e+01 6.330512223689835594e+01 2.287631034016820308e+02
1.041199729718136098e+02 1.616331314250615492e+01 6.330512223689835594e+01 2.287631034016820308e+02
1.041199729718136098e+02 1.616331314250615492e+01 6.330512223689835594e+01 2.287631034016820308e+02
1.041199729718136098e+02 1.616331314250615492e+01 6.330512223689835594e+01 2.287631034016820308e+02
1.048481056603792041e+02 1.605957335123475715e+01 6.330270911643905407e+01 2.274458115466473203e+02
1.050777176037025100e+02 1.601490677578344801e+01 6.326370078649556916e+01 2.262198788701448677e+02
1.050777176037025100e+02 1.601490677578344801e+01 6.326370078649556916e+01 2.262198788701448677e+02
1.050777176037025100e+02 1.601490677578344801e+01 6.326370078649556916e+01 2.262198788701448677e+02
1.050777176037025100e+02 1.601490677578344801e+01 6.326370078649556916e+01 2.262198788701448677e+02
1.052536258712549966e+02 1.600615802498546358e+01 6.329460539296411525e+01 2.257808241973868633e+02
1.053464925358953224e+02 1.590630407279778602e+01 6.335220941249266247e+01 2.265137391008337602e+02
1.052590654950082580e+02 1.597850192514991541e+01 6.334721352433373198e+01 2.258876678247668508e+02
1.052590654950082580e+02 1.597850192514991541e+01 6.334721352433373198e+01 2.258876678247668508e+02
1.052590654950082580e+02 1.597850192514991541e+01 6.334721352433373198e+01 2.258876678247668508e+02
1.052590654950082580e+02 1.597850192514991541e+01 6.334721352433373198e+01 2.258876678247668508e+02
1.052590654950082580e+02 1.597850192514991541e+01 6.334721352433373198e+01 2.258876678247668508e+02
1.052590654950082580e+02 1.597850192514991541e+01 6.334721352433373198e+01 2.258876678247668508e+02
1.052590654950082580e+02 1.597850192514991541e+01 6.334721352433373198e+01 2.258876678247668508e+02
1.052590654950082580e+02 1.597850192514991541e+01 6.334721352433373198e+01 2.258876678247668508e+02
1.052590654950082580e+02 1.597850192514991541e+01 6.334721352433373198e+01 2.258876678247668508e+02
1.052590654950082580e+02 1.597850192514991541e+01 6.334721352433373198e+01 2.258876678247668508e+02
1.052972593487881312e+02 1.602928897660646612e+01 6.327807723690182229e+01 2.257518111331459920e+02
1.052972593487881312e+02 1.602928897660646612e+01 6.327807723690182229e+01 2.257518111331459920e+02
1.052972593487881312e+02 1.602928897660646612e+01 6.327807723690182229e+01 2.257518111331459920e+02
1.054536736469873972e+02 1.600044263648177889e+01 6.329602614818446682e+01 2.264823354231549786e+02
1.054536736469873972e+02 1.600044263648177889e+01 6.329602614818446682e+01 2.264823354231549786e+02
1.054536736469873972e+02 1.600044263648177889e+01 6.329602614818446682e+01 2.264823354231549786e+02
1.057224801713196740e+02 1.595779467098645554e+01 6.325088234801646081e+01 2.260452455660768862e+02
1.057224801713196740e+02 1.595779467098645554e+01 6.325088234801646081e+01 2.260452455660768862e+02
1.057224801713196740e+02 1.595779467098645554e+01 6.325088234801646081e+01 2.260452455660768862e+02
1.057224801713196740e+02 1.595779467098645554e+01 6.325088234801646081e+01 2.260452455660768862e+02
1.057224801713196740e+02 1.595779467098645554e+01 6.325088234801646081e+01 2.260452455660768862e+02
1.057224801713196740e+02 1.595779467098645554e+01 6.325088234801646081e+01 2.260452455660768862e+02
1.057224801713196740e+02 1.595779467098645554e+01 6.325088234801646081e+01 2.260452455660768862e+02
1.057224801713196740e+02 1.595779467098645554e+01 6.325088234801646081e+01 2.260452455660768862e+02
1.055398003457631262e+02 1.599256974602179504e+01 6.332549158382148136e+01 2.257453020788670415e+02
1.055398003457631262e+02 1.599256974602179504e+01 6.332549158382148136e+01 2.257453020788670415e+02
1.053043801016724217e+02 1.605174422763434805e+01 6.328223530845033906e+01 2.255193872144853628e+02
1.053043801016724217e+02 1.605174422763434805e+01 6.328223530845033906e+01 2.255193872144853628e+02
1.055157581069157118e+02 1.600655061640217980e+01 6.331876752859184165e+01 2.255748799579395438e+02
1.055157581069157118e+02 1.600655061640217980e+01 6.331876752859184165e+01 2.255748799579395438e+02
1.034647361396259981e+02 1.617280467722245874e+01 6.344488437948395188e+01 2.274373709657070606e+02
1.052977036658130459e+02 1.599321609628588803e+01 6.322280155773053423e+01 2.258646437266901614e+02
1.052977036658130459e+02 1.599321609628588803e+01 6.322280155773053423e+01 2.258646437266901614e+02
1.052977036658130459e+02 1.599321609628588803e+01 6.322280155773053423e+01 2.258646437266901614e+02
1.052730266428578147e+02 1.591948849771006280e+01 6.341122295252571206e+01 2.261072036111592354e+02
1.052730266428578147e+02 1.591948849771006280e+01 6.341122295252571206e+01 2.261072036111592354e+02
1.052730266428578147e+02 1.591948849771006280e+01 6.341122295252571206e+01 2.261072036111592354e+02
1.052730266428578147e+02 1.591948849771006280e+01 6.341122295252571206e+01 2.261072036111592354e+02
1.052730266428578147e+02 1.591948849771006280e+01 6.341122295252571206e+01 2.261072036111592354e+02
1.052730266428578147e+02 1.591948849771006280e+01 6.341122295252571206e+01 2.261072036111592354e+02
1.052517287309421761e+02 1.590100875414165316e+01 6.327032006171180711e+01 2.265448503074588302e+02
1.048077674392373950e+02 1.597273058874233698e+01 6.297473958500108182e+01 2.272659297312263504e+02
1.048077674392373950e+02 1.597273058874233698e+01 6.297473958500108182e+01 2.272659297312263504e+02
1.049133381294731748e+02 1.591054511925604231e+01 6.303833549161000604e+01 2.267634673120709579e+02
1.049113066180943861e+02 1.587894302963186632e+01 6.297274326844381420e+01 2.269812346860330763e+02
1.049113066180943861e+02 1.587894302963186632e+01 6.297274326844381420e+01 2.269812346860330763e+02
1.049113066180943861e+02 1.587894302963186632e+01 6.297274326844381420e+01 2.269812346860330763e+02
1.058417334017686642e+02 1.578187807082740512e+01 6.286485713311883927e+01 2.266601797784374241e+02
1.058417334017686642e+02 1.578187807082740512e+01 6.286485713311883927e+01 2.266601797784374241e+02
1.058417334017686642e+02 1.578187807082740512e+01 6.286485713311883927e+01 2.266601797784374241e+02
1.058417334017686642e+02 1.578187807082740512e+01 6.286485713311883927e+01 2.266601797784374241e+02
1.046930096615245986e+02 1.580841011124154605e+01 6.279152357514321636e+01 2.281369487589040261e+02
1.046930096615245986e+02 1.580841011124154605e+01 6.279152357514321636e+01 2.281369487589040261e+02
1.049658790266865225e+02 1.585906472478708551e+01 6.293946493247828755e+01 2.275331043379959794e+02
1.048553332503198590e+02 1.585877959842078155e+01 6.297646914826228226e+01 2.280418250805744833e+02
1.049855301859293348e+02 1.586447721539376232e+01 6.290042117618851591e+01 2.275781036339317325e+02
1.057995578861939094e+02 1.583094115104442068e+01 6.282087155425278269e+01 2.270391706844446276e+02
1.057995578861939094e+02 1.583094115104442068e+01 6.282087155425278269e+01 2.270391706844446276e+02
1.057995578861939094e+02 1.583094115104442068e+01 6.282087155425278269e+01 2.270391706844446276e+02
1.057995578861939094e+02 1.583094115104442068e+01 6.282087155425278269e+01 2.270391706844446276e+02
1.060054582383476429e+02 1.582528843917316053e+01 6.289240402110584682e+01 2.271792654691242035e+02
1.063705459159771891e+02 1.578177476313413941e+01 6.290371697934403983e+01 2.269415115143957564e+02
1.063705459159771891e+02 1.578177476313413941e+01 6.290371697934403983e+01 2.269415115143957564e+02
1.063705459159771891e+02 1.578177476313413941e+01 6.290371697934403983e+01 2.269415115143957564e+02
1.063705459159771891e+02 1.578177476313413941e+01 6.290371697934403983e+01 2.269415115143957564e+02
1.063705459159771891e+02 1.578177476313413941e+01 6.290371697934403983e+01 2.269415115143957564e+02
1.063705459159771891e+02 1.578177476313413941e+01 6.290371697934403983e+01 2.269415115143957564e+02
1.063705459159771891e+02 1.578177476313413941e+01 6.290371697934403983e+01 2.269415115143957564e+02
1.063705459159771891e+02 1.578177476313413941e+01 6.290371697934403983e+01 2.269415115143957564e+02
1.063705459159771891e+02 1.578177476313413941e+01 6.290371697934403983e+01 2.269415115143957564e+02
1.063705459159771891e+02 1.578177476313413941e+01 6.290371697934403983e+01 2.269415115143957564e+02
1.063705459159771891e+02 1.578177476313413941e+01 6.290371697934403983e+01 2.269415115143957564e+02
1.062760700666398037e+02 1.580111563991013668e+01 6.280647306617620274e+01 2.265301611997497844e+02
1.062760700666398037e+02 1.580111563991013668e+01 6.280647306617620274e+01 2.265301611997497844e+02
1.062760700666398037e+02 1.580111563991013668e+01 6.280647306617620274e+01 2.265301611997497844e+02
1.061764746352584865e+02 1.580181258844808312e+01 6.325664387193914706e+01 2.267918023508683234e+02
1.062230056150033448e+02 1.584111810890997418e+01 6.278762930238966788e+01 2.265377212928814288e+02
1.057806314719812235e+02 1.586613386545306881e+01 6.282089616709868807e+01 2.272463176603161230e+02
1.057806314719812235e+02 1.586613386545306881e+01 6.282089616709868807e+01 2.272463176603161230e+02
1.057120963100003053e+02 1.578359899925117915e+01 6.285700192246374485e+01 2.278467088377531127e+02
1.057120963100003053e+02 1.578359899925117915e+01 6.285700192246374485e+01 2.278467088377531127e+02
1.052203277947219533e+02 1.581891653193022584e+01 6.287589224164658219e+01 2.279052108466747484e+02
1.057044683153468725e+02 1.588168234924860656e+01 6.294456702978477836e+01 2.269680839720292624e+02
1.057044683153468725e+02 1.588168234924860656e+01 6.294456702978477836e+01 2.269680839720292624e+02
1.057044683153468725e+02 1.588168234924860656e+01 6.294456702978477836e+01 2.269680839720292624e+02
1.057044683153468725e+02 1.588168234924860656e+01 6.294456702978477836e+01 2.269680839720292624e+02
1.056602808837155436e+02 1.579029767275286744e+01 6.307090350030691184e+01 2.281451016805492031e+02
1.039875035032524551e+02 1.623093418286429568e+01 6.271413722826581960e+01 2.257298585169245371e+02
1.039875035032524551e+02 1.623093418286429568e+01 6.271413722826581960e+01 2.257298585169245371e+02
1.039875035032524551e+02 1.623093418286429568e+01 6.271413722826581960e+01 2.257298585169245371e+02
1.039875035032524551e+02 1.623093418286429568e+01 6.271413722826581960e+01 2.257298585169245371e+02
1.039796126850425111e+02 1.622791376041228517e+01 6.278661705025203332e+01 2.255659512726673199e+02
1.039796126850425111e+02 1.622791376041228517e+01 6.278661705025203332e+01 2.255659512726673199e+02
1.039796126850425111e+02 1.622791376041228517e+01 6.278661705025203332e+01 2.255659512726673199e+02
1.039796126850425111e+02 1.622791376041228517e+01 6.278661705025203332e+01 2.255659512726673199e+02
1.038047278206264536e+02 1.621469822313297016e+01 6.302933703981973679e+01 2.257508091077529286e+02
1.037001650755578055e+02 1.624120385184346560e+01 6.268570258081716418e+01 2.263186549869642192e+02
1.041244710627956493e+02 1.625069773766545111e+01 6.271962272158287277e+01 2.254111808564552462e+02
1.040807048488283328e+02 1.617192408489853150e+01 6.269590155078512339e+01 2.273238856729516613e+02
1.041067145461480834e+02 1.610671636951102315e+01 6.276000074290676878e+01 2.276964546734220676e+02
1.040013131234024115e+02 1.611721224611467917e+01 6.283385357633083146e+01 2.280536956803876762e+02
1.040013131234024115e+02 1.611721224611467917e+01 6.283385357633083146e+01 2.280536956803876762e+02
1.049196776293211855e+02 1.601614499241253142e+01 6.274952287289347908e+01 2.261045702385536345e+02
1.049473852328449226e+02 1.599336667144841329e+01 6.309346507101302848e+01 2.256704006903616744e+02
1.049473852328449226e+02 1.599336667144841329e+01 6.309346507101302848e+01 2.256704006903616744e+02
1.049473852328449226e+02 1.599336667144841329e+01 6.309346507101302848e+01 2.256704006903616744e+02
1.049473852328449226e+02 1.599336667144841329e+01 6.309346507101302848e+01 2.256704006903616744e+02
1.049473852328449226e+02 1.599336667144841329e+01 6.309346507101302848e+01 2.256704006903616744e+02
