1.000000000000000000e+00 1.000000000000000000e+00 1.000000000000000000e+00 1.000000000000000000e+00
2.279537652643427170e-01 6.426243832772106368e-02 1.013614578980359653e+02 4.777426278606386467e-01
2.210473216717230571e-01 5.903681375461296288e-02 1.155367938966640224e+02 4.611161620466460165e-01
2.202490094306418789e-01 5.654913221409348101e-02 1.097063601490437890e+02 5.429752233770966940e-01
2.026449083243365701e-01 6.481983234352464707e-02 1.029386973830041967e+02 5.562758886418461834e-01
2.180145372612002086e-01 6.195474530231114690e-02 9.326416000914353788e+01 5.265910568567240269e-01
1.939334760737834173e-01 6.074879034702435066e-02 9.520585816670005386e+01 5.082038731623692573e-01
2.046002315164813512e-01 6.272463389479390750e-02 9.775791972299549570e+01 5.115440445555958782e-01
1.913437581437865131e-01 5.745743371358706664e-02 9.422227287508071925e+01 5.184087066893472429e-01
1.836312201061860994e-01 5.447824172235672668e-02 1.013886871529991254e+02 5.677322493170564588e-01
1.815147629245005556e-01 5.680605204061096869e-02 9.793454936769315111e+01 5.156624638727876908e-01
1.534210442286716991e-01 6.032322849795480196e-02 1.246024671647412703e+02 5.216676870702849911e-01
1.599213733842095864e-01 5.654053202088096808e-02 1.037474584908757009e+02 5.462359182732805518e-01
1.840830414873744769e-01 5.581811542906225942e-02 1.139182809244583439e+02 5.170414418344663199e-01
1.517372638004740870e-01 5.424225755258606924e-02 1.122592283644195561e+02 5.236728253369133945e-01
1.682682978199860901e-01 5.455756513283079728e-02 1.108599411242408479e+02 5.349651222357678648e-01
1.759877408107624053e-01 6.212316985545904974e-02 1.171825138734197509e+02 4.917060577334400051e-01
1.497194968836753348e-01 7.241900180650764907e-02 9.726078998726340785e+01 5.451976300253054131e-01
1.395342184966949506e-01 6.467004656364264137e-02 9.753055215501036912e+01 4.497901886752731504e-01
1.203039376467157084e-01 7.264609230096960579e-02 9.539394617306186319e+01 5.113734821113024021e-01
1.376551193039832477e-01 6.609471073970052402e-02 1.044907755250440431e+02 5.379986731343989748e-01
9.353267921270087826e-02 8.427674974622215154e-02 9.317252940418876506e+01 4.587938378713838916e-01
1.016940709918893043e-01 8.054159970619087505e-02 7.961703205275527750e+01 4.961907606088267197e-01
9.438974023410830194e-02 8.437191099669619221e-02 8.694420834481415739e+01 5.065629503459369021e-01
6.898480584855136433e-02 1.111049199971699264e-01 6.644591910656207290e+01 4.919815256298120665e-01
6.450793887185554687e-02 1.239717370602899243e-01 6.243164641396720782e+01 4.927209162289857280e-01
4.570917235289532338e-02 1.267562211851229470e-01 7.487388189501029956e+01 4.197448370830292319e-01
4.493190995605127191e-02 1.255152175191965591e-01 7.554613049772335387e+01 4.572297525526864970e-01
4.229878322474258517e-02 1.044007637682526912e-01 7.655370995911285092e+01 4.421188919713565091e-01
4.952101315240371726e-02 8.047860867239915728e-02 8.035322016800843414e+01 4.643661668973959600e-01
4.894921686313467857e-02 9.195387166118675071e-02 8.171101613883524806e+01 4.481812310678718325e-01
4.426841256266450531e-02 8.305218573450276476e-02 8.487589379352552044e+01 4.493076855432138195e-01
4.532739839587955621e-02 8.427242921377996188e-02 7.797728886227302780e+01 4.482345096162706488e-01
4.388839649346820693e-02 9.013464000210683058e-02 8.035760376833772511e+01 4.152326331636009282e-01
4.811209002341049201e-02 7.615139744119642229e-02 8.382523648259538618e+01 4.325090127487973279e-01
3.758926506245525989e-02 8.374784206439547796e-02 8.468632727686059525e+01 4.066190766245535437e-01
4.462262340633867813e-02 8.691130152786485930e-02 8.063653657929187091e+01 4.144484733869090998e-01
4.479734601166696778e-02 8.343909303959506918e-02 7.045826634100437502e+01 4.470776462668992202e-01
3.927746058854049427e-02 7.894276018736370859e-02 6.213193527521847415e+01 4.678754219712893403e-01
4.179189949077596195e-02 7.939527380098840292e-02 6.279262725991838323e+01 4.583275530920123964e-01
3.436235557399699991e-02 9.897854315498474942e-02 4.643270021356071453e+01 3.625917425234867486e-01
3.322658884759859682e-02 1.128227279405895483e-01 3.692795187362855813e+01 4.160338313647425901e-01
2.981421434899038034e-02 1.400643735793434541e-01 3.283416640838422040e+01 3.397653396796840863e-01
3.307695406684529882e-02 1.392550607618083247e-01 3.082069354286795360e+01 3.451890392405075891e-01
3.137223408299968930e-02 1.521990115867694338e-01 3.076276646386450864e+01 3.903732901924477638e-01
3.011016799845953051e-02 1.356577184061503460e-01 3.027246320162307214e+01 3.405929157216829872e-01
2.883496560792715019e-02 1.193602762003943968e-01 2.984315202843957948e+01 3.626230299096439014e-01
3.132419797327104516e-02 1.513125303608340022e-01 2.951538036135514531e+01 3.636215238907962166e-01
2.969313135095609513e-02 1.292337619386327019e-01 2.874707110333229565e+01 3.221020804411945937e-01
3.093580511817820011e-02 1.334548023653281124e-01 2.922556946536937872e+01 3.595907615520836931e-01
3.088052042058286178e-02 1.356397522682434575e-01 1.716274844281059941e+01 2.978563929453548198e-01
3.444654979210316770e-02 1.623630983439572073e-01 1.689009699498095429e+01 3.396981209614111652e-01
3.300690066478948609e-02 1.460648749273227298e-01 1.567902314866930169e+01 3.344830474664768349e-01
3.394305905490218461e-02 1.519711911882673516e-01 1.647747460525316399e+01 3.292222266319326240e-01
3.574495232209794898e-02 1.613700314571436256e-01 1.727690973236713035e+01 3.492104605259067629e-01
3.339487683401535373e-02 1.306813677414483954e-01 1.550203368226795320e+01 3.480346673101634702e-01
3.308546458407535945e-02 1.301981110897574012e-01 1.735482782672352542e+01 3.550766057611704496e-01
3.170158478860113371e-02 1.461503895948789156e-01 1.636071080651083776e+01 3.598347512853868890e-01
3.212248981658834268e-02 1.514921597584709401e-01 1.570229188887674532e+01 3.430994723139705327e-01
3.324241987620198818e-02 1.536673219416412328e-01 1.539186872667929507e+01 3.465015409930915502e-01
3.054076813859496822e-02 1.352845144340425743e-01 1.392173467587165447e+01 3.686536160875780732e-01
3.237008172817298218e-02 1.387492392852644474e-01 1.538750147849180294e+01 3.604646322459098551e-01
3.576551673134743814e-02 1.340441168778356285e-01 1.494817764237567204e+01 3.364755840330897474e-01
3.266048051102365957e-02 1.362305399960840047e-01 1.501125110026282883e+01 3.032131720418747567e-01
3.353216832262031349e-02 1.326138617090656113e-01 1.523018945891987919e+01 3.250365373493802612e-01
3.368212369175990761e-02 1.372378695957390260e-01 1.447203495156952613e+01 3.285128279492181003e-01
3.502038381961342789e-02 1.380065526544654031e-01 1.349323870394140101e+01 3.502977987144712535e-01
3.424113791829835884e-02 1.361091134434685712e-01 1.498901635673234090e+01 3.250848507429958678e-01
3.650778174963312250e-02 1.296797115430018132e-01 1.242828117222840945e+01 3.037588169838443819e-01
3.688500992371577386e-02 1.294785239346000205e-01 1.108353970076186101e+01 3.595116477414114775e-01
3.593704198424004653e-02 1.448071775235608150e-01 1.267138825605987407e+01 3.238496216944668493e-01
3.169205373227142880e-02 1.362188384654912654e-01 1.185418798932009388e+01 3.289332121541324039e-01
3.473187219648196655e-02 8.997671782760437165e-02 1.095727014084413931e+01 3.876133261589061463e-01
3.351801197018176165e-02 9.205357673049736900e-02 1.007326410576848552e+01 3.774372810640505005e-01
3.357759727267436989e-02 8.794350526686638136e-02 1.100180553435838249e+01 3.812663272469152820e-01
2.884980655918967241e-02 1.050686230632256052e-01 5.021475856053698728e+00 3.404417249410858770e-01
2.939547182575955389e-02 9.800624084981909845e-02 4.995974409014706907e+00 3.562287889806849406e-01
3.166062715321458360e-02 1.010406910359786525e-01 4.578483945372896713e+00 3.197840919605857701e-01
2.837122453025146124e-02 1.086022476071124565e-01 4.721203594954436866e+00 3.474157371016224904e-01
3.425206275332118994e-02 9.444741681010014600e-02 3.828217032611897608e+00 3.980544362169849970e-01
3.356994065106136405e-02 9.623791221959193676e-02 3.774723509157450252e+00 4.074345313197589302e-01
3.236081350501978510e-02 8.794028640360310178e-02 3.702665542219062189e+00 4.065883427772677972e-01
2.966408972283684359e-02 9.901438128420667062e-02 3.923469498445094850e+00 3.858865735527077789e-01
3.009261481170379116e-02 9.200549247152399468e-02 3.412126208564099983e+00 4.211583152734736935e-01
3.248529640198941776e-02 8.955471138852286184e-02 3.662920798602121941e+00 4.008092025430514682e-01
3.214484459966493457e-02 9.499768632861309292e-02 3.708674834415792265e+00 4.182137073762940971e-01
3.208480067606608171e-02 8.746238827043391340e-02 3.933668101561798025e+00 4.468076571942500852e-01
3.272027182281835034e-02 9.148769791041021227e-02 3.549861791111646347e+00 3.936330515475221503e-01
3.231619498896085019e-02 8.910933355458972027e-02 3.581465981175615099e+00 4.301688793545855871e-01
2.969277101715386488e-02 9.582612712488318418e-02 3.449517991020106145e+00 4.437593305269986743e-01
3.290155200222907861e-02 9.345952126056476794e-02 3.679418836069537679e+00 3.991729572734485365e-01
3.174937957983429981e-02 8.503975988230484673e-02 3.551882848152789318e+00 3.940591525311190613e-01
2.915968524370309359e-02 9.487409559580331497e-02 3.568793070113314592e+00 4.281284358043436766e-01
3.064230072758090950e-02 8.539089849521200315e-02 3.822356240503753888e+00 4.082419609814241235e-01
3.188308925405450994e-02 9.296985494407805639e-02 3.801440844820002329e+00 4.057137848656627299e-01
3.140474897886964822e-02 9.436469568355099202e-02 3.833228562754752655e+00 3.758631294882018858e-01
2.953662609082382054e-02 1.054440209854716204e-01 3.623954992437958378e+00 4.022666033769256577e-01
3.017821138278047391e-02 1.007381621694560803e-01 2.753332812009303243e+00 3.989522629073761761e-01
2.746597464483861717e-02 1.177036164501153170e-01 3.250733613707641911e+00 3.645838625354975715e-01
2.944509887056718372e-02 1.187262341592398990e-01 2.525002817535266342e+00 3.374040487422905743e-01
2.936469693133767628e-02 1.091827721298849335e-01 1.844566848171607099e+00 3.165789020945933285e-01
2.960000055246020736e-02 1.056715310126917495e-01 1.748328733882363650e+00 3.017940739946938233e-01
2.858846024792077375e-02 1.041148885306840272e-01 1.882177086398041155e+00 3.448750463407068700e-01
3.034796494288263466e-02 9.466101855602951365e-02 1.762975500197464740e+00 3.247902825093751944e-01
2.893371684187835691e-02 9.666495852263677635e-02 1.789930835673625209e+00 3.441087962210189199e-01
2.870059252656211729e-02 9.298860636510491995e-02 1.611346563157755707e+00 3.450601427451958636e-01
2.883970122418010040e-02 7.783157540115580308e-02 6.836945429534013741e-01 3.777479849166132109e-01
2.977706612430815539e-02 8.219527460247949557e-02 6.757395680117895820e-01 3.784051129547253423e-01
2.989358804488444904e-02 7.932459570019260997e-02 6.430751293729752849e-01 3.695760512711248613e-01
3.133932770326774281e-02 7.687929481790178876e-02 6.785560258936954581e-01 3.576652457686478881e-01
3.008506010835053715e-02 6.821807143871531920e-02 6.993425361378726723e-01 3.762554628629176112e-01
3.016819230080269865e-02 6.762944521032861200e-02 6.820059447130802921e-01 3.618195671125689628e-01
2.976610897213800497e-02 7.343601368966902465e-02 6.228127850901514773e-01 3.952235506863251979e-01
2.881697848615746155e-02 7.084236999059545514e-02 5.790249086716603433e-01 3.434687185167400458e-01
3.088523001469639304e-02 7.103188341464800049e-02 5.617083566481603230e-01 3.679193339809706531e-01
2.824764537713376003e-02 7.014563527403085141e-02 6.354962992183824655e-01 3.431266818430966370e-01
2.960656208466034070e-02 7.278671951253203043e-02 6.335567306863265635e-01 3.572829065122097858e-01
3.084590420411892353e-02 7.907906186538325721e-02 5.768632974630070187e-01 3.596585100205046959e-01
2.898732818236858522e-02 7.648225919079736090e-02 5.575666892812509712e-01 3.855997886680136433e-01
2.857231828923421924e-02 7.250435284443182415e-02 5.323866310541001123e-01 3.900018362943928896e-01
2.913747592361235969e-02 7.397068386747468471e-02 4.945354045325207615e-01 3.876531211911394270e-01
3.176555104275913949e-02 7.034710679953330714e-02 4.135992534753413219e-01 3.485361571373911671e-01
2.809490350509611517e-02 7.262058921533227906e-02 4.000557363557855073e-01 3.836280412783488747e-01
2.950844854425708694e-02 7.257200225507060010e-02 3.480910435174282558e-01 3.752137905465984247e-01
2.678931496536246168e-02 6.474887405538905238e-02 2.725619542294412390e-01 3.732284182793241811e-01
2.809298153436878831e-02 5.943317122314651507e-02 2.415962623147868693e-01 3.603006034341551533e-01
2.901553181681885279e-02 5.327495606445440540e-02 1.538409186645775806e-01 3.760394527590381064e-01
3.143731688614666286e-02 5.194157459358667711e-02 1.587065065532798913e-01 4.020231486234692730e-01
2.805458578479652632e-02 6.329188243594675856e-02 1.483930125821238954e-01 3.836636063254896256e-01
3.003925761504108380e-02 5.331020394780876248e-02 9.328469018724397377e-02 3.936933675576653746e-01
3.239977098532823702e-02 6.152221735964191057e-02 9.506041039455327690e-02 3.994627894049038730e-01
3.012410164661612558e-02 5.772376983218571733e-02 8.822038845040192090e-02 4.192146094383893962e-01
3.305728735747751751e-02 4.951420220811764139e-02 8.802069583136998276e-02 4.257865522301413908e-01
2.972777204580651436e-02 5.059647769949671831e-02 8.743646197631302353e-02 4.107397254878953907e-01
3.092351482632208978e-02 5.318507637950013744e-02 8.853362679309363659e-02 4.113003480457803063e-01
3.333085221861886022e-02 5.551294843500317183e-02 9.361573584684410032e-02 4.077415966008572923e-01
3.174944420051088734e-02 4.744405486864970017e-02 8.164990325174809049e-02 3.898073093960292557e-01
3.202319624706321394e-02 5.563500863849763639e-02 8.144699968745172658e-02 4.155148921239581461e-01
3.173679250801628854e-02 5.142013269953218946e-02 8.729602740881392542e-02 3.989197125269007826e-01
3.023837853800369693e-02 5.202175605360470634e-02 8.637408936099819079e-02 3.867557364761440852e-01
3.064337631381530355e-02 5.141980321422549155e-02 7.669965579325313532e-02 3.838683397435495581e-01
3.084539177673262939e-02 5.503783865083900634e-02 8.412483995964062378e-02 3.955046341340465732e-01
2.996091563234079894e-02 5.392413939596516631e-02 9.123895781543926720e-02 3.942840271881283831e-01
3.290269677693337391e-02 5.009394791697273364e-02 8.188640199255274588e-02 3.794586108295260884e-01
3.163836439930371031e-02 5.683736251649144922e-02 8.145500434649086130e-02 3.984875415111333030e-01
3.206606001356558655e-02 5.210381009561035337e-02 8.551947537361322127e-02 3.912210394413943582e-01
3.114248988392958120e-02 5.322617851473637057e-02 8.444922974266379223e-02 3.740342719358664691e-01
2.805977214327678299e-02 5.335739256392117019e-02 8.585874137206848944e-02 4.169297309958770459e-01
2.869359529425487276e-02 5.696532363206258109e-02 8.339635513036990078e-02 3.651365444625712109e-01
3.188026378770440761e-02 4.924865151717323919e-02 7.993580384313400677e-02 3.882892581976879476e-01
3.131955021489096769e-02 5.615120827071465315e-02 7.693927365025431120e-02 3.911923932439919649e-01
3.349620620293638357e-02 5.053394847364080927e-02 7.779683532925335543e-02 3.956892760538827103e-01
3.297688663124296454e-02 5.070155753877916144e-02 7.963464528645984586e-02 3.998368025972924844e-01
3.300883979812421765e-02 4.813448673469426786e-02 7.868130828787245346e-02 3.830157565757009164e-01
3.290480353001529884e-02 5.203976029411058746e-02 8.338566510046942215e-02 4.364466093179350525e-01
3.287529256760396423e-02 5.256294135705437409e-02 8.533562224903787352e-02 4.191402821404933698e-01
3.584718195801662316e-02 5.490304865153210895e-02 7.882832955305461853e-02 4.043756047343189386e-01
2.810698498964575229e-02 4.951632786256928570e-02 7.883774267614886144e-02 3.725512652414890158e-01
3.122079445128292732e-02 5.326985520944436253e-02 8.297472421297497069e-02 3.787342057439226917e-01
3.298067236045663930e-02 5.219854425096306233e-02 8.111042201286036701e-02 3.863124796323648136e-01
3.271746197547285850e-02 5.416038839056645099e-02 8.128924060797705631e-02 4.193527675493348705e-01
3.345003523270936169e-02 5.202823513249706794e-02 8.126124947789391262e-02 4.020800954759161661e-01
2.954055526271981078e-02 5.092166192901264460e-02 8.170744539962211672e-02 3.637080794681581963e-01
3.091818279238440006e-02 4.976851192611646268e-02 8.255472007572574322e-02 4.143020900424542186e-01
3.218076247407569701e-02 5.111044256782384249e-02 7.894101597148364680e-02 4.087669287422341924e-01
2.999111886553929018e-02 5.029640476654428927e-02 7.582980100591117656e-02 4.255099278241391558e-01
2.956492188619688766e-02 4.929748982123412226e-02 8.505281417640540853e-02 4.414300949764289883e-01
3.272147303336054441e-02 5.062607210499550647e-02 7.680114052683392756e-02 3.983436540210605892e-01
3.114383337461021362e-02 5.463336467559191945e-02 8.448530773775586589e-02 4.057880721453315243e-01
3.078397165428788801e-02 5.404010937585533580e-02 8.657988947033457006e-02 3.918870141541644370e-01
3.396761032300020522e-02 4.934463264402102339e-02 8.468223752794495907e-02 4.005793308752848558e-01
3.227662075458252733e-02 5.139797441380199866e-02 8.653392650933824926e-02 4.131669458287839936e-01
2.994878058805983123e-02 5.330396522607151744e-02 8.918507814804564615e-02 3.777237978283703446e-01
2.900243236770208219e-02 5.375210751682525656e-02 7.860579722023552929e-02 4.327844722032109237e-01
3.306397414788572742e-02 5.099023637496764849e-02 8.768940177484643717e-02 3.874189689586651775e-01
2.985568056997301573e-02 4.922447021018574315e-02 8.808253000892704576e-02 4.053481614148222723e-01
2.970318193587580952e-02 5.230452124984855122e-02 8.116217257198893309e-02 4.046534803484296283e-01
3.414171963808806248e-02 5.032325100103773874e-02 8.034385083962207463e-02 3.808083525827307692e-01
3.216663177084546493e-02 5.555475962588467959e-02 8.131976820457739730e-02 3.830587220458154807e-01
2.932532174673368325e-02 5.000070783743595926e-02 8.224250852051395722e-02 3.726623931454868255e-01
2.844821790755879681e-02 5.105959872117950271e-02 8.497316736018066530e-02 4.100937094593309351e-01
3.236046848549395394e-02 5.411335779155988096e-02 8.715985996192322782e-02 3.871247123875909413e-01
3.187485507503964866e-02 5.370356876467001495e-02 9.244438663325199590e-02 4.156971847461095604e-01
3.167116971578182172e-02 5.206326333671965068e-02 8.035132847134236755e-02 3.939355138672008816e-01
2.965168406632893994e-02 5.051328156121963342e-02 7.798037377556700511e-02 4.409775755748714388e-01
3.131400901440369033e-02 5.293286380996233692e-02 8.459913396765046667e-02 3.678986264891955793e-01
3.306019414377998900e-02 5.332873090236675551e-02 7.656544782469539012e-02 4.055573970995061672e-01
2.885761140794775373e-02 5.180881026597092265e-02 7.931248593961824633e-02 4.189987850169221706e-01
3.201099716325132155e-02 5.544968122152105910e-02 8.675673703977815343e-02 4.016186844812151269e-01
3.362040286178318016e-02 5.029604377055429260e-02 7.995073976638172875e-02 4.174212694290016512e-01
3.206775251218466766e-02 5.319901790833531097e-02 7.977751626553430953e-02 4.335856238385261130e-01
2.903156726148925504e-02 5.327231956413655545e-02 8.422015880153072009e-02 3.709494900108704640e-01
3.120102511046013091e-02 4.860702156797026136e-02 8.305009770379703782e-02 4.457000525942107494e-01
3.241755159414139165e-02 5.379203813674948015e-02 7.954264644932794448e-02 4.157587343196327279e-01
3.026880338043794541e-02 5.037959847578562383e-02 8.687922175485153498e-02 4.203382919212319546e-01
3.114545850614362787e-02 5.322384595353193276e-02 7.253938815214379388e-02 3.821253227539263553e-01
3.049759199278692309e-02 5.590739625007335595e-02 7.869736084685230448e-02 4.213627103117683070e-01
2.788611110405635890e-02 4.846364883746989011e-02 8.487579902063684123e-02 4.027884682754743206e-01
3.097328173101376869e-02 4.972586010106040677e-02 7.426807466946785952e-02 4.100606618269239112e-01
3.259804558880302627e-02 5.868374700948649630e-02 8.386100338033196377e-02 4.282653435575496381e-01
3.127624017485267083e-02 5.185463154516829765e-02 7.834649383048357396e-02 3.787092449300589192e-01
3.391147958366298037e-02 5.000706191176663290e-02 7.668416131078568954e-02 3.780021701457147998e-01
3.102531065841391406e-02 4.937432133927949218e-02 7.907872862820219950e-02 3.910087766435155210e-01
3.090262704891320877e-02 5.772181053374483839e-02 8.587098517108947282e-02 4.029975477171910403e-01
3.236876129870904645e-02 4.703424690111463607e-02 8.224341747965570326e-02 3.877924971244668395e-01
3.289336931147055637e-02 5.548640217931303381e-02 7.982807853612723659e-02 4.235658258313393376e-01
3.059611646510126265e-02 4.791116206924178611e-02 8.714072674528934581e-02 3.882873981895900162e-01
3.084400301261717298e-02 5.121411385787066201e-02 7.889341829640825199e-02 4.199479224426786450e-01
3.533956681949194933e-02 5.049814920119181233e-02 8.961700755568764720e-02 3.735482711933905131e-01
3.220222933093963569e-02 4.916629580707245623e-02 8.299475623992041973e-02 4.043850094845094501e-01
3.303256920450760303e-02 5.194972419379065981e-02 7.830409321164882863e-02 4.111820983075621938e-01
3.383429133649894227e-02 4.647054621997262491e-02 8.301194041544332491e-02 3.873054325610058579e-01
3.135599904331932974e-02 4.943821794034863187e-02 8.603460154666227322e-02 3.772746484822956381e-01
2.933605832532833538e-02 4.803761388376179969e-02 7.787033850927556344e-02 3.898152659760346084e-01
3.346353568587009941e-02 4.975004600050491471e-02 8.077980266366403816e-02 3.817867044450186098e-01
3.014590456790803424e-02 5.237924003904912557e-02 8.391875537237029892e-02 3.942094559694182543e-01
3.055503148435444183e-02 5.730175022943868185e-02 8.111666342449272427e-02 4.020480773853306600e-01
3.150994824450877724e-02 4.991582740530983719e-02 8.334243042078944008e-02 4.029894360555425492e-01
3.110939561684810187e-02 5.501725447172617356e-02 8.222634397352501789e-02 4.013859276619796690e-01
3.322943212735056384e-02 5.545194966541307224e-02 8.452952745891530173e-02 3.835365124828831185e-01
3.147206921576671534e-02 5.381203095119799912e-02 8.979916209654434378e-02 4.007904970549402424e-01
3.044101729764259190e-02 4.914727069505968327e-02 7.505021409645462604e-02 4.124353000734061192e-01
3.087705284691226112e-02 5.240964458120945385e-02 8.396086475711778130e-02 3.862942134455819021e-01
3.258940135844801828e-02 5.235801972579003788e-02 8.384283437390893656e-02 4.024864699544997149e-01
3.171087531913171359e-02 5.622520888568400405e-02 7.803385179091223978e-02 3.926776706504932490e-01
3.213070824855434465e-02 5.492021153238999670e-02 8.042712503373507238e-02 3.860559277034321113e-01
3.425978098916894476e-02 4.867689597618776731e-02 7.961513855291209307e-02 4.275922599548885317e-01
2.764554103274427174e-02 4.869600672595738450e-02 8.517998108876367880e-02 4.259030218280510094e-01
3.296235705656982984e-02 5.055975645977308502e-02 8.843322708742173965e-02 3.687027454743566079e-01
2.959823040653690451e-02 5.140725414554390971e-02 8.014493098346361921e-02 3.889247252262150178e-01
3.281392189817318450e-02 5.087531392375788802e-02 7.675901057755747658e-02 3.808651806615622748e-01
3.377078035678710705e-02 4.767502003195118326e-02 8.905868235873309890e-02 3.950806186557344057e-01
3.037377653244847930e-02 5.019635589086319377e-02 9.075546687445119887e-02 3.944495068929348980e-01
3.284938142400151834e-02 5.201259949265128746e-02 8.589036671525500377e-02 3.992175708020055391e-01
3.213902578916853769e-02 5.289787696470778927e-02 8.992434449153220710e-02 4.159633989660104225e-01
3.408611894462156011e-02 5.159764194849143781e-02 8.742168806744560206e-02 4.040393502106956469e-01
3.309891620780781168e-02 5.843225024206995938e-02 8.885895754620928844e-02 3.890784670191326788e-01
3.042125270327098244e-02 4.623335602299512986e-02 8.074573831907230770e-02 3.773999032542532106e-01
2.996040108143604302e-02 5.049713972048361366e-02 7.662635340231706282e-02 3.861517680722928447e-01
3.000811904683118800e-02 5.739146381019456788e-02 7.748005265278774811e-02 3.989475245757053146e-01
2.937480474331488969e-02 5.093658059841053853e-02 8.097486568216551162e-02 4.407376063155721835e-01
3.306453526158143613e-02 5.547828930967309974e-02 7.947848872540666521e-02 3.837139003676197646e-01
3.306772252158753089e-02 5.286526067813072938e-02 8.464171889569921392e-02 3.833042861251375610e-01
3.236394778441954723e-02 5.045042452137102340e-02 7.953142404470214810e-02 4.005695381293074009e-01
3.276860662034632860e-02 5.798576277820164521e-02 1.001992803875380172e-01 3.899708548840497002e-01
3.307136457127034940e-02 5.260778706622727674e-02 8.468590547644692934e-02 4.079713452569645460e-01
3.162440844021224828e-02 4.935947987481066612e-02 8.689802659655540551e-02 3.800445128410141482e-01
3.253602219202558071e-02 5.452680807857626655e-02 8.327210812820196040e-02 4.067286269483997296e-01
2.921411957690689745e-02 4.960178915870131627e-02 8.151688926500304244e-02 3.781324502888077643e-01
3.293525638673773515e-02 5.309390144429813191e-02 7.504332734750733536e-02 4.250858400168266438e-01
3.471724850406748830e-02 5.138477904305225469e-02 8.828323568612528316e-02 4.205261490087662257e-01
3.237984856400004385e-02 5.065907496141822119e-02 8.991272465871044672e-02 3.921351768618263622e-01
3.313717161563892871e-02 5.475592700823604664e-02 8.325840056259750654e-02 4.168853509357825504e-01
2.951597965726423037e-02 5.339747019695355312e-02 8.556026997798878153e-02 3.879127551749421698e-01
3.287479348452085337e-02 5.303518390262349641e-02 8.011432624776561318e-02 4.020416660918608720e-01
3.100600453109933485e-02 4.525281651496049218e-02 8.422238549057792234e-02 4.284840266105975348e-01
3.452030798197484873e-02 4.720040032485193354e-02 7.759904579618803755e-02 3.736899843449666969e-01
2.955956027272496275e-02 5.157135855064290397e-02 7.755657184683883987e-02 3.777333560539927748e-01
3.042847299325907029e-02 5.391112788280370827e-02 8.206431646800599333e-02 4.260625441876194630e-01
3.465341339640885809e-02 5.133370897534553223e-02 7.728874492974820154e-02 3.542455204642448452e-01
3.062574317975930854e-02 4.710870234110744320e-02 8.060656355964671005e-02 3.860801666242917873e-01
3.165784436881556585e-02 5.292617661958477077e-02 8.601873450371247398e-02 3.994385124095227169e-01
3.174880689403578732e-02 4.599981132280469426e-02 7.519250992318632365e-02 4.049666196733761048e-01
3.117822231239667299e-02 4.647029564412041153e-02 8.387558358099937716e-02 4.107874982555285159e-01
3.006823530918947829e-02 4.851763103688833123e-02 8.356799125154509844e-02 3.966183366111615816e-01
2.987636194505293580e-02 5.046822519313551303e-02 8.435846040400032941e-02 3.693248260917313397e-01
3.089107400062898051e-02 4.873296435420466921e-02 8.359361128746400915e-02 3.996411981734994123e-01
3.229982994021199372e-02 5.488502076796227674e-02 8.487659355598331512e-02 4.259771267246670323e-01
3.182773564144240203e-02 5.085227882692026219e-02 8.198854669584373922e-02 3.806074700752181683e-01
3.258718933535886819e-02 5.251207617460049160e-02 8.690833450533334836e-02 3.976679428814931527e-01
2.929825882148700059e-02 5.159946798898262799e-02 8.671374587271626910e-02 3.663136915538568461e-01
3.093413517077334141e-02 4.955751915096336807e-02 7.561073434651763292e-02 3.860097225843096558e-01
3.478887356009517651e-02 5.484316772925069972e-02 8.110568349719557424e-02 3.880105145642165909e-01
3.099835296124395928e-02 5.053621979697912187e-02 8.743214073592517344e-02 3.998160890504554588e-01
3.161098677809601881e-02 5.521921021392221796e-02 8.661685850649539220e-02 4.431700442327196621e-01
3.257799787486847370e-02 4.743484303858715861e-02 8.340681325998187956e-02 3.837999836931094144e-01
3.162337830916090581e-02 5.129499471920284659e-02 8.010024193843144624e-02 4.119852241253037506e-01
3.186825997327365212e-02 4.864216819084314636e-02 7.723972740660102476e-02 4.229640009898298914e-01
3.213517129162479780e-02 4.888953972525130615e-02 8.171777178037255285e-02 4.118867835604340111e-01
3.133332724809100023e-02 5.004796347126564543e-02 7.931530073845990958e-02 4.258050196381499286e-01
3.120582587937424657e-02 5.077878313427672957e-02 7.593978442295029607e-02 4.360713884849167221e-01
3.317670911894477631e-02 4.753404608969805101e-02 8.393121867426589500e-02 3.737565831696029184e-01
3.067619738940274496e-02 5.223127092859277537e-02 8.132004884755301977e-02 3.862422236024855016e-01
3.251011512964248340e-02 4.800011128875748129e-02 7.680362866470677452e-02 4.048870216230011088e-01
3.275135991739343971e-02 4.733316568305634409e-02 7.897321245674010504e-02 3.823045026256179924e-01
3.111846644289077354e-02 5.707838655334682848e-02 7.631262941689943846e-02 4.067231060583582636e-01
2.899177016975459584e-02 4.917315719634215987e-02 8.251019446657607836e-02 3.967321618024075014e-01
3.207925119650466977e-02 4.856885569643759615e-02 7.867942757836536571e-02 3.997872004976061877e-01
3.290270650031662525e-02 4.914944865195930435e-02 8.760890493769003806e-02 4.398791634974095754e-01
2.973558591941276308e-02 4.813185171109954363e-02 7.998730728380144817e-02 3.885326826426118152e-01
2.921890393873168013e-02 5.217900783450334090e-02 7.970403088979022277e-02 4.020421875416407831e-01
3.261660422937943254e-02 5.032424189455690644e-02 8.306424911333495920e-02 4.056539436435733226e-01
3.023448014969908060e-02 4.726649719732078231e-02 8.903329992352780609e-02 4.217715335557620238e-01
3.117936861863157549e-02 5.190977716767120054e-02 7.741278600495141160e-02 3.803026415876462063e-01
3.211238802483247501e-02 5.314524215342177060e-02 8.433981032992039772e-02 3.931785172740719925e-01
3.332739048272802262e-02 4.828452709809270826e-02 8.178315798860004426e-02 4.405125052326330226e-01
3.170153334912416410e-02 5.275552390598562541e-02 7.387750051383679128e-02 4.383568881541385354e-01
3.078996145246233260e-02 5.125851466307034671e-02 8.008007904765498952e-02 3.821304044597804705e-01
3.109292154199875743e-02 5.075801783802313949e-02 8.412349109528011182e-02 3.921608569747241368e-01
3.539518317422506166e-02 5.081677531060684039e-02 8.179691317484361068e-02 4.021458580343599265e-01
3.096964172571412335e-02 5.447623529448321344e-02 8.417377762404366914e-02 4.083320473513203930e-01
3.134956150407076925e-02 5.190163248449759792e-02 7.380990302548730286e-02 3.982342348765901541e-01
3.199723086682761120e-02 5.311140999395759510e-02 8.053759696531363754e-02 3.926987421233253950e-01
3.100028145988426714e-02 4.972386450133486901e-02 7.298945912372364897e-02 4.267303884087805810e-01
3.088223681192765052e-02 5.511728249752444880e-02 8.278719107639227748e-02 3.829000449283489482e-01
2.902814560983973946e-02 4.879889957355083852e-02 7.945207468124958206e-02 4.220898657721549596e-01
3.117578593486913449e-02 5.234020242180271315e-02 8.331299883308616872e-02 4.232847999775471437e-01
2.824041981799332857e-02 5.656334844248660926e-02 7.769822594666696280e-02 4.067696135914749545e-01
3.051089706623391282e-02 5.129197308683070694e-02 8.023743848979192350e-02 3.885448540947398777e-01
2.988911745386097982e-02 5.199965741474445180e-02 8.017283532974008031e-02 3.598743877876179331e-01
3.281973360861423217e-02 5.128775413496029778e-02 7.896587152435002865e-02 3.509003422292240604e-01
3.289889429645395658e-02 5.365311630716289998e-02 8.675859401699899387e-02 3.819846559718781953e-01
2.950244177805540560e-02 5.206064848680511115e-02 8.372510459278674488e-02 4.093410221620295553e-01
3.199514662881017962e-02 5.120512572555021430e-02 7.944727683987475031e-02 3.907395286366964759e-01
3.095286633427296596e-02 5.109484783269553632e-02 7.421983276264791651e-02 3.601340137979447964e-01
3.277834182598212548e-02 5.177137304322700084e-02 7.536349432431044271e-02 3.808517173419517232e-01
3.186149203203693381e-02 5.072407690878678876e-02 8.755660138871755593e-02 3.510933156344593908e-01
3.139675555514963995e-02 4.816254327568410265e-02 8.108988214435999820e-02 4.400838463079341789e-01
3.308873656851353540e-02 4.814519770878238070e-02 8.519024138773682864e-02 4.194616224801264726e-01
3.104990194161580050e-02 5.087491949455973800e-02 8.374628897592105436e-02 4.080428277047354890e-01
3.270868141248470945e-02 5.205506518995248882e-02 7.514196840975485847e-02 4.456663056334598805e-01
3.214208124205262390e-02 5.554716532857845168e-02 8.004264347168625615e-02 4.050993306256339133e-01
3.263981539356087397e-02 4.957582298400013687e-02 7.556216982086640110e-02 4.462624225173076331e-01
3.182228914502589073e-02 5.069154579213297485e-02 7.690011938848095863e-02 4.146478209927547676e-01
3.778935134621513176e-02 5.066147444585011178e-02 8.121366178857880591e-02 4.050719341458376976e-01
3.404406453559418594e-02 5.012775972832511640e-02 8.090854738403224777e-02 3.685946231616099578e-01
3.070458706683529618e-02 5.183716068900233453e-02 8.185239734562738123e-02 3.968896900281953521e-01
2.957255290071593087e-02 4.671664452956243718e-02 8.862986266915702516e-02 3.942083808553933366e-01
2.815164064565644012e-02 5.179517539419203898e-02 7.564772398373963147e-02 4.381857001873837865e-01
3.341591670498731542e-02 4.826002656775603417e-02 8.430236005599686666e-02 4.012329211269637930e-01
3.235066603991498813e-02 4.886058329339423162e-02 7.537036947497968709e-02 3.949398850761731694e-01
2.971270809939344226e-02 5.048460613913319239e-02 8.245868223153424159e-02 3.979746040142986274e-01
3.200196161199441586e-02 5.042803024483429736e-02 7.909282653033035404e-02 3.977793741680103468e-01
3.218086606526145144e-02 4.637692038549112716e-02 8.218287293110509983e-02 4.390893243127966805e-01
3.068874808650890948e-02 5.086030065191671223e-02 8.105951000018191133e-02 4.059473961170003697e-01
3.336678019078234692e-02 5.285912709658149855e-02 8.097528860290628683e-02 4.364776016046912344e-01
3.021912909659433752e-02 5.253464162710640151e-02 8.037239212891457429e-02 4.119570126001334542e-01
3.324060595140906210e-02 5.111459722133739753e-02 7.990031052611509810e-02 3.765963656529632275e-01
2.935176992463301229e-02 4.769801786428951029e-02 8.658942519507452362e-02 4.007978576097532275e-01
3.372389681783539983e-02 4.933729244207405579e-02 7.959050101100118013e-02 4.109292023235762148e-01
3.277036186155558861e-02 4.816385565966963683e-02 8.152853768331011497e-02 3.666476239001987825e-01
3.045125282474711939e-02 4.822138405535617012e-02 7.578293422629429898e-02 4.318748128651297424e-01
2.994660387194090015e-02 4.835697254419359797e-02 7.592596977171919836e-02 4.452571214300160007e-01
3.174424199177233730e-02 4.838968143701929264e-02 7.624313577761096528e-02 3.827276932875701698e-01
3.136271684511801605e-02 4.875686932988576583e-02 8.781817896366611587e-02 3.910887205915354881e-01
3.300945099423450990e-02 4.721256169200405139e-02 8.203428655362535182e-02 4.008869512445479288e-01
3.303155407984043751e-02 5.427252308578802559e-02 8.004484405484010856e-02 4.041530291781580964e-01
2.874538451493990898e-02 5.086831843489263150e-02 7.437408833030059729e-02 3.662766430066651258e-01
2.938926535560353395e-02 4.755037481760589213e-02 8.908109130125532737e-02 4.256295156247292266e-01
3.169666627876865234e-02 4.870077109881843641e-02 8.749819826234093989e-02 3.745878810316336516e-01
2.910550872357586111e-02 4.820976292838063948e-02 8.158659160130005139e-02 3.719779603100982213e-01
3.349927542033667716e-02 4.891510560885061615e-02 8.413238956857536921e-02 3.795250583686038959e-01
3.254227003354582398e-02 5.141443722566280128e-02 8.004533405601013674e-02 3.991162368981442943e-01
3.051426920697071152e-02 4.734649722317513937e-02 8.556987806677987529e-02 4.255882539082340155e-01
3.309527384315205656e-02 5.035351826585408863e-02 7.570910037220558719e-02 4.159238559813092095e-01
3.277375912394743518e-02 4.564243332675620157e-02 7.969174248118351955e-02 4.360207668924845903e-01
3.442799725001172845e-02 5.061133204391198709e-02 8.247457187638555787e-02 4.526730585233305071e-01
2.989715591618556656e-02 5.256070386301234937e-02 8.423277726365295537e-02 3.918612065098033281e-01
3.179201350455352487e-02 4.242347492391341374e-02 8.770056135205162029e-02 4.190621869529287391e-01
3.169256006629733724e-02 5.098446866977399822e-02 8.181856341394093401e-02 3.932903300966327231e-01
3.299623350045128439e-02 5.117856748950717211e-02 7.562686686984672335e-02 3.736291639137656051e-01
3.165818964785912376e-02 4.996701081501787184e-02 8.040698938998562528e-02 3.794084416408559091e-01
2.937461031005084156e-02 4.809350272305273899e-02 7.917244075851159746e-02 3.972918004205949760e-01
2.861718603898754515e-02 4.822355050941337651e-02 8.277523262448678587e-02 4.207433502697890404e-01
2.902887962621725562e-02 5.330211906124468491e-02 8.435327860433673719e-02 3.513147272062761561e-01
2.875159730885646844e-02 5.104167262268279742e-02 8.729499250780690944e-02 3.975910455004932342e-01
3.002795520175314051e-02 4.958436220973534009e-02 8.532035155180504871e-02 3.868520991410835386e-01
2.981312202717803853e-02 5.321618658729591195e-02 7.772760701964016861e-02 4.051156940698074083e-01
3.144715293934210315e-02 5.283924085389840597e-02 7.877021125643547672e-02 4.092599134112518966e-01
3.070902322253975941e-02 4.628738476376177691e-02 8.312919461579035274e-02 4.158452163422200476e-01
3.127661736321363239e-02 5.232812080758175721e-02 8.305578401766383623e-02 4.067726700670604156e-01
2.970500508033893997e-02 5.500834948765455368e-02 8.703411638480339219e-02 3.986037500536598333e-01
3.394562321216295503e-02 5.541257991885869399e-02 7.349202664800441598e-02 4.015292309509808644e-01
3.437189116557438917e-02 5.169581951847675855e-02 8.598607839655209029e-02 4.014254364770476480e-01
3.069964423264362474e-02 4.874729368800190255e-02 7.598758273971276123e-02 3.875649438735480068e-01
3.145127917192395289e-02 5.240420836375524194e-02 8.349393489944054170e-02 3.939963311230137988e-01
3.383469702552358710e-02 5.144493952990174951e-02 7.402190291498636499e-02 3.821156341392445421e-01
3.245950474110026462e-02 5.075143289164094074e-02 7.375762658050157017e-02 3.729699735561907703e-01
3.247646231275295309e-02 5.186513524267378356e-02 8.302998741700427787e-02 3.916187282612233478e-01
2.632689621912213257e-02 5.136535691728546377e-02 8.733041013044048895e-02 4.017801599429826620e-01
3.127309835528918613e-02 5.272766218234765240e-02 8.184792767995265061e-02 4.310492917548332525e-01
2.958174566340051465e-02 5.087539442464284606e-02 8.248824862022699489e-02 3.835364999098271888e-01
2.896661944049202381e-02 4.797881488851429843e-02 8.914227751071858441e-02 4.261723651474497165e-01
3.085572535200288569e-02 4.985420219054109703e-02 8.181053388936358750e-02 3.970328880959491658e-01
3.006622640758840198e-02 4.840933421639018186e-02 8.189668262554689049e-02 3.876470209765962016e-01
3.385142635619729085e-02 4.868644791154817797e-02 7.885089974381208344e-02 3.980567242816663298e-01
3.208039355876486642e-02 5.097047773320855651e-02 8.356179375725374114e-02 3.537378522296651395e-01
3.062199401253664841e-02 5.272517666386263013e-02 8.138283994962718093e-02 3.892765727179142710e-01
3.214374453950969573e-02 4.800390166645435164e-02 8.120758766275862350e-02 4.027277390900578791e-01
3.198191523339771747e-02 5.027656036542390433e-02 7.897370874082206005e-02 4.065002356039804643e-01
3.418324698115731558e-02 4.634157775589256567e-02 8.184691700773177869e-02 3.952414299275471277e-01
2.925872841373567540e-02 5.345057425059255435e-02 7.834120868246308156e-02 4.341124704172923399e-01
2.911085714707525862e-02 5.108213032269149495e-02 7.637666131735891539e-02 4.099585898449316645e-01
3.205040382909545016e-02 4.491773588774806286e-02 8.207602240346519029e-02 4.027407699381002071e-01
2.923560737210998545e-02 5.416545574854649686e-02 7.837261478247865842e-02 3.941603999370024147e-01
3.308947170811030875e-02 5.554946737030993370e-02 7.884801059249055277e-02 3.987623227204625254e-01
3.023471467863298942e-02 4.784662654948225458e-02 8.081533627002908393e-02 3.954013062398913370e-01
3.007120927587315570e-02 5.506552917774674982e-02 8.764417733019358447e-02 4.085964840738108284e-01
3.103725724907535621e-02 4.786243616176841936e-02 7.959339493154782286e-02 4.307169552950925184e-01
3.031928844166747669e-02 5.660801099477544979e-02 8.143587697072740550e-02 3.879480463304709748e-01
3.224839982164377089e-02 5.284251063521557684e-02 8.263366331724407432e-02 3.877963287445447826e-01
2.730237715553848407e-02 5.105559624394252066e-02 8.209098579306670085e-02 3.842301645396980492e-01
3.199715636017416709e-02 5.220503668901597255e-02 8.388692514105472453e-02 3.678936554468031916e-01
2.771171602974007581e-02 4.988610592486347056e-02 7.626469431170518343e-02 3.809959268025596146e-01
3.341382764970411701e-02 5.327356153269398320e-02 7.678838639713884973e-02 3.960344521467652479e-01
3.127683679757894963e-02 5.061983373653302504e-02 8.035310064707765210e-02 3.653519369944762674e-01
3.049688469939665011e-02 4.702467185265207100e-02 8.763691748609139798e-02 4.483644582018890823e-01
3.086149423470907829e-02 4.708163994074066744e-02 7.885902200380466576e-02 3.771249818398657028e-01
3.050400626376091606e-02 5.262426514292253138e-02 7.719856844958646047e-02 4.006815304175592729e-01
3.303796138552513723e-02 5.107783412419102803e-02 8.634383218722863074e-02 4.082957974689864766e-01
3.085779513943261859e-02 4.886357836453005671e-02 7.968826533199940831e-02 4.316240964597069518e-01
3.131573626577378172e-02 5.334594770239873412e-02 8.050784288507122077e-02 4.041992144732208248e-01
2.872971710846133203e-02 4.893349093297263974e-02 9.021416932061665506e-02 3.845814648773821509e-01
3.224939874454023359e-02 5.186661198035648346e-02 7.366328782560821464e-02 3.700360325121130889e-01
3.053799179592692203e-02 5.755724090734024023e-02 7.497187277511177528e-02 3.780235607056778302e-01
3.257238696926104821e-02 5.445455985176266001e-02 7.826783383277480244e-02 3.856696401215268799e-01
2.961859787766261964e-02 5.341633715427613477e-02 8.486490004353736127e-02 4.142915139902709765e-01
3.282746023836526778e-02 4.867240501225764820e-02 7.757797109848733885e-02 3.695517224231859577e-01
2.934490989923416865e-02 4.688555830881610542e-02 7.520937073072662959e-02 3.793937476570364287e-01
3.178250001508454992e-02 5.477475323319029588e-02 7.494805347404309703e-02 4.120602531489704345e-01
3.112501380998565839e-02 5.361610163156567410e-02 7.794890854482150466e-02 3.691071950340477081e-01
2.951207056310475862e-02 5.768403007555487211e-02 8.453811565128814542e-02 3.783027171652052489e-01
3.256751405873040128e-02 5.943579261884524706e-02 8.124198140768890131e-02 4.001723744864786880e-01
3.393491369808714075e-02 5.630005658280945458e-02 8.031277279653355194e-02 3.895213878029988308e-01
3.335240501444367012e-02 5.036839555742416569e-02 8.799428336141752738e-02 3.731421180878772281e-01
3.310841437776643192e-02 4.877612172699538617e-02 7.908367491148132755e-02 4.000226803664604924e-01
3.218073931254065295e-02 4.755599902025815090e-02 8.435801818277045838e-02 3.675548540408515863e-01
3.124354450380403478e-02 5.137416467317895002e-02 8.260340900972616696e-02 4.359887556186219371e-01
3.202197973434869199e-02 5.015577085438149146e-02 8.583419379003449923e-02 3.931864208801471583e-01
3.170462924567893359e-02 5.039632494255752437e-02 7.889779912626108949e-02 3.691826992556862530e-01
3.283086180881923666e-02 5.204054331258898408e-02 7.345551509219049036e-02 4.009950206419690688e-01
3.268610242823898754e-02 5.226348235138082027e-02 7.854259716552512705e-02 4.205989259993259122e-01
3.425671217369410937e-02 5.288510628892922200e-02 8.020908374622945369e-02 3.961803125140208048e-01
3.418597779495594069e-02 5.341609309077789691e-02 9.341958674585548739e-02 3.713220902781775856e-01
3.211953327379418743e-02 5.146995481578953147e-02 7.475215648827529535e-02 3.678951156590401506e-01
2.848322509279363132e-02 5.807524976900889369e-02 8.904328496482913358e-02 3.849722562401633463e-01
3.325873343542674887e-02 4.872994440474691380e-02 7.967369421644875105e-02 3.792979390844738452e-01
2.832585851920839046e-02 5.402475742654382074e-02 8.465634718471419518e-02 3.995902581561988631e-01
3.059385869630978569e-02 5.447549091510543728e-02 7.863387178570555025e-02 4.098848901695551494e-01
3.244958138124814234e-02 5.408950694386784053e-02 7.780850246622166011e-02 3.669161250865931034e-01
3.022883562390050322e-02 4.824221706317404629e-02 8.032718379190922908e-02 4.335856978460163047e-01
3.278120802997837313e-02 4.767838800065354182e-02 7.998160231898361616e-02 4.422231887244962301e-01
3.308765687074908396e-02 4.923284190501171081e-02 7.724151393442832414e-02 3.832751168011361842e-01
3.009196360786444216e-02 4.809827823413574677e-02 7.612049898306380569e-02 3.998885491605785325e-01
3.341588946710929292e-02 5.300610301362251170e-02 8.688197718928067359e-02 3.921165295495105396e-01
3.083769149329749007e-02 5.023251422664032351e-02 7.908296354931809713e-02 3.877378036707769815e-01
3.105861234801312112e-02 5.423021820205981697e-02 7.943159824135845315e-02 3.899305269275553654e-01
3.376475800940822308e-02 4.979298718775763966e-02 7.290068610710449815e-02 3.991581282009558640e-01
3.118355750292402251e-02 5.208546056387848566e-02 8.397535300090340493e-02 4.315626906000087915e-01
3.209875265981802089e-02 5.365601831255345511e-02 8.383117020513532192e-02 3.957397445977968164e-01
3.017821164171751586e-02 4.886905156704908493e-02 8.160835306404623513e-02 3.978586780116740163e-01
3.136457682936637237e-02 5.222574342944193149e-02 7.570667664278067643e-02 3.747037568346413550e-01
3.222781028254593366e-02 5.413715318544746330e-02 7.751596380306773060e-02 4.205620438652530324e-01
3.184389823204755027e-02 4.734116247487250850e-02 8.007263484489209049e-02 4.322722661083948092e-01
3.476292131606814606e-02 5.310580760813492229e-02 8.369286242455366287e-02 4.015104087676581446e-01
2.966607088091275518e-02 4.928050481679970701e-02 8.170273922869471239e-02 4.078813086759170425e-01
2.947648475932057935e-02 5.071417170297250199e-02 7.812681418704903180e-02 3.958455108177419413e-01
3.063710210787548918e-02 4.736797408914447671e-02 7.819810592585406395e-02 3.796473824796711694e-01
3.134709764415987560e-02 4.757590650122311277e-02 8.739682202095795660e-02 4.276541787061083899e-01
3.098198676986843939e-02 5.216846102354152220e-02 7.666267217248297350e-02 3.835571281511302444e-01
3.274291576718529190e-02 5.138814184327446938e-02 8.204265312628271356e-02 3.819698355526762734e-01
3.206421346976377762e-02 4.945019464457848374e-02 7.942683229222136099e-02 3.887239506983520831e-01
2.904227683771120477e-02 5.239689625821371266e-02 7.957770819756397607e-02 4.011888624704187944e-01
3.416734317960271050e-02 5.027820290209222137e-02 8.009701400096486124e-02 3.748779187469616359e-01
3.335086309618581074e-02 5.496874868316844326e-02 8.212847424476725500e-02 3.790109685116196392e-01
3.090827927914427398e-02 5.152506906759375671e-02 8.202380331449514450e-02 3.716383067809420626e-01
3.275975049266810490e-02 5.281112159608327555e-02 8.772339748609365995e-02 3.959255502562692985e-01
2.829257787834009441e-02 4.987600445042857794e-02 7.552101304108042867e-02 4.289434892944709032e-01
3.057752312911649756e-02 5.409709735151271848e-02 8.295368946830183887e-02 4.085677494003612242e-01
2.930250478636254458e-02 5.042821080302186537e-02 8.081718767375314916e-02 4.126591763522806100e-01
3.154255842633490320e-02 5.722123255307128009e-02 8.071413076538118403e-02 4.066675684852386063e-01
3.021045281672569624e-02 5.041142297146661289e-02 7.512860233722064296e-02 4.387521795672152392e-01
3.111730104627275645e-02 5.532286741930188961e-02 8.266080237416489895e-02 4.153683413894013743e-01
3.433791174440234406e-02 4.843450806593042890e-02 8.288766864222110731e-02 3.995332969629953879e-01
3.339947722826393933e-02 4.749076770051199881e-02 8.583234805957197511e-02 4.613985703427389007e-01
3.394659247989577355e-02 5.277175062186174881e-02 7.981277365530822787e-02 3.859118046537396429e-01
3.029840027005991157e-02 5.520020865211105326e-02 8.775068411672644342e-02 4.223589524878488266e-01
3.075485225667783443e-02 5.292865972125355284e-02 8.231618490599544591e-02 4.019027541891814215e-01
3.254226602015166531e-02 4.959301463449493352e-02 8.179170152474446454e-02 3.615850368528611969e-01
2.900154761713771498e-02 5.998778086312484686e-02 8.030307494896191112e-02 3.643159167509498197e-01
3.134523348196633502e-02 5.410307032785391379e-02 8.490115591242961002e-02 3.935587855936535373e-01
3.113311356891360418e-02 4.892056707217942724e-02 8.623863656670768818e-02 3.672061945723912313e-01
3.174739597465559005e-02 4.985678584658242291e-02 7.868559678725590978e-02 4.044319964001769074e-01
2.883051277051546651e-02 5.070950214837161713e-02 7.794203772935379138e-02 3.893311353117491769e-01
3.243452127010082453e-02 4.888042999541551692e-02 7.753129330066531322e-02 4.036824060919876889e-01
3.122868341369793022e-02 5.061793848937248125e-02 7.824008238482460520e-02 3.797783512052280153e-01
2.813281244185573959e-02 4.777285005506554799e-02 8.255187961963714183e-02 3.897828540087284188e-01
3.059463795000299038e-02 5.058315084882952783e-02 8.706054505300800384e-02 3.857807811688314659e-01
3.229192073775345034e-02 5.304137065579782317e-02 8.338236417067564077e-02 3.942113294584649319e-01
3.361635473740855196e-02 5.598464146101105043e-02 8.280782516616420896e-02 3.649524158980199662e-01
2.779091959363157519e-02 4.856661453710686693e-02 8.372122738376806816e-02 3.896877770116831674e-01
2.739247019680367268e-02 5.120638203670214300e-02 7.974620310037630611e-02 4.096419447973365102e-01
3.126409128517831926e-02 5.482206454012792524e-02 7.948410862453328396e-02 3.934293446795430471e-01
3.414262913980137260e-02 5.119693526569267517e-02 7.922501505226475782e-02 4.068105744101498389e-01
3.047368233144742006e-02 5.160194437621750535e-02 8.424699718884300081e-02 4.192129965102204814e-01
3.156355664424973645e-02 5.110192851067417441e-02 7.996667528255782531e-02 3.790465261713700795e-01
3.029000369058813119e-02 5.514657145997275967e-02 8.019642329358563082e-02 3.702389222372319266e-01
3.092807806521734315e-02 4.795480948238244057e-02 8.509175101333002478e-02 3.965873770488382299e-01
3.219105172273454413e-02 4.604514648266782445e-02 8.343486277264026973e-02 3.592356786161056692e-01
2.934770777496597399e-02 5.372090783622874427e-02 8.897408300477113730e-02 4.064460477070991895e-01
