3.698841314136683195e+03 1.992057685189435688e+03 2.574247142185966484e+06 2.482584326959593568e+01
3.189286210263169323e+03 1.733263437210044458e+03 2.303453374759488739e+06 2.482584326959593568e+01
3.189286210263169323e+03 1.733263437210044458e+03 2.303453374759488739e+06 2.482584326959593568e+01
3.189286210263169323e+03 1.733263437210044458e+03 2.303453374759488739e+06 2.482584326959593568e+01
1.950133249774110482e+03 1.100830897448831593e+03 2.272310899872270878e+06 2.482584326959593568e+01
1.890276619376235658e+03 1.104754697574323018e+03 2.248277431453286670e+06 2.482584326959593568e+01
1.904313319943275246e+03 1.102926498316762263e+03 2.201649426768860780e+06 2.482584326959593568e+01
1.900488157068090686e+03 1.095429681151241084e+03 2.196391290565395262e+06 2.482584326959593568e+01
1.757458073697704094e+03 1.010777997056610843e+03 2.162107576721529942e+06 2.482584326959593568e+01
1.757458073697704094e+03 1.010777997056610843e+03 2.162107576721529942e+06 2.482584326959593568e+01
1.757458073697704094e+03 1.010777997056610843e+03 2.162107576721529942e+06 2.482584326959593568e+01
1.757458073697704094e+03 1.010777997056610843e+03 2.162107576721529942e+06 2.482584326959593568e+01
1.757458073697704094e+03 1.010777997056610843e+03 2.162107576721529942e+06 2.482584326959593568e+01
1.757458073697704094e+03 1.010777997056610843e+03 2.162107576721529942e+06 2.482584326959593568e+01
1.757458073697704094e+03 1.010777997056610843e+03 2.162107576721529942e+06 2.482584326959593568e+01
1.757458073697704094e+03 1.010777997056610843e+03 2.162107576721529942e+06 2.482584326959593568e+01
1.757458073697704094e+03 1.010777997056610843e+03 2.162107576721529942e+06 2.482584326959593568e+01
1.757458073697704094e+03 1.010777997056610843e+03 2.162107576721529942e+06 2.482584326959593568e+01
1.757458073697704094e+03 1.010777997056610843e+03 2.162107576721529942e+06 2.482584326959593568e+01
1.658958541691038135e+03 9.978882341616005078e+02 2.030218866239290219e+06 2.482584326959593568e+01
1.658958541691038135e+03 9.978882341616005078e+02 2.030218866239290219e+06 2.482584326959593568e+01
1.658958541691038135e+03 9.978882341616005078e+02 2.030218866239290219e+06 2.482584326959593568e+01
1.444120565266309541e+03 8.865768274968681908e+02 1.633934363515284844e+06 2.482584326959593568e+01
1.444120565266309541e+03 8.865768274968681908e+02 1.633934363515284844e+06 2.482584326959593568e+01
1.372493835075101515e+03 8.926039396056773967e+02 1.607857234434325248e+06 2.482584326959593568e+01
1.206046631435079235e+03 8.529911433905665490e+02 1.564792399588085944e+06 2.482584326959593568e+01
1.036212191996170304e+03 7.974122025456132405e+02 1.475669301350568887e+06 2.482584326959593568e+01
1.008662661120426833e+03 7.849417383658253584e+02 1.427802117431113264e+06 2.482584326959593568e+01
1.008662661120426833e+03 7.849417383658253584e+02 1.427802117431113264e+06 2.482584326959593568e+01
1.008662661120426833e+03 7.849417383658253584e+02 1.427802117431113264e+06 2.482584326959593568e+01
9.966396806827470982e+02 7.730203143861815533e+02 1.419200265944680432e+06 2.482584326959593568e+01
9.406329407403297864e+02 6.655861670738291878e+02 1.537263328889832366e+06 2.478539864195039399e+01
9.406329407403297864e+02 6.655861670738291878e+02 1.537263328889832366e+06 2.478539864195039399e+01
7.214699926404426833e+02 5.172586196381622585e+02 1.297000533293772722e+06 2.474211384771763278e+01
7.131592008035329400e+02 4.980417806643869767e+02 1.279458302015042398e+06 2.475587226743379432e+01
6.894854482945347627e+02 5.331720633062232082e+02 1.224834642032426549e+06 2.476357427455592131e+01
6.894854482945347627e+02 5.331720633062232082e+02 1.224834642032426549e+06 2.476357427455592131e+01
6.996430452926107364e+02 5.070682996600496608e+02 1.223794455949345138e+06 2.481658574627867608e+01
5.404511592067406127e+02 3.150344986224725403e+02 1.131564803727835650e+06 2.466931350715297810e+01
3.562617332058460988e+02 1.969592338651743830e+02 8.927659249683049275e+05 2.457033939780470888e+01
3.562617332058460988e+02 1.969592338651743830e+02 8.927659249683049275e+05 2.457033939780470888e+01
3.586210554531392063e+02 1.799608304446774980e+02 8.925688762851033825e+05 2.504941362638241031e+01
3.586210554531392063e+02 1.799608304446774980e+02 8.925688762851033825e+05 2.504941362638241031e+01
3.586210554531392063e+02 1.799608304446774980e+02 8.925688762851033825e+05 2.504941362638241031e+01
3.586210554531392063e+02 1.799608304446774980e+02 8.925688762851033825e+05 2.504941362638241031e+01
3.586210554531392063e+02 1.799608304446774980e+02 8.925688762851033825e+05 2.504941362638241031e+01
3.586210554531392063e+02 1.799608304446774980e+02 8.925688762851033825e+05 2.504941362638241031e+01
3.586210554531392063e+02 1.799608304446774980e+02 8.925688762851033825e+05 2.504941362638241031e+01
3.586210554531392063e+02 1.799608304446774980e+02 8.925688762851033825e+05 2.504941362638241031e+01
3.353038436348292066e+02 1.985120885208521031e+02 8.622806797750068363e+05 2.455004573398156964e+01
3.353038436348292066e+02 1.985120885208521031e+02 8.622806797750068363e+05 2.455004573398156964e+01
3.353038436348292066e+02 1.985120885208521031e+02 8.622806797750068363e+05 2.455004573398156964e+01
3.198343034287903492e+02 1.657236527032548565e+02 8.549661269965260290e+05 2.469522211315413074e+01
3.198343034287903492e+02 1.657236527032548565e+02 8.549661269965260290e+05 2.469522211315413074e+01
2.680810024341863027e+02 1.238028592989458048e+02 8.020158940295887878e+05 2.441720560020637265e+01
2.680810024341863027e+02 1.238028592989458048e+02 8.020158940295887878e+05 2.441720560020637265e+01
2.512589876671027866e+02 1.075696878480615055e+02 7.844507413443590049e+05 2.445546890418132335e+01
2.512589876671027866e+02 1.075696878480615055e+02 7.844507413443590049e+05 2.445546890418132335e+01
2.394312744366419281e+02 1.091226922413119809e+02 7.565896248297212878e+05 2.470668749850323564e+01
2.394312744366419281e+02 1.091226922413119809e+02 7.565896248297212878e+05 2.470668749850323564e+01
2.394312744366419281e+02 1.091226922413119809e+02 7.565896248297212878e+05 2.470668749850323564e+01
2.215007839197704413e+02 1.144167316453213061e+02 7.351247856888255337e+05 2.484599556006325116e+01
2.215007839197704413e+02 1.144167316453213061e+02 7.351247856888255337e+05 2.484599556006325116e+01
2.336158193201321751e+02 1.004865520577402549e+02 7.475073793284720741e+05 2.451434362329665362e+01
1.870641715983814208e+02 8.935612401173185049e+01 6.765360205310616875e+05 2.528914786201451648e+01
1.710847686779363244e+02 8.745319299872804208e+01 6.472645344963609241e+05 2.494411926786582256e+01
1.710847686779363244e+02 8.745319299872804208e+01 6.472645344963609241e+05 2.494411926786582256e+01
1.710847686779363244e+02 8.745319299872804208e+01 6.472645344963609241e+05 2.494411926786582256e+01
1.710847686779363244e+02 8.745319299872804208e+01 6.472645344963609241e+05 2.494411926786582256e+01
1.701095919812963757e+02 8.327323226667807887e+01 6.561960085735243047e+05 2.522606809098513736e+01
1.451262626801026556e+02 7.012907763815979933e+01 6.016819171541922260e+05 2.516965883097925882e+01
1.419461925347132478e+02 6.273066372520493417e+01 6.150735336086479947e+05 2.605518281757278487e+01
1.285782177664042649e+02 6.620561635340828843e+01 5.956213107450172538e+05 2.667651363367644279e+01
7.096289170473484376e+01 3.133215579049658217e+01 4.206804921169739682e+05 3.085592268860446197e+01
6.574715181950314502e+01 3.476526908986264885e+01 3.983751230376366875e+05 2.827641495280495931e+01
5.551299134238498567e+01 2.980990772192934202e+01 3.760201250445554033e+05 3.426764372622568544e+01
5.265609292348988646e+01 2.878432184180390152e+01 3.430336737253678148e+05 3.262411040250471927e+01
4.376054866961358414e+01 2.908575611154417828e+01 3.136837248078372213e+05 3.630248465292948623e+01
4.455518657482323874e+01 2.439650111230317364e+01 3.310965812349882908e+05 3.044235877990965733e+01
4.455518657482323874e+01 2.439650111230317364e+01 3.310965812349882908e+05 3.044235877990965733e+01
4.455518657482323874e+01 2.439650111230317364e+01 3.310965812349882908e+05 3.044235877990965733e+01
4.455518657482323874e+01 2.439650111230317364e+01 3.310965812349882908e+05 3.044235877990965733e+01
4.455518657482323874e+01 2.439650111230317364e+01 3.310965812349882908e+05 3.044235877990965733e+01
4.455518657482323874e+01 2.439650111230317364e+01 3.310965812349882908e+05 3.044235877990965733e+01
4.455518657482323874e+01 2.439650111230317364e+01 3.310965812349882908e+05 3.044235877990965733e+01
4.609449392573889526e+01 2.137858388375865459e+01 3.283181931271205540e+05 3.186814305380999812e+01
4.609449392573889526e+01 2.137858388375865459e+01 3.283181931271205540e+05 3.186814305380999812e+01
4.609449392573889526e+01 2.137858388375865459e+01 3.283181931271205540e+05 3.186814305380999812e+01
4.609449392573889526e+01 2.137858388375865459e+01 3.283181931271205540e+05 3.186814305380999812e+01
4.287407738462755447e+01 2.324038412684687671e+01 3.166085139868684346e+05 3.174564689621881186e+01
4.287407738462755447e+01 2.324038412684687671e+01 3.166085139868684346e+05 3.174564689621881186e+01
4.287407738462755447e+01 2.324038412684687671e+01 3.166085139868684346e+05 3.174564689621881186e+01
4.287407738462755447e+01 2.324038412684687671e+01 3.166085139868684346e+05 3.174564689621881186e+01
4.287407738462755447e+01 2.324038412684687671e+01 3.166085139868684346e+05 3.174564689621881186e+01
4.287407738462755447e+01 2.324038412684687671e+01 3.166085139868684346e+05 3.174564689621881186e+01
4.287407738462755447e+01 2.324038412684687671e+01 3.166085139868684346e+05 3.174564689621881186e+01
4.287407738462755447e+01 2.324038412684687671e+01 3.166085139868684346e+05 3.174564689621881186e+01
4.287407738462755447e+01 2.324038412684687671e+01 3.166085139868684346e+05 3.174564689621881186e+01
4.287407738462755447e+01 2.324038412684687671e+01 3.166085139868684346e+05 3.174564689621881186e+01
4.287407738462755447e+01 2.324038412684687671e+01 3.166085139868684346e+05 3.174564689621881186e+01
4.287407738462755447e+01 2.324038412684687671e+01 3.166085139868684346e+05 3.174564689621881186e+01
4.287407738462755447e+01 2.324038412684687671e+01 3.166085139868684346e+05 3.174564689621881186e+01
4.287407738462755447e+01 2.324038412684687671e+01 3.166085139868684346e+05 3.174564689621881186e+01
4.287407738462755447e+01 2.324038412684687671e+01 3.166085139868684346e+05 3.174564689621881186e+01
4.287407738462755447e+01 2.324038412684687671e+01 3.166085139868684346e+05 3.174564689621881186e+01
4.287407738462755447e+01 2.324038412684687671e+01 3.166085139868684346e+05 3.174564689621881186e+01
4.365256130138890001e+01 2.335803410616927778e+01 2.977092339562606649e+05 3.269796002507306554e+01
4.365256130138890001e+01 2.335803410616927778e+01 2.977092339562606649e+05 3.269796002507306554e+01
4.365256130138890001e+01 2.335803410616927778e+01 2.977092339562606649e+05 3.269796002507306554e+01
4.365256130138890001e+01 2.335803410616927778e+01 2.977092339562606649e+05 3.269796002507306554e+01
4.365256130138890001e+01 2.335803410616927778e+01 2.977092339562606649e+05 3.269796002507306554e+01
4.365256130138890001e+01 2.335803410616927778e+01 2.977092339562606649e+05 3.269796002507306554e+01
4.365256130138890001e+01 2.335803410616927778e+01 2.977092339562606649e+05 3.269796002507306554e+01
4.365256130138890001e+01 2.335803410616927778e+01 2.977092339562606649e+05 3.269796002507306554e+01
4.365256130138890001e+01 2.335803410616927778e+01 2.977092339562606649e+05 3.269796002507306554e+01
4.365256130138890001e+01 2.335803410616927778e+01 2.977092339562606649e+05 3.269796002507306554e+01
4.365256130138890001e+01 2.335803410616927778e+01 2.977092339562606649e+05 3.269796002507306554e+01
4.365256130138890001e+01 2.335803410616927778e+01 2.977092339562606649e+05 3.269796002507306554e+01
4.628310543197311944e+01 2.313904238261654811e+01 3.018061298171978560e+05 2.989018499650262939e+01
4.628310543197311944e+01 2.313904238261654811e+01 3.018061298171978560e+05 2.989018499650262939e+01
4.628310543197311944e+01 2.313904238261654811e+01 3.018061298171978560e+05 2.989018499650262939e+01
4.628310543197311944e+01 2.313904238261654811e+01 3.018061298171978560e+05 2.989018499650262939e+01
4.628310543197311944e+01 2.313904238261654811e+01 3.018061298171978560e+05 2.989018499650262939e+01
4.628310543197311944e+01 2.313904238261654811e+01 3.018061298171978560e+05 2.989018499650262939e+01
4.628310543197311944e+01 2.313904238261654811e+01 3.018061298171978560e+05 2.989018499650262939e+01
4.628310543197311944e+01 2.313904238261654811e+01 3.018061298171978560e+05 2.989018499650262939e+01
4.628310543197311944e+01 2.313904238261654811e+01 3.018061298171978560e+05 2.989018499650262939e+01
4.628310543197311944e+01 2.313904238261654811e+01 3.018061298171978560e+05 2.989018499650262939e+01
4.628310543197311944e+01 2.313904238261654811e+01 3.018061298171978560e+05 2.989018499650262939e+01
5.049543262444120018e+01 2.215058935486274549e+01 2.749284621394496062e+05 2.953598248294228412e+01
5.049543262444120018e+01 2.215058935486274549e+01 2.749284621394496062e+05 2.953598248294228412e+01
5.049543262444120018e+01 2.215058935486274549e+01 2.749284621394496062e+05 2.953598248294228412e+01
5.049543262444120018e+01 2.215058935486274549e+01 2.749284621394496062e+05 2.953598248294228412e+01
5.049543262444120018e+01 2.215058935486274549e+01 2.749284621394496062e+05 2.953598248294228412e+01
5.049543262444120018e+01 2.215058935486274549e+01 2.749284621394496062e+05 2.953598248294228412e+01
5.049543262444120018e+01 2.215058935486274549e+01 2.749284621394496062e+05 2.953598248294228412e+01
5.049543262444120018e+01 2.215058935486274549e+01 2.749284621394496062e+05 2.953598248294228412e+01
5.049543262444120018e+01 2.215058935486274549e+01 2.749284621394496062e+05 2.953598248294228412e+01
5.049543262444120018e+01 2.215058935486274549e+01 2.749284621394496062e+05 2.953598248294228412e+01
5.049543262444120018e+01 2.215058935486274549e+01 2.749284621394496062e+05 2.953598248294228412e+01
5.049543262444120018e+01 2.215058935486274549e+01 2.749284621394496062e+05 2.953598248294228412e+01
4.381985981960247045e+01 2.131424010681978842e+01 2.563966350658833398e+05 3.048553039086612060e+01
4.381985981960247045e+01 2.131424010681978842e+01 2.563966350658833398e+05 3.048553039086612060e+01
4.381985981960247045e+01 2.131424010681978842e+01 2.563966350658833398e+05 3.048553039086612060e+01
4.381985981960247045e+01 2.131424010681978842e+01 2.563966350658833398e+05 3.048553039086612060e+01
4.381985981960247045e+01 2.131424010681978842e+01 2.563966350658833398e+05 3.048553039086612060e+01
4.381985981960247045e+01 2.131424010681978842e+01 2.563966350658833398e+05 3.048553039086612060e+01
4.381985981960247045e+01 2.131424010681978842e+01 2.563966350658833398e+05 3.048553039086612060e+01
4.381985981960247045e+01 2.131424010681978842e+01 2.563966350658833398e+05 3.048553039086612060e+01
4.381985981960247045e+01 2.131424010681978842e+01 2.563966350658833398e+05 3.048553039086612060e+01
4.381985981960247045e+01 2.131424010681978842e+01 2.563966350658833398e+05 3.048553039086612060e+01
4.381985981960247045e+01 2.131424010681978842e+01 2.563966350658833398e+05 3.048553039086612060e+01
4.381985981960247045e+01 2.131424010681978842e+01 2.563966350658833398e+05 3.048553039086612060e+01
4.381985981960247045e+01 2.131424010681978842e+01 2.563966350658833398e+05 3.048553039086612060e+01
4.381985981960247045e+01 2.131424010681978842e+01 2.563966350658833398e+05 3.048553039086612060e+01
4.381985981960247045e+01 2.131424010681978842e+01 2.563966350658833398e+05 3.048553039086612060e+01
4.381985981960247045e+01 2.131424010681978842e+01 2.563966350658833398e+05 3.048553039086612060e+01
4.381985981960247045e+01 2.131424010681978842e+01 2.563966350658833398e+05 3.048553039086612060e+01
4.381985981960247045e+01 2.131424010681978842e+01 2.563966350658833398e+05 3.048553039086612060e+01
4.381985981960247045e+01 2.131424010681978842e+01 2.563966350658833398e+05 3.048553039086612060e+01
4.381985981960247045e+01 2.131424010681978842e+01 2.563966350658833398e+05 3.048553039086612060e+01
4.381985981960247045e+01 2.131424010681978842e+01 2.563966350658833398e+05 3.048553039086612060e+01
4.381985981960247045e+01 2.131424010681978842e+01 2.563966350658833398e+05 3.048553039086612060e+01
4.381985981960247045e+01 2.131424010681978842e+01 2.563966350658833398e+05 3.048553039086612060e+01
4.381985981960247045e+01 2.131424010681978842e+01 2.563966350658833398e+05 3.048553039086612060e+01
4.381985981960247045e+01 2.131424010681978842e+01 2.563966350658833398e+05 3.048553039086612060e+01
4.381985981960247045e+01 2.131424010681978842e+01 2.563966350658833398e+05 3.048553039086612060e+01
4.381985981960247045e+01 2.131424010681978842e+01 2.563966350658833398e+05 3.048553039086612060e+01
4.381985981960247045e+01 2.131424010681978842e+01 2.563966350658833398e+05 3.048553039086612060e+01
4.381985981960247045e+01 2.131424010681978842e+01 2.563966350658833398e+05 3.048553039086612060e+01
4.381985981960247045e+01 2.131424010681978842e+01 2.563966350658833398e+05 3.048553039086612060e+01
4.381985981960247045e+01 2.131424010681978842e+01 2.563966350658833398e+05 3.048553039086612060e+01
4.381985981960247045e+01 2.131424010681978842e+01 2.563966350658833398e+05 3.048553039086612060e+01
4.381985981960247045e+01 2.131424010681978842e+01 2.563966350658833398e+05 3.048553039086612060e+01
4.381985981960247045e+01 2.131424010681978842e+01 2.563966350658833398e+05 3.048553039086612060e+01
4.381985981960247045e+01 2.131424010681978842e+01 2.563966350658833398e+05 3.048553039086612060e+01
4.381985981960247045e+01 2.131424010681978842e+01 2.563966350658833398e+05 3.048553039086612060e+01
4.381985981960247045e+01 2.131424010681978842e+01 2.563966350658833398e+05 3.048553039086612060e+01
4.381985981960247045e+01 2.131424010681978842e+01 2.563966350658833398e+05 3.048553039086612060e+01
4.381985981960247045e+01 2.131424010681978842e+01 2.563966350658833398e+05 3.048553039086612060e+01
4.381985981960247045e+01 2.131424010681978842e+01 2.563966350658833398e+05 3.048553039086612060e+01
4.381985981960247045e+01 2.131424010681978842e+01 2.563966350658833398e+05 3.048553039086612060e+01
4.381985981960247045e+01 2.131424010681978842e+01 2.563966350658833398e+05 3.048553039086612060e+01
4.381985981960247045e+01 2.131424010681978842e+01 2.563966350658833398e+05 3.048553039086612060e+01
4.381985981960247045e+01 2.131424010681978842e+01 2.563966350658833398e+05 3.048553039086612060e+01
4.381985981960247045e+01 2.131424010681978842e+01 2.563966350658833398e+05 3.048553039086612060e+01
4.381985981960247045e+01 2.131424010681978842e+01 2.563966350658833398e+05 3.048553039086612060e+01
4.381985981960247045e+01 2.131424010681978842e+01 2.563966350658833398e+05 3.048553039086612060e+01
4.381985981960247045e+01 2.131424010681978842e+01 2.563966350658833398e+05 3.048553039086612060e+01
4.381985981960247045e+01 2.131424010681978842e+01 2.563966350658833398e+05 3.048553039086612060e+01
4.381985981960247045e+01 2.131424010681978842e+01 2.563966350658833398e+05 3.048553039086612060e+01
4.381985981960247045e+01 2.131424010681978842e+01 2.563966350658833398e+05 3.048553039086612060e+01
4.381985981960247045e+01 2.131424010681978842e+01 2.563966350658833398e+05 3.048553039086612060e+01
4.381985981960247045e+01 2.131424010681978842e+01 2.563966350658833398e+05 3.048553039086612060e+01
4.381985981960247045e+01 2.131424010681978842e+01 2.563966350658833398e+05 3.048553039086612060e+01
4.381985981960247045e+01 2.131424010681978842e+01 2.563966350658833398e+05 3.048553039086612060e+01
4.381985981960247045e+01 2.131424010681978842e+01 2.563966350658833398e+05 3.048553039086612060e+01
4.381985981960247045e+01 2.131424010681978842e+01 2.563966350658833398e+05 3.048553039086612060e+01
4.381985981960247045e+01 2.131424010681978842e+01 2.563966350658833398e+05 3.048553039086612060e+01
4.381985981960247045e+01 2.131424010681978842e+01 2.563966350658833398e+05 3.048553039086612060e+01
4.381985981960247045e+01 2.131424010681978842e+01 2.563966350658833398e+05 3.048553039086612060e+01
4.381985981960247045e+01 2.131424010681978842e+01 2.563966350658833398e+05 3.048553039086612060e+01
4.381985981960247045e+01 2.131424010681978842e+01 2.563966350658833398e+05 3.048553039086612060e+01
4.381985981960247045e+01 2.131424010681978842e+01 2.563966350658833398e+05 3.048553039086612060e+01
4.381985981960247045e+01 2.131424010681978842e+01 2.563966350658833398e+05 3.048553039086612060e+01
4.381985981960247045e+01 2.131424010681978842e+01 2.563966350658833398e+05 3.048553039086612060e+01
4.381985981960247045e+01 2.131424010681978842e+01 2.563966350658833398e+05 3.048553039086612060e+01
4.381985981960247045e+01 2.131424010681978842e+01 2.563966350658833398e+05 3.048553039086612060e+01
4.381985981960247045e+01 2.131424010681978842e+01 2.563966350658833398e+05 3.048553039086612060e+01
4.381985981960247045e+01 2.131424010681978842e+01 2.563966350658833398e+05 3.048553039086612060e+01
4.381985981960247045e+01 2.131424010681978842e+01 2.563966350658833398e+05 3.048553039086612060e+01
4.381985981960247045e+01 2.131424010681978842e+01 2.563966350658833398e+05 3.048553039086612060e+01
4.381985981960247045e+01 2.131424010681978842e+01 2.563966350658833398e+05 3.048553039086612060e+01
4.381985981960247045e+01 2.131424010681978842e+01 2.563966350658833398e+05 3.048553039086612060e+01
4.381985981960247045e+01 2.131424010681978842e+01 2.563966350658833398e+05 3.048553039086612060e+01
4.381985981960247045e+01 2.131424010681978842e+01 2.563966350658833398e+05 3.048553039086612060e+01
4.381985981960247045e+01 2.131424010681978842e+01 2.563966350658833398e+05 3.048553039086612060e+01
4.381985981960247045e+01 2.131424010681978842e+01 2.563966350658833398e+05 3.048553039086612060e+01
4.381985981960247045e+01 2.131424010681978842e+01 2.563966350658833398e+05 3.048553039086612060e+01
4.381985981960247045e+01 2.131424010681978842e+01 2.563966350658833398e+05 3.048553039086612060e+01
4.381985981960247045e+01 2.131424010681978842e+01 2.563966350658833398e+05 3.048553039086612060e+01
4.381985981960247045e+01 2.131424010681978842e+01 2.563966350658833398e+05 3.048553039086612060e+01
4.381985981960247045e+01 2.131424010681978842e+01 2.563966350658833398e+05 3.048553039086612060e+01
4.381985981960247045e+01 2.131424010681978842e+01 2.563966350658833398e+05 3.048553039086612060e+01
4.381985981960247045e+01 2.131424010681978842e+01 2.563966350658833398e+05 3.048553039086612060e+01
4.381985981960247045e+01 2.131424010681978842e+01 2.563966350658833398e+05 3.048553039086612060e+01
4.381985981960247045e+01 2.131424010681978842e+01 2.563966350658833398e+05 3.048553039086612060e+01
4.381985981960247045e+01 2.131424010681978842e+01 2.563966350658833398e+05 3.048553039086612060e+01
4.381985981960247045e+01 2.131424010681978842e+01 2.563966350658833398e+05 3.048553039086612060e+01
4.381985981960247045e+01 2.131424010681978842e+01 2.563966350658833398e+05 3.048553039086612060e+01
4.381985981960247045e+01 2.131424010681978842e+01 2.563966350658833398e+05 3.048553039086612060e+01
4.381985981960247045e+01 2.131424010681978842e+01 2.563966350658833398e+05 3.048553039086612060e+01
4.381985981960247045e+01 2.131424010681978842e+01 2.563966350658833398e+05 3.048553039086612060e+01
4.381985981960247045e+01 2.131424010681978842e+01 2.563966350658833398e+05 3.048553039086612060e+01
4.381985981960247045e+01 2.131424010681978842e+01 2.563966350658833398e+05 3.048553039086612060e+01
4.381985981960247045e+01 2.131424010681978842e+01 2.563966350658833398e+05 3.048553039086612060e+01
4.381985981960247045e+01 2.131424010681978842e+01 2.563966350658833398e+05 3.048553039086612060e+01
4.381985981960247045e+01 2.131424010681978842e+01 2.563966350658833398e+05 3.048553039086612060e+01
4.381985981960247045e+01 2.131424010681978842e+01 2.563966350658833398e+05 3.048553039086612060e+01
4.381985981960247045e+01 2.131424010681978842e+01 2.563966350658833398e+05 3.048553039086612060e+01
4.381985981960247045e+01 2.131424010681978842e+01 2.563966350658833398e+05 3.048553039086612060e+01
4.381985981960247045e+01 2.131424010681978842e+01 2.563966350658833398e+05 3.048553039086612060e+01
4.381985981960247045e+01 2.131424010681978842e+01 2.563966350658833398e+05 3.048553039086612060e+01
4.381985981960247045e+01 2.131424010681978842e+01 2.563966350658833398e+05 3.048553039086612060e+01
4.381985981960247045e+01 2.131424010681978842e+01 2.563966350658833398e+05 3.048553039086612060e+01
4.381985981960247045e+01 2.131424010681978842e+01 2.563966350658833398e+05 3.048553039086612060e+01
4.381985981960247045e+01 2.131424010681978842e+01 2.563966350658833398e+05 3.048553039086612060e+01
4.381985981960247045e+01 2.131424010681978842e+01 2.563966350658833398e+05 3.048553039086612060e+01
4.381985981960247045e+01 2.131424010681978842e+01 2.563966350658833398e+05 3.048553039086612060e+01
4.381985981960247045e+01 2.131424010681978842e+01 2.563966350658833398e+05 3.048553039086612060e+01
4.381985981960247045e+01 2.131424010681978842e+01 2.563966350658833398e+05 3.048553039086612060e+01
4.381985981960247045e+01 2.131424010681978842e+01 2.563966350658833398e+05 3.048553039086612060e+01
4.381985981960247045e+01 2.131424010681978842e+01 2.563966350658833398e+05 3.048553039086612060e+01
4.381985981960247045e+01 2.131424010681978842e+01 2.563966350658833398e+05 3.048553039086612060e+01
4.381985981960247045e+01 2.131424010681978842e+01 2.563966350658833398e+05 3.048553039086612060e+01
4.381985981960247045e+01 2.131424010681978842e+01 2.563966350658833398e+05 3.048553039086612060e+01
4.381985981960247045e+01 2.131424010681978842e+01 2.563966350658833398e+05 3.048553039086612060e+01
4.381985981960247045e+01 2.131424010681978842e+01 2.563966350658833398e+05 3.048553039086612060e+01
4.381985981960247045e+01 2.131424010681978842e+01 2.563966350658833398e+05 3.048553039086612060e+01
4.381985981960247045e+01 2.131424010681978842e+01 2.563966350658833398e+05 3.048553039086612060e+01
4.381985981960247045e+01 2.131424010681978842e+01 2.563966350658833398e+05 3.048553039086612060e+01
4.381985981960247045e+01 2.131424010681978842e+01 2.563966350658833398e+05 3.048553039086612060e+01
4.381985981960247045e+01 2.131424010681978842e+01 2.563966350658833398e+05 3.048553039086612060e+01
4.381985981960247045e+01 2.131424010681978842e+01 2.563966350658833398e+05 3.048553039086612060e+01
4.381985981960247045e+01 2.131424010681978842e+01 2.563966350658833398e+05 3.048553039086612060e+01
4.381985981960247045e+01 2.131424010681978842e+01 2.563966350658833398e+05 3.048553039086612060e+01
4.381985981960247045e+01 2.131424010681978842e+01 2.563966350658833398e+05 3.048553039086612060e+01
4.381985981960247045e+01 2.131424010681978842e+01 2.563966350658833398e+05 3.048553039086612060e+01
4.381985981960247045e+01 2.131424010681978842e+01 2.563966350658833398e+05 3.048553039086612060e+01
4.381985981960247045e+01 2.131424010681978842e+01 2.563966350658833398e+05 3.048553039086612060e+01
4.381985981960247045e+01 2.131424010681978842e+01 2.563966350658833398e+05 3.048553039086612060e+01
4.381985981960247045e+01 2.131424010681978842e+01 2.563966350658833398e+05 3.048553039086612060e+01
4.381985981960247045e+01 2.131424010681978842e+01 2.563966350658833398e+05 3.048553039086612060e+01
4.381985981960247045e+01 2.131424010681978842e+01 2.563966350658833398e+05 3.048553039086612060e+01
4.381985981960247045e+01 2.131424010681978842e+01 2.563966350658833398e+05 3.048553039086612060e+01
4.381985981960247045e+01 2.131424010681978842e+01 2.563966350658833398e+05 3.048553039086612060e+01
4.381985981960247045e+01 2.131424010681978842e+01 2.563966350658833398e+05 3.048553039086612060e+01
4.381985981960247045e+01 2.131424010681978842e+01 2.563966350658833398e+05 3.048553039086612060e+01
4.381985981960247045e+01 2.131424010681978842e+01 2.563966350658833398e+05 3.048553039086612060e+01
4.381985981960247045e+01 2.131424010681978842e+01 2.563966350658833398e+05 3.048553039086612060e+01
4.381985981960247045e+01 2.131424010681978842e+01 2.563966350658833398e+05 3.048553039086612060e+01
4.381985981960247045e+01 2.131424010681978842e+01 2.563966350658833398e+05 3.048553039086612060e+01
4.381985981960247045e+01 2.131424010681978842e+01 2.563966350658833398e+05 3.048553039086612060e+01
4.381985981960247045e+01 2.131424010681978842e+01 2.563966350658833398e+05 3.048553039086612060e+01
4.381985981960247045e+01 2.131424010681978842e+01 2.563966350658833398e+05 3.048553039086612060e+01
4.381985981960247045e+01 2.131424010681978842e+01 2.563966350658833398e+05 3.048553039086612060e+01
4.381985981960247045e+01 2.131424010681978842e+01 2.563966350658833398e+05 3.048553039086612060e+01
4.381985981960247045e+01 2.131424010681978842e+01 2.563966350658833398e+05 3.048553039086612060e+01
4.381985981960247045e+01 2.131424010681978842e+01 2.563966350658833398e+05 3.048553039086612060e+01
4.381985981960247045e+01 2.131424010681978842e+01 2.563966350658833398e+05 3.048553039086612060e+01
4.381985981960247045e+01 2.131424010681978842e+01 2.563966350658833398e+05 3.048553039086612060e+01
4.381985981960247045e+01 2.131424010681978842e+01 2.563966350658833398e+05 3.048553039086612060e+01
4.381985981960247045e+01 2.131424010681978842e+01 2.563966350658833398e+05 3.048553039086612060e+01
4.381985981960247045e+01 2.131424010681978842e+01 2.563966350658833398e+05 3.048553039086612060e+01
4.381985981960247045e+01 2.131424010681978842e+01 2.563966350658833398e+05 3.048553039086612060e+01
4.381985981960247045e+01 2.131424010681978842e+01 2.563966350658833398e+05 3.048553039086612060e+01
4.381985981960247045e+01 2.131424010681978842e+01 2.563966350658833398e+05 3.048553039086612060e+01
4.381985981960247045e+01 2.131424010681978842e+01 2.563966350658833398e+05 3.048553039086612060e+01
4.381985981960247045e+01 2.131424010681978842e+01 2.563966350658833398e+05 3.048553039086612060e+01
4.381985981960247045e+01 2.131424010681978842e+01 2.563966350658833398e+05 3.048553039086612060e+01
4.381985981960247045e+01 2.131424010681978842e+01 2.563966350658833398e+05 3.048553039086612060e+01
4.381985981960247045e+01 2.131424010681978842e+01 2.563966350658833398e+05 3.048553039086612060e+01
4.381985981960247045e+01 2.131424010681978842e+01 2.563966350658833398e+05 3.048553039086612060e+01
4.381985981960247045e+01 2.131424010681978842e+01 2.563966350658833398e+05 3.048553039086612060e+01
4.381985981960247045e+01 2.131424010681978842e+01 2.563966350658833398e+05 3.048553039086612060e+01
4.381985981960247045e+01 2.131424010681978842e+01 2.563966350658833398e+05 3.048553039086612060e+01
4.381985981960247045e+01 2.131424010681978842e+01 2.563966350658833398e+05 3.048553039086612060e+01
4.381985981960247045e+01 2.131424010681978842e+01 2.563966350658833398e+05 3.048553039086612060e+01
4.381985981960247045e+01 2.131424010681978842e+01 2.563966350658833398e+05 3.048553039086612060e+01
4.381985981960247045e+01 2.131424010681978842e+01 2.563966350658833398e+05 3.048553039086612060e+01
4.381985981960247045e+01 2.131424010681978842e+01 2.563966350658833398e+05 3.048553039086612060e+01
4.381985981960247045e+01 2.131424010681978842e+01 2.563966350658833398e+05 3.048553039086612060e+01
4.381985981960247045e+01 2.131424010681978842e+01 2.563966350658833398e+05 3.048553039086612060e+01
4.381985981960247045e+01 2.131424010681978842e+01 2.563966350658833398e+05 3.048553039086612060e+01
4.381985981960247045e+01 2.131424010681978842e+01 2.563966350658833398e+05 3.048553039086612060e+01
4.381985981960247045e+01 2.131424010681978842e+01 2.563966350658833398e+05 3.048553039086612060e+01
4.381985981960247045e+01 2.131424010681978842e+01 2.563966350658833398e+05 3.048553039086612060e+01
4.381985981960247045e+01 2.131424010681978842e+01 2.563966350658833398e+05 3.048553039086612060e+01
4.381985981960247045e+01 2.131424010681978842e+01 2.563966350658833398e+05 3.048553039086612060e+01
4.381985981960247045e+01 2.131424010681978842e+01 2.563966350658833398e+05 3.048553039086612060e+01
4.381985981960247045e+01 2.131424010681978842e+01 2.563966350658833398e+05 3.048553039086612060e+01
4.381985981960247045e+01 2.131424010681978842e+01 2.563966350658833398e+05 3.048553039086612060e+01
4.381985981960247045e+01 2.131424010681978842e+01 2.563966350658833398e+05 3.048553039086612060e+01
4.381985981960247045e+01 2.131424010681978842e+01 2.563966350658833398e+05 3.048553039086612060e+01
4.381985981960247045e+01 2.131424010681978842e+01 2.563966350658833398e+05 3.048553039086612060e+01
4.381985981960247045e+01 2.131424010681978842e+01 2.563966350658833398e+05 3.048553039086612060e+01
4.381985981960247045e+01 2.131424010681978842e+01 2.563966350658833398e+05 3.048553039086612060e+01
4.381985981960247045e+01 2.131424010681978842e+01 2.563966350658833398e+05 3.048553039086612060e+01
4.381985981960247045e+01 2.131424010681978842e+01 2.563966350658833398e+05 3.048553039086612060e+01
4.381985981960247045e+01 2.131424010681978842e+01 2.563966350658833398e+05 3.048553039086612060e+01
4.381985981960247045e+01 2.131424010681978842e+01 2.563966350658833398e+05 3.048553039086612060e+01
4.381985981960247045e+01 2.131424010681978842e+01 2.563966350658833398e+05 3.048553039086612060e+01
4.381985981960247045e+01 2.131424010681978842e+01 2.563966350658833398e+05 3.048553039086612060e+01
4.381985981960247045e+01 2.131424010681978842e+01 2.563966350658833398e+05 3.048553039086612060e+01
4.381985981960247045e+01 2.131424010681978842e+01 2.563966350658833398e+05 3.048553039086612060e+01
4.381985981960247045e+01 2.131424010681978842e+01 2.563966350658833398e+05 3.048553039086612060e+01
4.381985981960247045e+01 2.131424010681978842e+01 2.563966350658833398e+05 3.048553039086612060e+01
4.381985981960247045e+01 2.131424010681978842e+01 2.563966350658833398e+05 3.048553039086612060e+01
4.381985981960247045e+01 2.131424010681978842e+01 2.563966350658833398e+05 3.048553039086612060e+01
4.381985981960247045e+01 2.131424010681978842e+01 2.563966350658833398e+05 3.048553039086612060e+01
4.381985981960247045e+01 2.131424010681978842e+01 2.563966350658833398e+05 3.048553039086612060e+01
4.381985981960247045e+01 2.131424010681978842e+01 2.563966350658833398e+05 3.048553039086612060e+01
4.381985981960247045e+01 2.131424010681978842e+01 2.563966350658833398e+05 3.048553039086612060e+01
4.381985981960247045e+01 2.131424010681978842e+01 2.563966350658833398e+05 3.048553039086612060e+01
4.381985981960247045e+01 2.131424010681978842e+01 2.563966350658833398e+05 3.048553039086612060e+01
4.381985981960247045e+01 2.131424010681978842e+01 2.563966350658833398e+05 3.048553039086612060e+01
4.381985981960247045e+01 2.131424010681978842e+01 2.563966350658833398e+05 3.048553039086612060e+01
4.381985981960247045e+01 2.131424010681978842e+01 2.563966350658833398e+05 3.048553039086612060e+01
4.381985981960247045e+01 2.131424010681978842e+01 2.563966350658833398e+05 3.048553039086612060e+01
4.381985981960247045e+01 2.131424010681978842e+01 2.563966350658833398e+05 3.048553039086612060e+01
4.381985981960247045e+01 2.131424010681978842e+01 2.563966350658833398e+05 3.048553039086612060e+01
4.381985981960247045e+01 2.131424010681978842e+01 2.563966350658833398e+05 3.048553039086612060e+01
4.381985981960247045e+01 2.131424010681978842e+01 2.563966350658833398e+05 3.048553039086612060e+01
4.381985981960247045e+01 2.131424010681978842e+01 2.563966350658833398e+05 3.048553039086612060e+01
4.381985981960247045e+01 2.131424010681978842e+01 2.563966350658833398e+05 3.048553039086612060e+01
4.381985981960247045e+01 2.131424010681978842e+01 2.563966350658833398e+05 3.048553039086612060e+01
4.381985981960247045e+01 2.131424010681978842e+01 2.563966350658833398e+05 3.048553039086612060e+01
4.381985981960247045e+01 2.131424010681978842e+01 2.563966350658833398e+05 3.048553039086612060e+01
4.381985981960247045e+01 2.131424010681978842e+01 2.563966350658833398e+05 3.048553039086612060e+01
4.381985981960247045e+01 2.131424010681978842e+01 2.563966350658833398e+05 3.048553039086612060e+01
4.381985981960247045e+01 2.131424010681978842e+01 2.563966350658833398e+05 3.048553039086612060e+01
4.381985981960247045e+01 2.131424010681978842e+01 2.563966350658833398e+05 3.048553039086612060e+01
4.381985981960247045e+01 2.131424010681978842e+01 2.563966350658833398e+05 3.048553039086612060e+01
4.381985981960247045e+01 2.131424010681978842e+01 2.563966350658833398e+05 3.048553039086612060e+01
4.381985981960247045e+01 2.131424010681978842e+01 2.563966350658833398e+05 3.048553039086612060e+01
4.381985981960247045e+01 2.131424010681978842e+01 2.563966350658833398e+05 3.048553039086612060e+01
4.381985981960247045e+01 2.131424010681978842e+01 2.563966350658833398e+05 3.048553039086612060e+01
4.381985981960247045e+01 2.131424010681978842e+01 2.563966350658833398e+05 3.048553039086612060e+01
4.381985981960247045e+01 2.131424010681978842e+01 2.563966350658833398e+05 3.048553039086612060e+01
4.381985981960247045e+01 2.131424010681978842e+01 2.563966350658833398e+05 3.048553039086612060e+01
4.381985981960247045e+01 2.131424010681978842e+01 2.563966350658833398e+05 3.048553039086612060e+01
4.381985981960247045e+01 2.131424010681978842e+01 2.563966350658833398e+05 3.048553039086612060e+01
4.381985981960247045e+01 2.131424010681978842e+01 2.563966350658833398e+05 3.048553039086612060e+01
4.381985981960247045e+01 2.131424010681978842e+01 2.563966350658833398e+05 3.048553039086612060e+01
4.381985981960247045e+01 2.131424010681978842e+01 2.563966350658833398e+05 3.048553039086612060e+01
4.381985981960247045e+01 2.131424010681978842e+01 2.563966350658833398e+05 3.048553039086612060e+01
4.381985981960247045e+01 2.131424010681978842e+01 2.563966350658833398e+05 3.048553039086612060e+01
4.381985981960247045e+01 2.131424010681978842e+01 2.563966350658833398e+05 3.048553039086612060e+01
4.381985981960247045e+01 2.131424010681978842e+01 2.563966350658833398e+05 3.048553039086612060e+01
4.381985981960247045e+01 2.131424010681978842e+01 2.563966350658833398e+05 3.048553039086612060e+01
4.381985981960247045e+01 2.131424010681978842e+01 2.563966350658833398e+05 3.048553039086612060e+01
4.381985981960247045e+01 2.131424010681978842e+01 2.563966350658833398e+05 3.048553039086612060e+01
4.381985981960247045e+01 2.131424010681978842e+01 2.563966350658833398e+05 3.048553039086612060e+01
4.381985981960247045e+01 2.131424010681978842e+01 2.563966350658833398e+05 3.048553039086612060e+01
4.381985981960247045e+01 2.131424010681978842e+01 2.563966350658833398e+05 3.048553039086612060e+01
4.381985981960247045e+01 2.131424010681978842e+01 2.563966350658833398e+05 3.048553039086612060e+01
4.381985981960247045e+01 2.131424010681978842e+01 2.563966350658833398e+05 3.048553039086612060e+01
4.381985981960247045e+01 2.131424010681978842e+01 2.563966350658833398e+05 3.048553039086612060e+01
4.381985981960247045e+01 2.131424010681978842e+01 2.563966350658833398e+05 3.048553039086612060e+01
4.381985981960247045e+01 2.131424010681978842e+01 2.563966350658833398e+05 3.048553039086612060e+01
4.381985981960247045e+01 2.131424010681978842e+01 2.563966350658833398e+05 3.048553039086612060e+01
4.381985981960247045e+01 2.131424010681978842e+01 2.563966350658833398e+05 3.048553039086612060e+01
4.381985981960247045e+01 2.131424010681978842e+01 2.563966350658833398e+05 3.048553039086612060e+01
4.381985981960247045e+01 2.131424010681978842e+01 2.563966350658833398e+05 3.048553039086612060e+01
4.381985981960247045e+01 2.131424010681978842e+01 2.563966350658833398e+05 3.048553039086612060e+01
4.381985981960247045e+01 2.131424010681978842e+01 2.563966350658833398e+05 3.048553039086612060e+01
4.381985981960247045e+01 2.131424010681978842e+01 2.563966350658833398e+05 3.048553039086612060e+01
4.381985981960247045e+01 2.131424010681978842e+01 2.563966350658833398e+05 3.048553039086612060e+01
4.381985981960247045e+01 2.131424010681978842e+01 2.563966350658833398e+05 3.048553039086612060e+01
4.381985981960247045e+01 2.131424010681978842e+01 2.563966350658833398e+05 3.048553039086612060e+01
4.381985981960247045e+01 2.131424010681978842e+01 2.563966350658833398e+05 3.048553039086612060e+01
4.381985981960247045e+01 2.131424010681978842e+01 2.563966350658833398e+05 3.048553039086612060e+01
4.381985981960247045e+01 2.131424010681978842e+01 2.563966350658833398e+05 3.048553039086612060e+01
4.381985981960247045e+01 2.131424010681978842e+01 2.563966350658833398e+05 3.048553039086612060e+01
4.381985981960247045e+01 2.131424010681978842e+01 2.563966350658833398e+05 3.048553039086612060e+01
4.381985981960247045e+01 2.131424010681978842e+01 2.563966350658833398e+05 3.048553039086612060e+01
4.381985981960247045e+01 2.131424010681978842e+01 2.563966350658833398e+05 3.048553039086612060e+01
4.381985981960247045e+01 2.131424010681978842e+01 2.563966350658833398e+05 3.048553039086612060e+01
4.381985981960247045e+01 2.131424010681978842e+01 2.563966350658833398e+05 3.048553039086612060e+01
4.381985981960247045e+01 2.131424010681978842e+01 2.563966350658833398e+05 3.048553039086612060e+01
4.381985981960247045e+01 2.131424010681978842e+01 2.563966350658833398e+05 3.048553039086612060e+01
4.381985981960247045e+01 2.131424010681978842e+01 2.563966350658833398e+05 3.048553039086612060e+01
4.381985981960247045e+01 2.131424010681978842e+01 2.563966350658833398e+05 3.048553039086612060e+01
4.381985981960247045e+01 2.131424010681978842e+01 2.563966350658833398e+05 3.048553039086612060e+01
4.381985981960247045e+01 2.131424010681978842e+01 2.563966350658833398e+05 3.048553039086612060e+01
4.381985981960247045e+01 2.131424010681978842e+01 2.563966350658833398e+05 3.048553039086612060e+01
4.381985981960247045e+01 2.131424010681978842e+01 2.563966350658833398e+05 3.048553039086612060e+01
4.381985981960247045e+01 2.131424010681978842e+01 2.563966350658833398e+05 3.048553039086612060e+01
4.381985981960247045e+01 2.131424010681978842e+01 2.563966350658833398e+05 3.048553039086612060e+01
4.381985981960247045e+01 2.131424010681978842e+01 2.563966350658833398e+05 3.048553039086612060e+01
4.381985981960247045e+01 2.131424010681978842e+01 2.563966350658833398e+05 3.048553039086612060e+01
4.381985981960247045e+01 2.131424010681978842e+01 2.563966350658833398e+05 3.048553039086612060e+01
4.381985981960247045e+01 2.131424010681978842e+01 2.563966350658833398e+05 3.048553039086612060e+01
4.381985981960247045e+01 2.131424010681978842e+01 2.563966350658833398e+05 3.048553039086612060e+01
4.381985981960247045e+01 2.131424010681978842e+01 2.563966350658833398e+05 3.048553039086612060e+01
4.381985981960247045e+01 2.131424010681978842e+01 2.563966350658833398e+05 3.048553039086612060e+01
4.381985981960247045e+01 2.131424010681978842e+01 2.563966350658833398e+05 3.048553039086612060e+01
4.381985981960247045e+01 2.131424010681978842e+01 2.563966350658833398e+05 3.048553039086612060e+01
4.381985981960247045e+01 2.131424010681978842e+01 2.563966350658833398e+05 3.048553039086612060e+01
4.381985981960247045e+01 2.131424010681978842e+01 2.563966350658833398e+05 3.048553039086612060e+01
4.381985981960247045e+01 2.131424010681978842e+01 2.563966350658833398e+05 3.048553039086612060e+01
4.381985981960247045e+01 2.131424010681978842e+01 2.563966350658833398e+05 3.048553039086612060e+01
4.381985981960247045e+01 2.131424010681978842e+01 2.563966350658833398e+05 3.048553039086612060e+01
4.381985981960247045e+01 2.131424010681978842e+01 2.563966350658833398e+05 3.048553039086612060e+01
4.381985981960247045e+01 2.131424010681978842e+01 2.563966350658833398e+05 3.048553039086612060e+01
4.381985981960247045e+01 2.131424010681978842e+01 2.563966350658833398e+05 3.048553039086612060e+01
4.381985981960247045e+01 2.131424010681978842e+01 2.563966350658833398e+05 3.048553039086612060e+01
4.381985981960247045e+01 2.131424010681978842e+01 2.563966350658833398e+05 3.048553039086612060e+01
4.381985981960247045e+01 2.131424010681978842e+01 2.563966350658833398e+05 3.048553039086612060e+01
4.381985981960247045e+01 2.131424010681978842e+01 2.563966350658833398e+05 3.048553039086612060e+01
4.381985981960247045e+01 2.131424010681978842e+01 2.563966350658833398e+05 3.048553039086612060e+01
4.381985981960247045e+01 2.131424010681978842e+01 2.563966350658833398e+05 3.048553039086612060e+01
4.381985981960247045e+01 2.131424010681978842e+01 2.563966350658833398e+05 3.048553039086612060e+01
4.381985981960247045e+01 2.131424010681978842e+01 2.563966350658833398e+05 3.048553039086612060e+01
4.381985981960247045e+01 2.131424010681978842e+01 2.563966350658833398e+05 3.048553039086612060e+01
4.381985981960247045e+01 2.131424010681978842e+01 2.563966350658833398e+05 3.048553039086612060e+01
4.381985981960247045e+01 2.131424010681978842e+01 2.563966350658833398e+05 3.048553039086612060e+01
4.381985981960247045e+01 2.131424010681978842e+01 2.563966350658833398e+05 3.048553039086612060e+01
4.381985981960247045e+01 2.131424010681978842e+01 2.563966350658833398e+05 3.048553039086612060e+01
4.381985981960247045e+01 2.131424010681978842e+01 2.563966350658833398e+05 3.048553039086612060e+01
4.381985981960247045e+01 2.131424010681978842e+01 2.563966350658833398e+05 3.048553039086612060e+01
4.381985981960247045e+01 2.131424010681978842e+01 2.563966350658833398e+05 3.048553039086612060e+01
4.381985981960247045e+01 2.131424010681978842e+01 2.563966350658833398e+05 3.048553039086612060e+01
4.381985981960247045e+01 2.131424010681978842e+01 2.563966350658833398e+05 3.048553039086612060e+01
4.381985981960247045e+01 2.131424010681978842e+01 2.563966350658833398e+05 3.048553039086612060e+01
4.381985981960247045e+01 2.131424010681978842e+01 2.563966350658833398e+05 3.048553039086612060e+01
4.381985981960247045e+01 2.131424010681978842e+01 2.563966350658833398e+05 3.048553039086612060e+01
4.381985981960247045e+01 2.131424010681978842e+01 2.563966350658833398e+05 3.048553039086612060e+01
4.381985981960247045e+01 2.131424010681978842e+01 2.563966350658833398e+05 3.048553039086612060e+01
4.381985981960247045e+01 2.131424010681978842e+01 2.563966350658833398e+05 3.048553039086612060e+01
4.381985981960247045e+01 2.131424010681978842e+01 2.563966350658833398e+05 3.048553039086612060e+01
4.381985981960247045e+01 2.131424010681978842e+01 2.563966350658833398e+05 3.048553039086612060e+01
4.381985981960247045e+01 2.131424010681978842e+01 2.563966350658833398e+05 3.048553039086612060e+01
4.381985981960247045e+01 2.131424010681978842e+01 2.563966350658833398e+05 3.048553039086612060e+01
4.381985981960247045e+01 2.131424010681978842e+01 2.563966350658833398e+05 3.048553039086612060e+01
4.381985981960247045e+01 2.131424010681978842e+01 2.563966350658833398e+05 3.048553039086612060e+01
4.381985981960247045e+01 2.131424010681978842e+01 2.563966350658833398e+05 3.048553039086612060e+01
4.381985981960247045e+01 2.131424010681978842e+01 2.563966350658833398e+05 3.048553039086612060e+01
4.381985981960247045e+01 2.131424010681978842e+01 2.563966350658833398e+05 3.048553039086612060e+01
4.381985981960247045e+01 2.131424010681978842e+01 2.563966350658833398e+05 3.048553039086612060e+01
4.381985981960247045e+01 2.131424010681978842e+01 2.563966350658833398e+05 3.048553039086612060e+01
4.381985981960247045e+01 2.131424010681978842e+01 2.563966350658833398e+05 3.048553039086612060e+01
4.381985981960247045e+01 2.131424010681978842e+01 2.563966350658833398e+05 3.048553039086612060e+01
4.381985981960247045e+01 2.131424010681978842e+01 2.563966350658833398e+05 3.048553039086612060e+01
4.381985981960247045e+01 2.131424010681978842e+01 2.563966350658833398e+05 3.048553039086612060e+01
4.381985981960247045e+01 2.131424010681978842e+01 2.563966350658833398e+05 3.048553039086612060e+01
4.381985981960247045e+01 2.131424010681978842e+01 2.563966350658833398e+05 3.048553039086612060e+01
4.381985981960247045e+01 2.131424010681978842e+01 2.563966350658833398e+05 3.048553039086612060e+01
4.381985981960247045e+01 2.131424010681978842e+01 2.563966350658833398e+05 3.048553039086612060e+01
4.381985981960247045e+01 2.131424010681978842e+01 2.563966350658833398e+05 3.048553039086612060e+01
4.381985981960247045e+01 2.131424010681978842e+01 2.563966350658833398e+05 3.048553039086612060e+01
4.381985981960247045e+01 2.131424010681978842e+01 2.563966350658833398e+05 3.048553039086612060e+01
4.381985981960247045e+01 2.131424010681978842e+01 2.563966350658833398e+05 3.048553039086612060e+01
4.381985981960247045e+01 2.131424010681978842e+01 2.563966350658833398e+05 3.048553039086612060e+01
4.381985981960247045e+01 2.131424010681978842e+01 2.563966350658833398e+05 3.048553039086612060e+01
4.381985981960247045e+01 2.131424010681978842e+01 2.563966350658833398e+05 3.048553039086612060e+01
4.381985981960247045e+01 2.131424010681978842e+01 2.563966350658833398e+05 3.048553039086612060e+01
4.381985981960247045e+01 2.131424010681978842e+01 2.563966350658833398e+05 3.048553039086612060e+01
4.381985981960247045e+01 2.131424010681978842e+01 2.563966350658833398e+05 3.048553039086612060e+01
4.381985981960247045e+01 2.131424010681978842e+01 2.563966350658833398e+05 3.048553039086612060e+01
4.381985981960247045e+01 2.131424010681978842e+01 2.563966350658833398e+05 3.048553039086612060e+01
4.381985981960247045e+01 2.131424010681978842e+01 2.563966350658833398e+05 3.048553039086612060e+01
4.381985981960247045e+01 2.131424010681978842e+01 2.563966350658833398e+05 3.048553039086612060e+01
4.381985981960247045e+01 2.131424010681978842e+01 2.563966350658833398e+05 3.048553039086612060e+01
4.381985981960247045e+01 2.131424010681978842e+01 2.563966350658833398e+05 3.048553039086612060e+01
4.381985981960247045e+01 2.131424010681978842e+01 2.563966350658833398e+05 3.048553039086612060e+01
4.381985981960247045e+01 2.131424010681978842e+01 2.563966350658833398e+05 3.048553039086612060e+01
4.381985981960247045e+01 2.131424010681978842e+01 2.563966350658833398e+05 3.048553039086612060e+01
4.381985981960247045e+01 2.131424010681978842e+01 2.563966350658833398e+05 3.048553039086612060e+01
4.381985981960247045e+01 2.131424010681978842e+01 2.563966350658833398e+05 3.048553039086612060e+01
