2.388134213124019770e-04 1.238925212880707258e-06 6.269238192335626486e-05 -6.601281705154711235e-06 -1.309244334890438080e-06 2.971958841332400050e-06 -7.578028743096322268e-05 5.411660316813041074e-04 -1.695647108457932386e-07 -4.894315156429587939e-08 2.692995368509121666e-07 -9.550177900865393329e-08 -1.699063161486792443e-08 -8.295987443190494788e-08 1.715169567490067101e-08 1.172766561848712565e-06 2.833967386692812129e-07 -2.136826281567790285e-06
1.238925212880707258e-06 1.524813054433543924e-01 1.822981100288739546e-03 -1.919533349505029587e-04 -3.807045776444149864e-05 8.641918894082659423e-05 -2.203553725713961169e-03 1.573612961586545733e-02 -4.930635169129615367e-06 -1.423178344050738535e-06 7.830743559814032947e-06 -2.777019038606143632e-06 -4.940568433615896842e-07 -2.412323132921943506e-06 4.987402949767225181e-07 3.410193091585685598e-05 8.240664696855227550e-06 -6.213504426519651639e-05
6.269238192335626486e-05 1.822981100288739546e-03 1.380930904684885832e+02 -9.713267323212985277e-03 -1.926450162892263821e-03 4.373003908757046483e-03 -1.115047384013453102e-01 7.962832926609149098e-01 -2.495011482001132687e-04 -7.201600174301210297e-05 3.962531078484024115e-04 -1.405233636112072611e-04 -2.500037935611448543e-05 -1.220689365260756409e-04 2.523737246459499664e-05 1.725633843813512191e-03 4.169960326146913195e-04 -3.144171968896256487e-03
-6.601281705154711235e-06 -1.919533349505029587e-04 -9.713267323212985277e-03 5.960995972052518077e+00 2.028482540628310691e-04 -4.604615395653562158e-04 1.174104679172567438e-02 -8.384575877798208787e-02 2.627157103461237001e-05 7.583025244849158742e-06 -4.172402309818505590e-05 1.479660336542217833e-05 2.632449777824790315e-06 1.285341875257521657e-05 -2.657404297389428039e-06 -1.817030199440872532e-04 -4.390817826297852309e-05 3.310699683018833070e-04
-1.309244334890438080e-06 -3.807045776444149864e-05 -1.926450162892263821e-03 2.028482540628310691e-04 1.394820462300783159e+00 -9.132418355061598561e-05 2.328623392294713792e-03 -1.662928346156537091e-02 5.210488975024259712e-06 1.503955335733890092e-06 -8.275202197094587547e-06 2.934637544201843779e-06 5.220986033378082384e-07 2.549242168023675582e-06 -5.270478790738220250e-07 -3.603749394735234060e-05 -8.708389705786213179e-06 6.566171537765622221e-05
2.971958841332400050e-06 8.641918894082659423e-05 4.373003908757046483e-03 -4.604615395653562158e-04 -9.132418355061598561e-05 6.514998967447210134e+02 -5.285929214612838760e-03 3.774814577506467594e-02 -1.182770729978694842e-05 -3.413948976435640730e-06 1.878454592322267917e-05 -6.661569397836293989e-06 -1.185153541540391379e-06 -5.786729488189341760e-06 1.196388299934872916e-06 8.180440113591118151e-05 1.976787303192356087e-05 -1.490508000326824269e-04
-7.578028743096322268e-05 -2.203553725713961169e-03 -1.115047384013453102e-01 1.174104679172567438e-02 2.328623392294713792e-03 -5.285929214612838760e-03 6.401760962553350964e+02 -9.625184901745950095e-01 3.015879783938464338e-04 8.705034239066029996e-05 -4.789764479657982886e-04 1.698595675985276553e-04 3.021955579556085371e-05 1.475525225321155172e-04 -3.050602450721015383e-05 -2.085883877321103967e-03 -5.040497463909553470e-04 3.800561539145619252e-03
5.411660316813041074e-04 1.573612961586545733e-02 7.962832926609149098e-01 -8.384575877798208787e-02 -1.662928346156537091e-02 3.774814577506467594e-02 -9.625184901745950095e-01 1.687039805869207703e+04 -2.153715365870976801e-03 -6.216483197027860902e-04 3.420490900758292596e-03 -1.213009758298155306e-03 -2.158054243849883715e-04 -1.053709556802827699e-03 2.178511692764332011e-04 1.489581972707919831e-02 3.599545611025321053e-03 -2.714076280290879384e-02
-1.695647108457932386e-07 -4.930635169129615367e-06 -2.495011482001132687e-04 2.627157103461237001e-05 5.210488975024259712e-06 -1.182770729978694842e-05 3.015879783938464338e-04 -2.153715365870976801e-03 2.096519199275366421e-03 1.947823983901719277e-07 -1.071749734061854620e-06 3.800749435065809436e-07 6.761877546361610782e-08 3.301610704567309152e-07 -6.825977308851208512e-08 -4.667339073345071848e-06 -1.127853329621388912e-06 8.504073292463605404e-06
-4.894315156429587939e-08 -1.423178344050738535e-06 -7.201600174301210297e-05 7.583025244849158742e-06 1.503955335733890092e-06 -3.413948976435640730e-06 8.705034239066029996e-05 -6.216483197027860902e-04 1.947823983901719277e-07 4.406131471942804369e-04 -3.093498016865487581e-07 1.097048169577631387e-07 1.951748072815446332e-08 9.529767857587708818e-08 -1.970249825775216548e-08 -1.347180569171804245e-06 -3.255435413336468297e-07 2.454615385423239475e-06
2.692995368509121666e-07 7.830743559814032947e-06 3.962531078484024115e-04 -4.172402309818505590e-05 -8.275202197094587547e-06 1.878454592322267917e-05 -4.789764479657982886e-04 3.420490900758292596e-03 -1.071749734061854620e-06 -3.093498016865487581e-07 2.252846523764923982e-03 -6.036279939641590070e-07 -1.073908882570385561e-07 -5.243557041833909433e-07 1.084089088265662079e-07 7.412581571415902641e-06 1.791235793036086810e-06 -1.350601187937847671e-05
-9.550177900865393329e-08 -2.777019038606143632e-06 -1.405233636112072611e-04 1.479660336542217833e-05 2.934637544201843779e-06 -6.661569397836293989e-06 1.698595675985276553e-04 -1.213009758298155306e-03 3.800749435065809436e-07 1.097048169577631387e-07 -6.036279939641590070e-07 7.308307202079649019e-04 3.808406430176899960e-08 1.859524274286909286e-07 -3.844508525484665902e-08 -2.628726121830998315e-06 -6.352265097047970506e-07 4.789641218383289262e-06
-1.699063161486792443e-08 -4.940568433615896842e-07 -2.500037935611448543e-05 2.632449777824790315e-06 5.220986033378082384e-07 -1.185153541540391379e-06 3.021955579556085371e-05 -2.158054243849883715e-04 6.761877546361610782e-08 1.951748072815446332e-08 -1.073908882570385561e-07 3.808406430176899960e-08 2.921188107567456927e-05 3.308262134096009720e-08 -6.839728932254757354e-09 -4.676741901149682688e-07 -1.130125504511756758e-07 8.521205610375430478e-07
-8.295987443190494788e-08 -2.412323132921943506e-06 -1.220689365260756409e-04 1.285341875257521657e-05 2.549242168023675582e-06 -5.786729488189341760e-06 1.475525225321155172e-04 -1.053709556802827699e-03 3.301610704567309152e-07 9.529767857587708818e-08 -5.243557041833909433e-07 1.859524274286909286e-07 3.308262134096009720e-08 4.598214865144063042e-04 -3.339623071290589938e-08 -2.283504990657889142e-06 -5.518045006905257924e-07 4.160634892622764423e-06
1.715169567490067101e-08 4.987402949767225181e-07 2.523737246459499664e-05 -2.657404297389428039e-06 -5.270478790738220250e-07 1.196388299934872916e-06 -3.050602450721015383e-05 2.178511692764332011e-04 -6.825977308851208512e-08 -1.970249825775216548e-08 1.084089088265662079e-07 -3.844508525484665902e-08 -6.839728932254757354e-09 -3.339623071290589938e-08 1.364605474977705676e-05 4.721075452450112136e-07 1.140838620199813021e-07 -8.601983064862757214e-07
1.172766561848712565e-06 3.410193091585685598e-05 1.725633843813512191e-03 -1.817030199440872532e-04 -3.603749394735234060e-05 8.180440113591118151e-05 -2.085883877321103967e-03 1.489581972707919831e-02 -4.667339073345071848e-06 -1.347180569171804245e-06 7.412581571415902641e-06 -2.628726121830998315e-06 -4.676741901149682688e-07 -2.283504990657889142e-06 4.721075452450112136e-07 6.077731262667494805e-02 7.800612904961139846e-06 -5.881703066142096906e-05
2.833967386692812129e-07 8.240664696855227550e-06 4.169960326146913195e-04 -4.390817826297852309e-05 -8.708389705786213179e-06 1.976787303192356087e-05 -5.040497463909553470e-04 3.599545611025321053e-03 -1.127853329621388912e-06 -3.255435413336468297e-07 1.791235793036086810e-06 -6.352265097047970506e-07 -1.130125504511756758e-07 -5.518045006905257924e-07 1.140838620199813021e-07 7.800612904961139846e-06 5.409790965802308178e-03 -1.421302005863983073e-05
-2.136826281567790285e-06 -6.213504426519651639e-05 -3.144171968896256487e-03 3.310699683018833070e-04 6.566171537765622221e-05 -1.490508000326824269e-04 3.800561539145619252e-03 -2.714076280290879384e-02 8.504073292463605404e-06 2.454615385423239475e-06 -1.350601187937847671e-05 4.789641218383289262e-06 8.521205610375430478e-07 4.160634892622764423e-06 -8.601983064862757214e-07 -5.881703066142096906e-05 -1.421302005863983073e-05 4.691522598605279981e-02
7.642173129504236371e-05 5.095410758893281384e-07 1.803556956992064244e-05 -2.594469824696869372e-06 -6.105623780568025915e-07 -1.157852735305606658e-06 -1.667365350188855017e-05 2.283680771963543499e-04 -4.464275671510129215e-08 -1.279744386292359402e-08 8.930552547183565660e-08 -2.477267191358788004e-08 -4.684665800635909593e-09 -3.917212124253726725e-08 5.739646740657595022e-09 2.249770356931049433e-07 1.391236798847761224e-07 -7.012629348977489090e-07
5.095410758893281384e-07 4.880292024162136838e-02 4.238597859559608042e-04 -9.937471458609267825e-05 -2.726638734732947326e-05 -1.383652122574290479e-04 -1.087214342530576307e-04 9.380726340007505479e-03 -8.206400733641393798e-07 -2.299229399000852717e-07 2.752218248019473084e-06 -4.329998852431206698e-07 -9.887129502129283049e-08 -1.765830374088087996e-06 1.793648057266092135e-07 -9.202440368144443767e-07 6.450143438517735022e-06 -2.125919287029424682e-05
1.803556956992064244e-05 4.238597859559608042e-04 4.419264639330324229e+01 -2.428352531476201965e-03 -3.462270750244249361e-04 4.373707667426529090e-03 -4.636669872954240351e-02 1.769641536617385658e-01 -9.340544617304259462e-05 -2.708499691637118097e-05 1.223869284593003990e-04 -5.313067926643358873e-05 -9.061210354932876170e-06 -2.125591779005021594e-05 7.721803993641427450e-06 7.641963711543605818e-04 6.512397343028808331e-05 -9.814834622335565605e-04
-2.594469824696869372e-06 -9.937471458609267825e-05 -2.428352531476201965e-03 1.907680483118440184e+00 1.292109592346858682e-04 5.603609370424040463e-04 1.214729091756311429e-03 -4.535324647308144191e-02 5.179261445037559470e-06 1.465329889706010724e-06 -1.440195935024490312e-05 2.792580766974164607e-06 5.899110459980833784e-07 8.349843362872680724e-06 -9.346361863118960520e-07 -7.703747543786242048e-06 -3.030526135838031355e-05 1.118079229295628748e-04
-6.105623780568025915e-07 -2.726638734732947326e-05 -3.462270750244249361e-04 1.292109592346858682e-04 4.463681050563420016e-01 2.520691079284795235e-04 -2.653702124162943678e-04 -1.268354730643496062e-02 3.844663569857243394e-07 9.920250365519981259e-08 -3.065516146602918091e-06 1.670654718996948206e-07 6.672119282451073892e-08 2.499737649774736631e-06 -2.021488385395365753e-07 8.516865891234178115e-06 -9.247415829884299328e-06 2.334312150279867375e-05
-1.157852735305606658e-06 -1.383652122574290479e-04 4.373707667426529090e-03 5.603609370424040463e-04 2.520691079284795235e-04 2.084830629904653847e+02 -1.281382937826850213e-02 -6.895193043952914380e-02 -1.790491629160821815e-05 -5.297618471318916890e-06 1.416401445141787973e-06 -1.062887609271019910e-05 -1.483749108090253401e-06 1.668286901410544418e-05 1.419994963942039249e-08 2.468439777568023972e-04 -6.478391438042568483e-05 -2.203614924297870033e-05
-1.667365350188855017e-05 -1.087214342530576307e-04 -4.636669872954240351e-02 1.214729091756311429e-03 -2.653702124162943678e-04 -1.281382937826850213e-02 2.048963071922079280e+02 -1.690511723536629665e-02 1.472336869413817936e-04 4.296290612636394414e-05 -1.367664141684389904e-04 8.488071012086135180e-05 1.363811569082551310e-05 -1.936784522023370022e-05 -8.437592638075106503e-06 -1.460215838971606547e-03 9.416168545392706625e-05 1.123997113948507157e-03
2.283680771963543499e-04 9.380726340007505479e-03 1.769641536617385658e-01 -4.535324647308144191e-02 -1.268354730643496062e-02 -6.895193043952914380e-02 -1.690511723536629665e-02 5.400648182850048215e+03 -3.196299233494544439e-04 -8.886745679354151098e-05 1.214811296764715552e-03 -1.657696438441313752e-04 -4.015005484304498860e-05 -8.222870715193214943e-04 7.936076913324882924e-05 -1.008764515898805331e-03 3.012981487843280175e-03 -9.356636850904242672e-03
-4.464275671510129215e-08 -8.206400733641393798e-07 -9.340544617304259462e-05 5.179261445037559470e-06 3.844663569857243394e-07 -1.790491629160821815e-05 1.472336869413817936e-04 -3.196299233494544439e-04 6.709505409709842815e-04 8.150878452446545278e-08 -3.220051152785400853e-07 1.603769772878258222e-07 2.667529265989222031e-08 2.112083297025787143e-08 -2.016185414526064335e-08 -2.499940823599238063e-06 -3.660390759157123973e-08 2.604275602675202155e-06
-1.279744386292359402e-08 -2.299229399000852717e-07 -2.708499691637118097e-05 1.465329889706010724e-06 9.920250365519981259e-08 -5.297618471318916890e-06 4.296290612636394414e-05 -8.886745679354151098e-05 8.150878452446545278e-08 1.410019187117392259e-04 -9.275129458282852371e-08 4.664674311797151449e-08 7.745769909113659052e-09 5.320791038289405245e-09 -5.804091989712850802e-09 -7.308159494084386497e-07 -7.589982328243018049e-09 7.506243392148105705e-07
8.930552547183565660e-08 2.752218248019473084e-06 1.223869284593003990e-04 -1.440195935024490312e-05 -3.065516146602918091e-06 1.416401445141787973e-06 -1.367664141684389904e-04 1.214811296764715552e-03 -3.220051152785400853e-07 -9.275129458282852371e-08 7.209177062802398688e-04 -1.805507635809414119e-07 -3.272595578830142993e-08 -1.953000523507240621e-07 3.523793582739521968e-08 2.044546826273948138e-06 6.787254009787364918e-07 -4.360004572875744651e-06
-2.477267191358788004e-08 -4.329998852431206698e-07 -5.313067926643358873e-05 2.792580766974164607e-06 1.670654718996948206e-07 -1.062887609271019910e-05 8.488071012086135180e-05 -1.657696438441313752e-04 1.603769772878258222e-07 4.664674311797151449e-08 -1.805507635809414119e-07 2.338891512721575706e-04 1.521824129696853212e-08 8.635825167409933450e-09 -1.129066945207952677e-08 -1.446819858032444852e-06 -8.109483268638559031e-09 1.462260085030650215e-06
-4.684665800635909593e-09 -9.887129502129283049e-08 -9.061210354932876170e-06 5.899110459980833784e-07 6.672119282451073892e-08 -1.483749108090253401e-06 1.363811569082551310e-05 -4.015005484304498860e-05 2.667529265989222031e-08 7.745769909113659052e-09 -3.272595578830142993e-08 1.521824129696853212e-08 9.348195971194058233e-06 3.974269120837597274e-09 -2.057200532770276233e-09 -2.283778626216099623e-07 -1.079587241702088244e-08 2.635244151494579521e-07
-3.917212124253726725e-08 -1.765830374088087996e-06 -2.125591779005021594e-05 8.349843362872680724e-06 2.499737649774736631e-06 1.668286901410544418e-05 -1.936784522023370022e-05 -8.222870715193214943e-04 2.112083297025787143e-08 5.320791038289405245e-09 -1.953000523507240621e-07 8.635825167409933450e-09 3.974269120837597274e-09 1.472538345546115825e-04 -1.289370987260781941e-08 5.903149254556395842e-07 -6.022804524264830633e-07 1.485019267540986901e-06
5.739646740657595022e-09 1.793648057266092135e-07 7.721803993641427450e-06 -9.346361863118960520e-07 -2.021488385395365753e-07 1.419994963942039249e-08 -8.437592638075106503e-06 7.936076913324882924e-05 -2.016185414526064335e-08 -5.804091989712850802e-09 3.523793582739521968e-08 -1.129066945207952677e-08 -2.057200532770276233e-09 -1.289370987260781941e-08 4.366781414377359085e-06 1.247996633320464454e-07 4.497385437141817963e-08 -2.783188049800265128e-07
2.249770356931049433e-07 -9.202440368144443767e-07 7.641963711543605818e-04 -7.703747543786242048e-06 8.516865891234178115e-06 2.468439777568023972e-04 -1.460215838971606547e-03 -1.008764515898805331e-03 -2.499940823599238063e-06 -7.308159494084386497e-07 2.044546826273948138e-06 -1.446819858032444852e-06 -2.283778626216099623e-07 5.903149254556395842e-07 1.247996633320464454e-07 1.946446782772113387e-02 -2.572071299951429417e-06 -1.699255158073198539e-05
1.391236798847761224e-07 6.450143438517735022e-06 6.512397343028808331e-05 -3.030526135838031355e-05 -9.247415829884299328e-06 -6.478391438042568483e-05 9.416168545392706625e-05 3.012981487843280175e-03 -3.660390759157123973e-08 -7.589982328243018049e-09 6.787254009787364918e-07 -8.109483268638559031e-09 -1.079587241702088244e-08 -6.022804524264830633e-07 4.497385437141817963e-08 -2.572071299951429417e-06 1.732766354371856896e-03 -5.137527479326249762e-06
-7.012629348977489090e-07 -2.125919287029424682e-05 -9.814834622335565605e-04 1.118079229295628748e-04 2.334312150279867375e-05 -2.203614924297870033e-05 1.123997113948507157e-03 -9.356636850904242672e-03 2.604275602675202155e-06 7.506243392148105705e-07 -4.360004572875744651e-06 1.462260085030650215e-06 2.635244151494579521e-07 1.485019267540986901e-06 -2.783188049800265128e-07 -1.699255158073198539e-05 -5.137527479326249762e-06 1.501308498809532030e-02
2.445510138034362623e-05 1.755414705052089444e-07 6.307933916088966401e-06 -1.102862768539187822e-06 -2.435210702599738566e-07 4.909988017019000268e-07 -6.462990162951937439e-06 8.034224128740659701e-05 -1.348071100357647976e-08 -5.366925487344104789e-09 3.114808467168632323e-08 -6.917686830770997747e-09 -1.551266808030692462e-09 -1.200052826234239871e-08 1.661038490626070650e-09 6.366323406296466482e-08 4.664683358846746176e-08 -2.334138171671194940e-07
1.755414705052089444e-07 1.561799278361607028e-02 1.811044749459824377e-04 -5.490377436783621052e-05 -1.280489707748826313e-05 2.873077271754488559e-05 -1.303326287443605969e-04 3.617448966488664812e-03 -1.943886336472453241e-07 -1.813475176877389372e-07 1.098527832881492260e-06 -5.300547461576229011e-08 -3.606020836574684811e-08 -5.197659583413441698e-07 4.251164636468641909e-08 -1.000343288397716153e-06 2.244317332035033738e-06 -7.566454682107708747e-06
6.307933916088966401e-06 1.811044749459824377e-04 1.414360040240137018e+01 -1.769713227185377297e-03 -2.860719282462264581e-04 4.536305468366684870e-03 -1.894222471766793606e-02 8.307803613642712748e-02 -2.695888488326101049e-05 -1.329755048941754726e-05 4.852220529804935381e-05 -1.332603235105140062e-05 -3.089549218679181348e-06 -4.855623116210996052e-06 1.831450386878494056e-06 2.142158652540131539e-04 2.858489956847842944e-05 -3.468784748905447569e-04
-1.102862768539187822e-06 -5.490377436783621052e-05 -1.769713227185377297e-03 6.109621346735860659e-01 1.304103408257130772e-04 -1.414512987086383698e-03 2.474483963483731144e-03 -2.795255240990703396e-02 1.681372517593846804e-07 2.821678016583258736e-06 -9.363807682616775245e-06 -9.741126545379608665e-07 2.852949065468339270e-07 1.683011602190474809e-06 2.587258392945053901e-08 1.294453117101067431e-05 -1.363318601116465171e-05 5.244677308475411011e-05
-2.435210702599738566e-07 -1.280489707748826313e-05 -2.860719282462264581e-04 1.304103408257130772e-04 1.428535202273057969e-01 -2.007742240370931298e-04 2.833844333813515535e-04 -6.431868454155028128e-03 -1.399365941183913573e-07 4.471945624083476500e-07 -1.820629317585324677e-06 -2.763420918871110123e-07 3.839476389926075518e-08 6.252905037297598933e-07 -7.307255465800347510e-09 5.446428948731805592e-06 -3.654099394439151864e-06 1.041305647763317478e-05
4.909988017019000268e-07 2.873077271754488559e-05 4.536305468366684870e-03 -1.414512987086383698e-03 -2.007742240370931298e-04 6.671961661530295373e+01 -1.069140876066286029e-02 2.040391057942043951e-02 -1.023654817197038645e-06 -9.129940306622367542e-06 1.547950110502454264e-05 2.500766828873573666e-06 -7.798111674404464297e-07 8.463538418975003288e-06 -1.022309405928749034e-06 3.029570835884760590e-05 -8.294763032696543485e-06 -5.972278422609218209e-05
-6.462990162951937439e-06 -1.303326287443605969e-04 -1.894222471766793606e-02 2.474483963483731144e-03 2.833844333813515535e-04 -1.069140876066286029e-02 6.557544362084668421e+01 -6.098626374553686030e-02 4.095635903020797410e-05 2.347758592533846249e-05 -6.342942409321531707e-05 1.943813960585448076e-05 4.763351599327634327e-06 -1.028728206526237207e-05 -1.356233442705545630e-06 -4.035449743314850515e-04 1.385719607558971230e-05 4.286074953785825128e-04
8.034224128740659701e-05 3.617448966488664812e-03 8.307803613642712748e-02 -2.795255240990703396e-02 -6.431868454155028128e-03 2.040391057942043951e-02 -6.098626374553686030e-02 1.728565522515046268e+03 -6.260023302247314718e-05 -9.112863751476489506e-05 5.154442933400474498e-04 -3.279259006570087311e-06 -1.541994143216952507e-05 -2.367810017757880755e-04 1.673679172691556495e-05 -7.334062729437103084e-04 1.069017927834733971e-03 -3.438259113383841745e-03
-1.348071100357647976e-08 -1.943886336472453241e-07 -2.695888488326101049e-05 1.681372517593846804e-07 -1.399365941183913573e-07 -1.023654817197038645e-06 4.095635903020797410e-05 -6.260023302247314718e-05 2.147085701823066750e-04 1.913604403124382030e-08 -8.900154884212396120e-08 5.683529446526200287e-08 8.251099930159697631e-09 9.678593540143342774e-09 -7.411254899989500942e-09 -8.454796440403733524e-07 -9.333449530345794727e-11 7.841537590016098070e-07
-5.366925487344104789e-09 -1.813475176877389372e-07 -1.329755048941754726e-05 2.821678016583258736e-06 4.471945624083476500e-07 -9.129940306622367542e-06 2.347758592533846249e-05 -9.112863751476489506e-05 1.913604403124382030e-08 4.513158892209112577e-05 -5.186181807632497388e-08 6.214552407686907696e-09 2.928897166191108416e-09 -2.910429024782492804e-09 -3.414924040308935350e-10 -1.619796182236767473e-07 -2.078665981605311751e-08 3.179518102556048571e-07
3.114808467168632323e-08 1.098527832881492260e-06 4.852220529804935381e-05 -9.363807682616775245e-06 -1.820629317585324677e-06 1.547950110502454264e-05 -6.342942409321531707e-05 5.154442933400474498e-04 -8.900154884212396120e-08 -5.186181807632497388e-08 2.307384967722103078e-04 -4.016763036968876789e-08 -1.138230625874779542e-08 -5.317253152547409597e-08 8.212526628589085941e-09 5.089755495018816817e-07 2.542951500429933045e-07 -1.552345819535305792e-06
-6.917686830770997747e-09 -5.300547461576229011e-08 -1.332603235105140062e-05 -9.741126545379608665e-07 -2.763420918871110123e-07 2.500766828873573666e-06 1.943813960585448076e-05 -3.279259006570087311e-06 5.683529446526200287e-08 6.214552407686907696e-09 -4.016763036968876789e-08 7.485144471340868190e-05 4.512407517863259145e-09 6.425539891522592851e-09 -4.816339190741966789e-09 -5.200451691059634511e-07 1.197827952647960440e-08 4.062001123048724698e-07
-1.551266808030692462e-09 -3.606020836574684811e-08 -3.089549218679181348e-06 2.852949065468339270e-07 3.839476389926075518e-08 -7.798111674404464297e-07 4.763351599327634327e-06 -1.541994143216952507e-05 8.251099930159697631e-09 2.928897166191108416e-09 -1.138230625874779542e-08 4.512407517863259145e-09 2.991441182489761601e-06 1.082512693859028141e-09 -5.961172084831143160e-10 -7.013195114633097992e-08 -4.207817486250020781e-09 8.751761868542857075e-08
-1.200052826234239871e-08 -5.197659583413441698e-07 -4.855623116210996052e-06 1.683011602190474809e-06 6.252905037297598933e-07 8.463538418975003288e-06 -1.028728206526237207e-05 -2.367810017757880755e-04 9.678593540143342774e-09 -2.910429024782492804e-09 -5.317253152547409597e-08 6.425539891522592851e-09 1.082512693859028141e-09 4.712316606925825546e-05 -4.763128876314505307e-09 1.586869098506828230e-07 -1.850134032418579726e-07 4.425247432852118433e-07
1.661038490626070650e-09 4.251164636468641909e-08 1.831450386878494056e-06 2.587258392945053901e-08 -7.307255465800347510e-09 -1.022309405928749034e-06 -1.356233442705545630e-06 1.673679172691556495e-05 -7.411254899989500942e-09 -3.414924040308935350e-10 8.212526628589085941e-09 -4.816339190741966789e-09 -5.961172084831143160e-10 -4.763128876314505307e-09 1.397579411600682023e-06 4.986389519231013400e-08 1.185611342978307322e-08 -7.832319809497774767e-08
6.366323406296466482e-08 -1.000343288397716153e-06 2.142158652540131539e-04 1.294453117101067431e-05 5.446428948731805592e-06 3.029570835884760590e-05 -4.035449743314850515e-04 -7.334062729437103084e-04 -8.454796440403733524e-07 -1.619796182236767473e-07 5.089755495018816817e-07 -5.200451691059634511e-07 -7.013195114633097992e-08 1.586869098506828230e-07 4.986389519231013400e-08 6.229100500213373762e-03 -9.432995847918834883e-07 -4.928371470073478583e-06
4.664683358846746176e-08 2.244317332035033738e-06 2.858489956847842944e-05 -1.363318601116465171e-05 -3.654099394439151864e-06 -8.294763032696543485e-06 1.385719607558971230e-05 1.069017927834733971e-03 -9.333449530345794727e-11 -2.078665981605311751e-08 2.542951500429933045e-07 1.197827952647960440e-08 -4.207817486250020781e-09 -1.850134032418579726e-07 1.185611342978307322e-08 -9.432995847918834883e-07 5.545159407558109248e-04 -1.774065257603693249e-06
-2.334138171671194940e-07 -7.566454682107708747e-06 -3.468784748905447569e-04 5.244677308475411011e-05 1.041305647763317478e-05 -5.972278422609218209e-05 4.286074953785825128e-04 -3.438259113383841745e-03 7.841537590016098070e-07 3.179518102556048571e-07 -1.552345819535305792e-06 4.062001123048724698e-07 8.751761868542857075e-08 4.425247432852118433e-07 -7.832319809497774767e-08 -4.928371470073478583e-06 -1.774065257603693249e-06 4.804738031092581005e-03
7.826601125021500564e-06 4.250463925127626433e-08 2.082161353969358100e-06 -2.404263536768353300e-07 -9.530771621214462708e-08 -1.309770632548291968e-06 -1.916471448615795354e-07 1.742052598499268167e-05 -8.054293616813933032e-09 -4.559133524636587751e-10 1.227580112764335169e-08 -1.490495913102034780e-09 -5.604012703412997044e-10 -4.068953692399433608e-09 4.451382572685354446e-11 3.463852470023848184e-08 9.512439616637080930e-09 -6.916446893843771529e-08
4.250463925127626433e-08 4.997950562338261161e-03 5.705568501380674771e-05 -1.915649711929669671e-05 -3.852312378474518187e-06 2.989244065799241670e-05 -6.818498071021047914e-05 1.274545697698836397e-03 -9.424417679097886766e-09 -7.583167410262825459e-08 3.189559696820465273e-07 -2.716597469764231034e-08 -1.063625096531577497e-08 -1.630968348781434363e-07 2.047581404958075704e-08 -5.214147092221541805e-07 7.945836557682672302e-07 -2.499267817996603700e-06
2.082161353969358100e-06 5.705568501380674771e-05 4.525956307453633087e+00 -5.589199789764316651e-04 -9.268458828521049871e-05 1.355273335799665139e-03 -5.938263951348030784e-03 2.604055591732461206e-02 -8.872514585292575384e-06 -4.172361458701210100e-06 1.567872085374708694e-05 -4.216833411345249974e-06 -9.928589592494115450e-07 -1.568825826682499126e-06 5.540770605455320179e-07 6.948607767783453388e-05 8.791543866716783112e-06 -1.106380395740480928e-04
-2.404263536768353300e-07 -1.915649711929669671e-05 -5.589199789764316651e-04 1.955209461262741033e-01 3.971291868026809749e-05 -6.229888798897447160e-04 1.009747236612008490e-03 -9.907387709148901198e-03 -3.805630439558880514e-07 1.049430779036669553e-06 -2.728350583848366594e-06 -2.277376124820847185e-07 8.386275581498061099e-08 5.119957688314047987e-07 -4.827649061424395339e-08 5.798943241529440613e-06 -4.991391537988746092e-06 1.742490876820142556e-05
-9.530771621214462708e-08 -3.852312378474518187e-06 -9.268458828521049871e-05 3.971291868026809749e-05 4.571343833755906610e-02 -3.792750793518907164e-05 5.701301989513669687e-05 -1.909469484968273015e-03 2.233504469250351408e-08 1.204672596303037413e-07 -6.240209902651528545e-07 -1.014051159585073741e-07 1.343459540524853967e-08 2.041980179410955543e-07 6.400195268325271217e-09 1.486878859433396664e-06 -1.072159207090645253e-06 3.232990653188007096e-06
-1.309770632548291968e-06 2.989244065799241670e-05 1.355273335799665139e-03 -6.229888798897447160e-04 -3.792750793518907164e-05 2.135249864865444636e+01 -6.262874850354532320e-03 1.908138298593656593e-02 5.336668891676524364e-06 -4.831891666968109007e-06 1.457777741167756655e-06 -2.948514547584954025e-07 -1.526297285332151583e-07 3.054783983654625162e-06 4.103596828818089845e-07 -1.190900905337434997e-05 5.544997833013928963e-06 -2.748234432329298724e-05
-1.916471448615795354e-07 -6.818498071021047914e-05 -5.938263951348030784e-03 1.009747236612008490e-03 5.701301989513669687e-05 -6.262874850354532320e-03 2.098777708755111959e+01 -3.557283622626940256e-02 5.860095112781439637e-06 9.956579988081796628e-06 -1.582561229462001675e-05 7.621100106876725619e-06 1.400301229628042184e-06 -3.735126307083344084e-06 -1.377435055819165921e-06 -1.014980828109126915e-04 -6.054626023439403079e-06 1.478630135115818853e-04
1.742052598499268167e-05 1.274545697698836397e-03 2.604055591732461206e-02 -9.907387709148901198e-03 -1.909469484968273015e-03 1.908138298593656593e-02 -3.557283622626940256e-02 5.532118958300346776e+02 1.197497075141199175e-05 -3.995580199047815706e-05 1.451891509382265393e-04 -7.237452348950860651e-06 -4.386770517882621634e-06 -7.381221785852476285e-05 9.523174559439990711e-06 -3.567661797977300414e-04 3.884178385732143450e-04 -1.147545424425629006e-03
-8.054293616813933032e-09 -9.424417679097886766e-09 -8.872514585292575384e-06 -3.805630439558880514e-07 2.233504469250351408e-08 5.336668891676524364e-06 5.860095112781439637e-06 1.197497075141199175e-05 6.872118586460538529e-05 1.252377118649696889e-09 -3.739418736055302123e-08 1.539487495687597744e-08 2.887465209170477350e-09 3.980577169118361049e-09 -4.910322086691150227e-10 -3.256412249571708838e-07 2.087782253163059062e-08 2.295836105034328553e-07
-4.559133524636587751e-10 -7.583167410262825459e-08 -4.172361458701210100e-06 1.049430779036669553e-06 1.204672596303037413e-07 -4.831891666968109007e-06 9.956579988081796628e-06 -3.995580199047815706e-05 1.252377118649696889e-09 1.444375129262426542e-05 -1.358956629668528081e-08 2.930423023661751669e-09 8.539061334271819807e-10 -1.229280353508319505e-09 -7.435149766784974079e-10 -3.325468705054553156e-08 -1.370302056137168478e-08 1.089435550075577174e-07
1.227580112764335169e-08 3.189559696820465273e-07 1.567872085374708694e-05 -2.728350583848366594e-06 -6.240209902651528545e-07 1.457777741167756655e-06 -1.582561229462001675e-05 1.451891509382265393e-04 -3.739418736055302123e-08 -1.358956629668528081e-08 7.384182001712324170e-05 -1.113031107772643417e-08 -3.794842967880122509e-09 -1.756041375446622121e-08 1.467422490554543964e-09 1.968693585904692243e-07 6.847134910558341149e-08 -4.835773133371938506e-07
-1.490495913102034780e-09 -2.716597469764231034e-08 -4.216833411345249974e-06 -2.277376124820847185e-07 -1.014051159585073741e-07 -2.948514547584954025e-07 7.621100106876725619e-06 -7.237452348950860651e-06 1.539487495687597744e-08 2.930423023661751669e-09 -1.113031107772643417e-08 2.395300218131286201e-05 1.396194712275551538e-09 1.885375157414084415e-09 -1.904808850569116192e-09 -1.557640534528938772e-07 -2.091435223923988616e-10 1.341108909483054773e-07
-5.604012703412997044e-10 -1.063625096531577497e-08 -9.928589592494115450e-07 8.386275581498061099e-08 1.343459540524853967e-08 -1.526297285332151583e-07 1.400301229628042184e-06 -4.386770517882621634e-06 2.887465209170477350e-09 8.539061334271819807e-10 -3.794842967880122509e-09 1.396194712275551538e-09 9.572654062740030945e-07 3.615186793992663064e-10 -1.585827161643984510e-10 -2.338472428104077924e-08 -9.887904963146434077e-10 2.764043477080028050e-08
-4.068953692399433608e-09 -1.630968348781434363e-07 -1.568825826682499126e-06 5.119957688314047987e-07 2.041980179410955543e-07 3.054783983654625162e-06 -3.735126307083344084e-06 -7.381221785852476285e-05 3.980577169118361049e-09 -1.229280353508319505e-09 -1.756041375446622121e-08 1.885375157414084415e-09 3.615186793992663064e-10 1.507946717676274527e-05 -1.409176698356898223e-09 4.741038374728968127e-08 -5.792547557247943329e-08 1.403023201735883157e-07
4.451382572685354446e-11 2.047581404958075704e-08 5.540770605455320179e-07 -4.827649061424395339e-08 6.400195268325271217e-09 4.103596828818089845e-07 -1.377435055819165921e-06 9.523174559439990711e-06 -4.910322086691150227e-10 -7.435149766784974079e-10 1.467422490554543964e-09 -1.904808850569116192e-09 -1.585827161643984510e-10 -1.409176698356898223e-09 4.474702667727080112e-07 8.783878449120479937e-09 6.516192288988119552e-09 -2.784267547527640598e-08
3.463852470023848184e-08 -5.214147092221541805e-07 6.948607767783453388e-05 5.798943241529440613e-06 1.486878859433396664e-06 -1.190900905337434997e-05 -1.014980828109126915e-04 -3.567661797977300414e-04 -3.256412249571708838e-07 -3.325468705054553156e-08 1.968693585904692243e-07 -1.557640534528938772e-07 -2.338472428104077924e-08 4.741038374728968127e-08 8.783878449120479937e-09 1.993522266944526989e-03 -3.815986453938676046e-07 -1.495665913049403246e-06
9.512439616637080930e-09 7.945836557682672302e-07 8.791543866716783112e-06 -4.991391537988746092e-06 -1.072159207090645253e-06 5.544997833013928963e-06 -6.054626023439403079e-06 3.884178385732143450e-04 2.087782253163059062e-08 -1.370302056137168478e-08 6.847134910558341149e-08 -2.091435223923988616e-10 -9.887904963146434077e-10 -5.792547557247943329e-08 6.516192288988119552e-09 -3.815986453938676046e-07 1.774753661659633449e-04 -5.985998968937034237e-07
-6.916446893843771529e-08 -2.499267817996603700e-06 -1.106380395740480928e-04 1.742490876820142556e-05 3.232990653188007096e-06 -2.748234432329298724e-05 1.478630135115818853e-04 -1.147545424425629006e-03 2.295836105034328553e-07 1.089435550075577174e-07 -4.835773133371938506e-07 1.341108909483054773e-07 2.764043477080028050e-08 1.403023201735883157e-07 -2.784267547527640598e-08 -1.495665913049403246e-06 -5.985998968937034237e-07 1.537547716131011481e-03
7.826601125021500564e-06 4.250463925127626433e-08 2.082161353969358100e-06 -2.404263536768353300e-07 -9.530771621214462708e-08 -1.309770632548291968e-06 -1.916471448615795354e-07 1.742052598499268167e-05 -8.054293616813933032e-09 -4.559133524636587751e-10 1.227580112764335169e-08 -1.490495913102034780e-09 -5.604012703412997044e-10 -4.068953692399433608e-09 4.451382572685354446e-11 3.463852470023848184e-08 9.512439616637080930e-09 -6.916446893843771529e-08
4.250463925127626433e-08 4.997950562338261161e-03 5.705568501380674771e-05 -1.915649711929669671e-05 -3.852312378474518187e-06 2.989244065799241670e-05 -6.818498071021047914e-05 1.274545697698836397e-03 -9.424417679097886766e-09 -7.583167410262825459e-08 3.189559696820465273e-07 -2.716597469764231034e-08 -1.063625096531577497e-08 -1.630968348781434363e-07 2.047581404958075704e-08 -5.214147092221541805e-07 7.945836557682672302e-07 -2.499267817996603700e-06
2.082161353969358100e-06 5.705568501380674771e-05 4.525956307453633087e+00 -5.589199789764316651e-04 -9.268458828521049871e-05 1.355273335799665139e-03 -5.938263951348030784e-03 2.604055591732461206e-02 -8.872514585292575384e-06 -4.172361458701210100e-06 1.567872085374708694e-05 -4.216833411345249974e-06 -9.928589592494115450e-07 -1.568825826682499126e-06 5.540770605455320179e-07 6.948607767783453388e-05 8.791543866716783112e-06 -1.106380395740480928e-04
-2.404263536768353300e-07 -1.915649711929669671e-05 -5.589199789764316651e-04 1.955209461262741033e-01 3.971291868026809749e-05 -6.229888798897447160e-04 1.009747236612008490e-03 -9.907387709148901198e-03 -3.805630439558880514e-07 1.049430779036669553e-06 -2.728350583848366594e-06 -2.277376124820847185e-07 8.386275581498061099e-08 5.119957688314047987e-07 -4.827649061424395339e-08 5.798943241529440613e-06 -4.991391537988746092e-06 1.742490876820142556e-05
-9.530771621214462708e-08 -3.852312378474518187e-06 -9.268458828521049871e-05 3.971291868026809749e-05 4.571343833755906610e-02 -3.792750793518907164e-05 5.701301989513669687e-05 -1.909469484968273015e-03 2.233504469250351408e-08 1.204672596303037413e-07 -6.240209902651528545e-07 -1.014051159585073741e-07 1.343459540524853967e-08 2.041980179410955543e-07 6.400195268325271217e-09 1.486878859433396664e-06 -1.072159207090645253e-06 3.232990653188007096e-06
-1.309770632548291968e-06 2.989244065799241670e-05 1.355273335799665139e-03 -6.229888798897447160e-04 -3.792750793518907164e-05 2.135249864865444636e+01 -6.262874850354532320e-03 1.908138298593656593e-02 5.336668891676524364e-06 -4.831891666968109007e-06 1.457777741167756655e-06 -2.948514547584954025e-07 -1.526297285332151583e-07 3.054783983654625162e-06 4.103596828818089845e-07 -1.190900905337434997e-05 5.544997833013928963e-06 -2.748234432329298724e-05
-1.916471448615795354e-07 -6.818498071021047914e-05 -5.938263951348030784e-03 1.009747236612008490e-03 5.701301989513669687e-05 -6.262874850354532320e-03 2.098777708755111959e+01 -3.557283622626940256e-02 5.860095112781439637e-06 9.956579988081796628e-06 -1.582561229462001675e-05 7.621100106876725619e-06 1.400301229628042184e-06 -3.735126307083344084e-06 -1.377435055819165921e-06 -1.014980828109126915e-04 -6.054626023439403079e-06 1.478630135115818853e-04
1.742052598499268167e-05 1.274545697698836397e-03 2.604055591732461206e-02 -9.907387709148901198e-03 -1.909469484968273015e-03 1.908138298593656593e-02 -3.557283622626940256e-02 5.532118958300346776e+02 1.197497075141199175e-05 -3.995580199047815706e-05 1.451891509382265393e-04 -7.237452348950860651e-06 -4.386770517882621634e-06 -7.381221785852476285e-05 9.523174559439990711e-06 -3.567661797977300414e-04 3.884178385732143450e-04 -1.147545424425629006e-03
-8.054293616813933032e-09 -9.424417679097886766e-09 -8.872514585292575384e-06 -3.805630439558880514e-07 2.233504469250351408e-08 5.336668891676524364e-06 5.860095112781439637e-06 1.197497075141199175e-05 6.872118586460538529e-05 1.252377118649696889e-09 -3.739418736055302123e-08 1.539487495687597744e-08 2.887465209170477350e-09 3.980577169118361049e-09 -4.910322086691150227e-10 -3.256412249571708838e-07 2.087782253163059062e-08 2.295836105034328553e-07
-4.559133524636587751e-10 -7.583167410262825459e-08 -4.172361458701210100e-06 1.049430779036669553e-06 1.204672596303037413e-07 -4.831891666968109007e-06 9.956579988081796628e-06 -3.995580199047815706e-05 1.252377118649696889e-09 1.444375129262426542e-05 -1.358956629668528081e-08 2.930423023661751669e-09 8.539061334271819807e-10 -1.229280353508319505e-09 -7.435149766784974079e-10 -3.325468705054553156e-08 -1.370302056137168478e-08 1.089435550075577174e-07
1.227580112764335169e-08 3.189559696820465273e-07 1.567872085374708694e-05 -2.728350583848366594e-06 -6.240209902651528545e-07 1.457777741167756655e-06 -1.582561229462001675e-05 1.451891509382265393e-04 -3.739418736055302123e-08 -1.358956629668528081e-08 7.384182001712324170e-05 -1.113031107772643417e-08 -3.794842967880122509e-09 -1.756041375446622121e-08 1.467422490554543964e-09 1.968693585904692243e-07 6.847134910558341149e-08 -4.835773133371938506e-07
-1.490495913102034780e-09 -2.716597469764231034e-08 -4.216833411345249974e-06 -2.277376124820847185e-07 -1.014051159585073741e-07 -2.948514547584954025e-07 7.621100106876725619e-06 -7.237452348950860651e-06 1.539487495687597744e-08 2.930423023661751669e-09 -1.113031107772643417e-08 2.395300218131286201e-05 1.396194712275551538e-09 1.885375157414084415e-09 -1.904808850569116192e-09 -1.557640534528938772e-07 -2.091435223923988616e-10 1.341108909483054773e-07
-5.604012703412997044e-10 -1.063625096531577497e-08 -9.928589592494115450e-07 8.386275581498061099e-08 1.343459540524853967e-08 -1.526297285332151583e-07 1.400301229628042184e-06 -4.386770517882621634e-06 2.887465209170477350e-09 8.539061334271819807e-10 -3.794842967880122509e-09 1.396194712275551538e-09 9.572654062740030945e-07 3.615186793992663064e-10 -1.585827161643984510e-10 -2.338472428104077924e-08 -9.887904963146434077e-10 2.764043477080028050e-08
-4.068953692399433608e-09 -1.630968348781434363e-07 -1.568825826682499126e-06 5.119957688314047987e-07 2.041980179410955543e-07 3.054783983654625162e-06 -3.735126307083344084e-06 -7.381221785852476285e-05 3.980577169118361049e-09 -1.229280353508319505e-09 -1.756041375446622121e-08 1.885375157414084415e-09 3.615186793992663064e-10 1.507946717676274527e-05 -1.409176698356898223e-09 4.741038374728968127e-08 -5.792547557247943329e-08 1.403023201735883157e-07
4.451382572685354446e-11 2.047581404958075704e-08 5.540770605455320179e-07 -4.827649061424395339e-08 6.400195268325271217e-09 4.103596828818089845e-07 -1.377435055819165921e-06 9.523174559439990711e-06 -4.910322086691150227e-10 -7.435149766784974079e-10 1.467422490554543964e-09 -1.904808850569116192e-09 -1.585827161643984510e-10 -1.409176698356898223e-09 4.474702667727080112e-07 8.783878449120479937e-09 6.516192288988119552e-09 -2.784267547527640598e-08
3.463852470023848184e-08 -5.214147092221541805e-07 6.948607767783453388e-05 5.798943241529440613e-06 1.486878859433396664e-06 -1.190900905337434997e-05 -1.014980828109126915e-04 -3.567661797977300414e-04 -3.256412249571708838e-07 -3.325468705054553156e-08 1.968693585904692243e-07 -1.557640534528938772e-07 -2.338472428104077924e-08 4.741038374728968127e-08 8.783878449120479937e-09 1.993522266944526989e-03 -3.815986453938676046e-07 -1.495665913049403246e-06
9.512439616637080930e-09 7.945836557682672302e-07 8.791543866716783112e-06 -4.991391537988746092e-06 -1.072159207090645253e-06 5.544997833013928963e-06 -6.054626023439403079e-06 3.884178385732143450e-04 2.087782253163059062e-08 -1.370302056137168478e-08 6.847134910558341149e-08 -2.091435223923988616e-10 -9.887904963146434077e-10 -5.792547557247943329e-08 6.516192288988119552e-09 -3.815986453938676046e-07 1.774753661659633449e-04 -5.985998968937034237e-07
-6.916446893843771529e-08 -2.499267817996603700e-06 -1.106380395740480928e-04 1.742490876820142556e-05 3.232990653188007096e-06 -2.748234432329298724e-05 1.478630135115818853e-04 -1.147545424425629006e-03 2.295836105034328553e-07 1.089435550075577174e-07 -4.835773133371938506e-07 1.341108909483054773e-07 2.764043477080028050e-08 1.403023201735883157e-07 -2.784267547527640598e-08 -1.495665913049403246e-06 -5.985998968937034237e-07 1.537547716131011481e-03
