1.000000000000000000e+00 1.000000000000000000e+00 1.000000000000000000e+00 1.000000000000000000e+00
1.073368975921202978e-01 2.335611775328272355e-01 3.029635678823797207e+01 4.810058066470048743e-01
9.882538504661259049e-02 2.377814099800227843e-01 2.637169810640255818e+01 5.020648498942601456e-01
9.682968113726499182e-02 2.334459095755325453e-01 2.657277589043406252e+01 5.003591116955263818e-01
9.126688950756818575e-02 2.489002314987827091e-01 2.500871932574814238e+01 4.859183148099155414e-01
9.584543607006176802e-02 2.414525276005230203e-01 2.212339590672438305e+01 4.790358000845559849e-01
8.437601359427240877e-02 2.248543045839312138e-01 1.977338175060756953e+01 4.757759415218938415e-01
8.016679348384948833e-02 1.973764639736167725e-01 1.674391262951527892e+01 4.620497181252259944e-01
7.901710629714303602e-02 2.018899465155661044e-01 1.734518470018746683e+01 4.731031243392367358e-01
7.213141040854331720e-02 2.166704108828871045e-01 1.766389972235656458e+01 4.311576651672922034e-01
7.216517738732233789e-02 2.294712033969869835e-01 1.895949471252146168e+01 4.913608936351189227e-01
6.261628675089592200e-02 2.304388851654695647e-01 1.540503429854285500e+01 4.403898077798825139e-01
6.721152824692751271e-02 2.449147798458304048e-01 1.436572596878873220e+01 4.513971981194538352e-01
5.774590827662429843e-02 2.542381613488410297e-01 1.335271826339893053e+01 4.481384781933377970e-01
5.746913906422566887e-02 2.366696541206921300e-01 1.499695791783163301e+01 4.533726057989461156e-01
5.879444056517343226e-02 2.342694557711882120e-01 1.349511961891256817e+01 4.170253025980257267e-01
6.397082148873417529e-02 2.483380429134131873e-01 1.399835548406631069e+01 4.281055430617297652e-01
5.584365210980602595e-02 2.633481473921445715e-01 1.417842526158881711e+01 4.447160628562868978e-01
5.579235222637669855e-02 2.729937500566996245e-01 1.486752690641094610e+01 4.160975198991491153e-01
5.659330310606314196e-02 2.797669683020997944e-01 1.279020827404187166e+01 4.308678292379009012e-01
5.007206140359168889e-02 2.745393239994564083e-01 1.336636286335658852e+01 4.160025748053308159e-01
4.562227451617351104e-02 2.948606295388073173e-01 1.325602259816995776e+01 3.758932573122751863e-01
4.505455595931733004e-02 3.106443018422090363e-01 1.382654617242606854e+01 4.057833204271504846e-01
3.895335692452506909e-02 3.079964265072950291e-01 1.161049353319266864e+01 3.675695806714974201e-01
4.352487026424164268e-02 3.003393575917100988e-01 1.160050560618094551e+01 3.803534044680065285e-01
3.501633664137566992e-02 3.673859230697207878e-01 8.577003758731841287e+00 4.132186383291154841e-01
3.810128567449300868e-02 3.088015499011118603e-01 8.954040669536455610e+00 3.716044871594241794e-01
4.336070218448046659e-02 2.994114983869784474e-01 7.208578956091128198e+00 4.144150786033715672e-01
4.138262152012463918e-02 3.201214202868818970e-01 7.104179517524478626e+00 4.229208435913631714e-01
3.949857888582782722e-02 3.197245489638193550e-01 6.377585363135208851e+00 3.768376084896741252e-01
4.295578360574482668e-02 3.640065564630379780e-01 6.937589520448972813e+00 4.144664438685535801e-01
4.214929814978898848e-02 3.357872482060405561e-01 7.486141901035578528e+00 3.544196875869250474e-01
4.537240777760612881e-02 3.115205046282455981e-01 6.912608841363395484e+00 4.368696474496227000e-01
2.829821999071044716e-02 3.639226461569002868e-01 5.069700741539266531e+00 3.516781091158072137e-01
3.336415029241460856e-02 3.546328286320095113e-01 5.889065657235425633e+00 3.747382948129421298e-01
3.303683459610690099e-02 3.881242198971230351e-01 5.311012200838092667e+00 3.739498831644800791e-01
2.847231012818869297e-02 3.956458662775161339e-01 5.812861033509834741e+00 4.169431993409977721e-01
2.894567980721361386e-02 3.975151520177077624e-01 5.681050834706008246e+00 3.790341387593559319e-01
3.006545682569801425e-02 4.303716555837257540e-01 5.329723255803507698e+00 3.080566582007628895e-01
2.555068274034756268e-02 4.068813944954188799e-01 5.814420307624241779e+00 3.065446714245540494e-01
2.453252074409662323e-02 4.765431991627464003e-01 4.943710402497377920e+00 3.236579492619099385e-01
2.733508969066282546e-02 4.605971430333160588e-01 5.852165123763254151e+00 2.972776964406488864e-01
2.567370038189029091e-02 4.530520025431310494e-01 5.096504823403725126e+00 3.078508030491978187e-01
2.675033027113058251e-02 4.307313301778932235e-01 5.167577539477795412e+00 3.074338501027034098e-01
2.597630086723354270e-02 4.305498843305015644e-01 4.874672307208971489e+00 2.907021949354388624e-01
2.461487905664029932e-02 4.540325015078432447e-01 4.605681191113054851e+00 2.976910026498287842e-01
2.547581964170339552e-02 5.454387591506345556e-01 4.355092411935594932e+00 2.473758478919099169e-01
2.528434564984730765e-02 4.958022112887721100e-01 4.541312462875925604e+00 2.884556002987154200e-01
2.605580207576409929e-02 4.907045912624860007e-01 4.178451543732021101e+00 2.660852528999859135e-01
2.577007556033183294e-02 4.631783842610101010e-01 4.494657680604803751e+00 2.796998947863035268e-01
2.407904624218364445e-02 5.045172932059942550e-01 4.159232256161764951e+00 2.678917516413401034e-01
2.847707418533884996e-02 4.867696032179907872e-01 4.236720868404362683e+00 2.920284232132048796e-01
2.596159519564278720e-02 4.522681789878238989e-01 3.829620908277941549e+00 2.640027009951433357e-01
2.507312881673584223e-02 5.036489698629725842e-01 4.773736150725746974e+00 2.570785647114768868e-01
2.267448232192323040e-02 4.898819097327042349e-01 4.168613833504545951e+00 2.863087188912361025e-01
2.551820721499825986e-02 4.592088076064956281e-01 4.184768823527367232e+00 3.059713248579694622e-01
2.544688334565506360e-02 4.975931501299917792e-01 4.282318379231406347e+00 2.681746182453251803e-01
2.486712353427924377e-02 4.277950761562345217e-01 4.380902874830483462e+00 2.928091344508433891e-01
2.364043448652717108e-02 5.173245551813229204e-01 4.140123376714050174e+00 3.275960396750909331e-01
2.293280067590133114e-02 4.856543017084247182e-01 3.683967760199351460e+00 3.117533676571072609e-01
2.312040969205887350e-02 5.284420909446367887e-01 3.806127790669274535e+00 2.940059826439322399e-01
2.553415513027378764e-02 4.941878717318515246e-01 3.721447225614815224e+00 3.206105386451779671e-01
2.347705729834865043e-02 5.078987691107541558e-01 3.719067145387368711e+00 2.812960488978453744e-01
2.425326257067315916e-02 5.058629801470245768e-01 3.748325262988962514e+00 3.031509834024846972e-01
2.526402776250710053e-02 4.192640379472904466e-01 3.706530222533648278e+00 3.271097291725015843e-01
2.489499854784851113e-02 4.212878626111752345e-01 3.303215656790515098e+00 2.975235401947949887e-01
2.411516640783733720e-02 4.345020819683664826e-01 3.689212553049132648e+00 3.045523666905110005e-01
2.514696877044112280e-02 4.423199418487311352e-01 3.611827463462417676e+00 3.070875566144112834e-01
2.765120459979976755e-02 4.373452580255956512e-01 3.092335585927264319e+00 2.887341485877302771e-01
2.426586290004230026e-02 4.611915591433040085e-01 2.919820383701617228e+00 2.923291129120711429e-01
2.530649991388277120e-02 4.310229303197794515e-01 3.266280482093489201e+00 2.864823605093091974e-01
2.524581663954211103e-02 4.651723375472791022e-01 3.160595162861206564e+00 3.148396756388062712e-01
2.534660905932900957e-02 4.585827013040174038e-01 2.412363915555216565e+00 2.855712587716834339e-01
2.431891990673775913e-02 4.360345880892151915e-01 2.407749109668225085e+00 3.087338738166086061e-01
2.165296438006282520e-02 4.408771315196337026e-01 2.218283641132218875e+00 3.301346188602720111e-01
2.357546179067059391e-02 4.242715877389496848e-01 2.155654783752339210e+00 3.148342345122235320e-01
2.553851378913420470e-02 4.612586934519468662e-01 2.296030001098086082e+00 2.921719845038787122e-01
2.469783730508713637e-02 4.537838345725991318e-01 2.309641587073387292e+00 3.215435062493237073e-01
2.371781278987362268e-02 4.311228170422108374e-01 2.391754707874125252e+00 2.735615204369972187e-01
2.191794581129636113e-02 4.172490724744530310e-01 2.555774873401475134e+00 2.572217986937709311e-01
2.368048389941198109e-02 4.029137478455209198e-01 2.094443683446086446e+00 2.982306276688480584e-01
2.409293538616795113e-02 3.948835456098088725e-01 1.908976270462314107e+00 2.991816800536181709e-01
2.277245905748484858e-02 3.333182305100931830e-01 1.733652071689164131e+00 2.836295370911272040e-01
2.418509314890558357e-02 3.739253790329793992e-01 1.865873533979010901e+00 3.144766310647912899e-01
2.424451191985867865e-02 3.928079524830422331e-01 1.842049644183039847e+00 2.799501008279390857e-01
2.313926227942167749e-02 4.313114720029861959e-01 1.542277355473274492e+00 2.762790627653996522e-01
2.470189641934467800e-02 4.336404865246486495e-01 1.601122715802524299e+00 2.776322030700376642e-01
2.425464016923349619e-02 3.720915674962623765e-01 1.441798210211034048e+00 2.859874621914301751e-01
2.504576492669768201e-02 3.638311768580380634e-01 1.276475534972586923e+00 3.048123138086749062e-01
2.394175662599306448e-02 3.324105799189617794e-01 1.249583962758506583e+00 3.038512552492545482e-01
2.460430578382661812e-02 3.334673597832873981e-01 1.228995703672052464e+00 3.101246934137987243e-01
2.555326159347076284e-02 3.192681242146885312e-01 1.035019328323522059e+00 3.117838692252472010e-01
2.407426022450596947e-02 3.545744850915655277e-01 1.211128923218652842e+00 3.048962327704531905e-01
2.425996910771802129e-02 3.331022205784054946e-01 1.121246316924527919e+00 3.024920162020654502e-01
2.553113877993228725e-02 3.414145071108808938e-01 1.100254034484786425e+00 2.799106460161023269e-01
2.365779417946471327e-02 3.437301618681598558e-01 1.152429987253119181e+00 2.924128191631077400e-01
2.595295527448765460e-02 3.417320322831887136e-01 1.178071989172898570e+00 2.973974870687547956e-01
2.437997788428786575e-02 3.475126408450142090e-01 1.124448489740270452e+00 3.090293478485208745e-01
2.444814942247475545e-02 3.432224230134245380e-01 1.065781242034915977e+00 2.986802207482519012e-01
2.465103707130586810e-02 3.376253563331503837e-01 1.191598017353622252e+00 3.172503884913798755e-01
2.514089619424636143e-02 3.256845814404275008e-01 1.201688978109254569e+00 3.103229100303742660e-01
2.453439754012388604e-02 3.691063321696544386e-01 1.129516995015848124e+00 2.972204075743836160e-01
2.261050135428896435e-02 3.746956877086505822e-01 7.939652059318184074e-01 2.950284771685969809e-01
2.065145224370187188e-02 3.746722112575253116e-01 7.326464175720558414e-01 3.264226230036577081e-01
2.184818524991094871e-02 3.738309585789992839e-01 7.580545606414921256e-01 2.622843978080734995e-01
2.997691967345358227e-02 3.595353030371607472e-01 1.262177983647622126e-01 2.594050740361066865e-01
2.654512750105685048e-02 3.532943797469721425e-01 1.399828211457910809e-01 2.644089430569835364e-01
2.596925465069659100e-02 3.435345826708737227e-01 1.217846113469831654e-01 2.253078643677563497e-01
2.836922657288486194e-02 3.986008579880878644e-01 1.103681692556744004e-01 2.645682901072577975e-01
2.770617272563602115e-02 3.851339089036404095e-01 1.087718677063302386e-01 2.515449877326020878e-01
2.682741452493652562e-02 4.045431711416931364e-01 9.925879102499728102e-02 2.517344592170054351e-01
2.992366697458350225e-02 3.928990142265673113e-01 9.822108997453481150e-02 2.537808324571305674e-01
2.479887887824738790e-02 3.708696653127037113e-01 9.972966921668262319e-02 2.787592193138065944e-01
2.716828857639085743e-02 3.328294079458504751e-01 8.711503451220918570e-02 2.641203403868161437e-01
2.400849270029881480e-02 2.991541863665594936e-01 1.002956769301496381e-01 2.937523358616137004e-01
2.509064648552315757e-02 3.206233271592951461e-01 8.975582351201313869e-02 3.090029091696761543e-01
2.382555148914566531e-02 3.195908719000349341e-01 1.007899667627675799e-01 2.429683454693759292e-01
2.420885893752539389e-02 3.415182385358790929e-01 8.467957990009936098e-02 3.036894381094994988e-01
2.279564986179012653e-02 3.266505778089798806e-01 8.051330293422032103e-02 2.940291277671949755e-01
2.318408969142888090e-02 3.433568347288610267e-01 9.811143993344918768e-02 2.902165557933135132e-01
2.688289880044309604e-02 3.392668455038475028e-01 8.903914612002904183e-02 2.877073950607257347e-01
2.298179987119937026e-02 3.258728050292147294e-01 8.986281595929616894e-02 2.707929164318076398e-01
2.591500613878251758e-02 3.320050464506892340e-01 8.868377758062563621e-02 2.896406008988987590e-01
2.447812381817969160e-02 3.153123329224021276e-01 8.003543133687558708e-02 2.814873450088443141e-01
2.498919722452941361e-02 3.563759818389959921e-01 8.771411077016665059e-02 2.876380705034671803e-01
2.465264791703143665e-02 3.349694637150349985e-01 8.351036546746898326e-02 2.841087659207172100e-01
2.383081101080936418e-02 3.493408091676110661e-01 8.965808577284710423e-02 2.751629901008200152e-01
2.575226550898487496e-02 3.156373910516114822e-01 9.280558146497872030e-02 2.545280064938894582e-01
2.641514766703204758e-02 3.372196131866422308e-01 9.426471998643148886e-02 3.029356316300146901e-01
2.308052107811465331e-02 3.174411180197624915e-01 8.689846148914857904e-02 2.820179806977043957e-01
2.417775716638200997e-02 3.424185615022823925e-01 8.078595896468290793e-02 2.647528202975913403e-01
2.579972698322758815e-02 3.267785755706154593e-01 8.718766155012928898e-02 2.610959828097080826e-01
2.696364640731418669e-02 3.200651223063524231e-01 8.438507336711877083e-02 2.927249107806890738e-01
2.595287092844103527e-02 3.200033239485309267e-01 9.370262420240577095e-02 2.689089630584027280e-01
2.539214924339920285e-02 3.516734140957414878e-01 9.008121631109793082e-02 2.826333135361798199e-01
2.765201165687352497e-02 3.354095172182893769e-01 7.242463310066472870e-02 2.926050550136804485e-01
2.611970883973107477e-02 3.367186424771230757e-01 9.159000624378307864e-02 2.824674053495089265e-01
2.577771716104364230e-02 3.331591795503683340e-01 8.451246209600542236e-02 2.407436908276732734e-01
2.524364544507675875e-02 3.443557575286399497e-01 8.299759769147688204e-02 2.855961094573969961e-01
2.654469586102040438e-02 3.533855918524780315e-01 7.714275056871686131e-02 2.676332633518085369e-01
2.567209179718248080e-02 3.861822913293113668e-01 8.498960571868861835e-02 2.703322278072469165e-01
2.551736231595134671e-02 3.515767591997120967e-01 7.836509980200537240e-02 2.998548421103540695e-01
2.737431684862412506e-02 3.561864987701056640e-01 8.933031450358130954e-02 2.572106625983665573e-01
2.637644704835606646e-02 3.522189096754548832e-01 8.641764561779984033e-02 2.750016438682215680e-01
2.475358157277976132e-02 3.459344286465518836e-01 8.323674236149075645e-02 2.966377757617026933e-01
2.307347294019864575e-02 3.431292442076577798e-01 8.468970985686156971e-02 2.907472053965853842e-01
2.636507572972619090e-02 3.567348706790662849e-01 9.760239054428633543e-02 2.642823661210266240e-01
2.604592964782239534e-02 3.611481117175794897e-01 8.668738658870250857e-02 2.726061842829655690e-01
2.473753181346113536e-02 3.445423459833474866e-01 8.334017224105444432e-02 2.708340233168948785e-01
2.483741473869426411e-02 3.469100255633266738e-01 8.664724611877820670e-02 2.877334360025921023e-01
2.556792001859694088e-02 3.244717144053454461e-01 8.720679738156938976e-02 2.630148577204938776e-01
2.457180906828433306e-02 3.718966395396551272e-01 8.737725773318676115e-02 2.789468703948691508e-01
2.419280678176715868e-02 3.530150473222943286e-01 8.644387811892671747e-02 2.526961213686231278e-01
2.354115105017221682e-02 3.553406068837550724e-01 8.617514597585151925e-02 2.698886131758162499e-01
2.490838616055253418e-02 3.252530907082514799e-01 8.137495225872297400e-02 2.653360645850757482e-01
2.402717001574287276e-02 3.484215760624188585e-01 8.939219768528530730e-02 2.905929448189639719e-01
2.261121791981856102e-02 3.249548893129621252e-01 8.651630218868146260e-02 2.464264273798780769e-01
2.532550730512559550e-02 3.197053021446173426e-01 8.320709195287427640e-02 2.790619552936815517e-01
2.387141334077906921e-02 3.246748129286754492e-01 8.915019491989491229e-02 2.742466971481948845e-01
2.406723808758855221e-02 3.549479102993285951e-01 8.281699184730917374e-02 2.693230094380447137e-01
2.367052810656240791e-02 3.673797375704373480e-01 9.384933984360194215e-02 2.959116673262955355e-01
2.553373638570699197e-02 3.630240403440511687e-01 9.268767662672894314e-02 2.803148369182838495e-01
2.449900017217098575e-02 3.290024932523887835e-01 1.017468851994226542e-01 2.807272729035166781e-01
2.644454524777267376e-02 3.582553410711293851e-01 8.189090466198942209e-02 2.562780153415538664e-01
2.319170123429793381e-02 3.133254771429419550e-01 8.975930471388120224e-02 2.823256762767349937e-01
2.378249608655510355e-02 3.346390493814119793e-01 9.026642486812504196e-02 2.746320168991463473e-01
2.276995260363586307e-02 3.212798361168985872e-01 9.088912272339447207e-02 2.715587731987006981e-01
2.405801336410974892e-02 3.129975100516705910e-01 8.358562848475252494e-02 2.757831413696077982e-01
2.431126505246141226e-02 2.968899219941795731e-01 9.170298911553226295e-02 2.710229557524762578e-01
2.534831865309970789e-02 3.203005192918965682e-01 8.657140334044734209e-02 2.502718429265501365e-01
2.471208553264644600e-02 3.286018641742380342e-01 9.045206386007897947e-02 2.582338101283194187e-01
2.694042925412540659e-02 3.596263560796931213e-01 9.728940260194791911e-02 2.813721258604298670e-01
2.394840449463683449e-02 3.356574493510532387e-01 7.382192086960934208e-02 2.730265958371725921e-01
2.174683069869279631e-02 3.013957845292842830e-01 8.043937575167217635e-02 2.747046630702917880e-01
2.156432437894659215e-02 3.294246467690564728e-01 8.497158183936723286e-02 2.538290396937730176e-01
2.317350716406576736e-02 3.424154539102395312e-01 8.963986672183517357e-02 2.676667254694499731e-01
2.497951635473722939e-02 3.148027482975214175e-01 7.689698125344800184e-02 2.638229700166783154e-01
2.410631896767527135e-02 3.008173191430175142e-01 8.450156187704502275e-02 2.737593072897814284e-01
2.461857031511375388e-02 3.326954131804639170e-01 8.541053045608071326e-02 2.849968020962949100e-01
2.465861418943132710e-02 3.346084588303068208e-01 8.348724337208239532e-02 2.765017211480465531e-01
2.468961360926680629e-02 3.373972778572481013e-01 8.261482104456581432e-02 2.948641279043097141e-01
2.376194951033078553e-02 3.248458024135905120e-01 8.528174793250456465e-02 2.662745145919420131e-01
2.486891545985610297e-02 3.074309583060330642e-01 8.330104580292974070e-02 2.721928083415420252e-01
2.487496303691232383e-02 3.243278850534198621e-01 8.578413137857834880e-02 2.962012693641141725e-01
2.284005832143497228e-02 3.005723943438404211e-01 8.386220732461968641e-02 2.639014072310996717e-01
2.461825495087262630e-02 3.278176879690026246e-01 8.139702837824502879e-02 2.650604242779477926e-01
2.314895455561594845e-02 3.092670777622831269e-01 7.916677561288754106e-02 2.536434907998504351e-01
2.244261787813714090e-02 3.200902844890241017e-01 7.797729938411142314e-02 2.926092927832503743e-01
2.335226783063141381e-02 3.426171396883257447e-01 8.627383101640188900e-02 2.715655164739849137e-01
2.430922684267648043e-02 3.018028605235644202e-01 7.936182892239275477e-02 2.891077363261206901e-01
2.597671614157232023e-02 3.216575351711499775e-01 8.412071342478062708e-02 2.536465926264007131e-01
2.417077201631473438e-02 3.117134315557644197e-01 8.206239877981717779e-02 2.703301144289515512e-01
2.386843259477833268e-02 3.368362929463948885e-01 7.636207012807182115e-02 2.628133623040670441e-01
2.656324733304933280e-02 3.170033969901995263e-01 8.244458469884925755e-02 2.723949803392001212e-01
2.256014040660060671e-02 2.920750948919966783e-01 8.267245951747488608e-02 2.676308875113715402e-01
2.575939446854588061e-02 3.137147859335675526e-01 7.876648567741628693e-02 2.855598457121878431e-01
2.310353112660049404e-02 3.115703279726425579e-01 8.102445200637045652e-02 2.721360186459605979e-01
2.265751872716564863e-02 3.262832116983775954e-01 8.344179771966633852e-02 2.707645154914238850e-01
2.307191642175783486e-02 2.928405058313600651e-01 7.992741347682405517e-02 2.824432097539511521e-01
2.529996112239317474e-02 3.295291867620772641e-01 8.303792910296584062e-02 2.548170872714016766e-01
