1.000000000000000000e+00 1.000000000000000000e+00 1.000000000000000000e+00 1.000000000000000000e+00
2.747945562537438491e+00 1.796909351929593557e+00 1.707392169920448396e+03 3.595981920131463561e-02
1.949437258902159797e+00 1.499171548542576060e+00 1.354885430542339009e+03 3.196267810880254467e-02
2.088589599848535094e+00 1.513386474206759091e+00 1.503020982692574535e+03 3.550428521691970790e-02
1.730802598024262728e+00 1.327510821826751730e+00 1.148127360212718031e+03 3.279760648886469176e-02
1.630088317434267964e+00 1.507050862695208382e+00 1.342000818948646156e+03 3.438501287109937965e-02
1.663922029369595545e+00 1.467282935093101148e+00 1.179460201017482404e+03 3.318325191618674841e-02
1.665823192159211930e+00 1.391327586673830385e+00 1.208352704102766211e+03 3.354104981554138082e-02
1.434604152729677562e+00 1.340068681088150360e+00 1.129870989602097552e+03 3.390292313725443846e-02
1.325721698602288390e+00 1.303979674688914292e+00 9.929695335042425768e+02 3.317431168989652679e-02
1.172871381327627027e+00 1.293749336632677771e+00 9.709973473014823639e+02 3.401695241760690352e-02
1.135452583300138985e+00 1.043726574885735614e+00 9.455110738523510463e+02 3.416002506301959313e-02
1.114659339543062178e+00 1.097145183014644143e+00 8.824036661141217337e+02 2.887238825251710328e-02
9.688245047097608920e-01 1.018178254996196408e+00 8.481651630238833377e+02 3.371416470419375672e-02
9.738699956943608349e-01 1.081550107487954993e+00 9.251823091269500310e+02 3.563412205531092669e-02
8.144734074572036464e-01 1.133415776322984181e+00 7.971882858773333282e+02 3.148825399906284017e-02
8.217068041078876561e-01 8.974780953242079695e-01 8.307144110481757480e+02 3.200242130453310324e-02
6.932079260315380242e-01 9.765888351878492246e-01 7.482334983223024665e+02 3.624561838279773129e-02
5.834958598965114263e-01 8.868744316667132033e-01 7.300044305073158739e+02 3.388704603846814239e-02
4.784702097080251182e-01 7.646317867991831996e-01 6.305150172273796443e+02 3.685632465798079072e-02
3.784102440785055421e-01 6.263838696593034827e-01 6.133318113548021984e+02 4.219491376859866444e-02
2.745317663994333857e-01 5.510676606716283787e-01 5.205597743482684336e+02 4.066952841729670060e-02
2.929238536161759554e-01 5.885082482843502216e-01 5.210783787917789596e+02 4.238840696438810757e-02
2.622901772264740750e-01 5.063613974815951435e-01 4.996745347708017562e+02 3.893206646461828263e-02
2.788988918928488325e-01 5.309704379596661417e-01 5.240250997117082079e+02 3.833481815559234424e-02
2.715455435483407620e-01 4.749810250320782856e-01 5.379567833867072295e+02 4.116895891869084417e-02
2.610508705687940023e-01 4.820559823981322434e-01 5.614558583133479033e+02 3.933001580627398797e-02
2.680345063983144427e-01 5.534632851272506260e-01 5.440431322551991116e+02 3.735283372983926042e-02
2.536875298165169879e-01 5.178439709247997236e-01 4.801717834687793811e+02 3.760694612467629233e-02
1.959215143387269542e-01 4.798406701570067101e-01 5.031633505136266535e+02 4.038737210388410048e-02
1.985561247203133373e-01 4.668176005413297580e-01 4.509532243798478817e+02 4.308715774165142176e-02
1.814712141007694401e-01 4.580819907111359779e-01 4.846412962153734156e+02 4.220125641879284017e-02
1.907577586692277005e-01 4.732037824654415914e-01 3.915930663642676564e+02 3.894595580590065609e-02
1.876947010919931824e-01 3.976116479473825738e-01 4.514806756796526770e+02 4.120133122795288649e-02
1.818085820477308434e-01 4.574406920549238253e-01 4.077987702628699935e+02 4.212703245341979652e-02
1.819079597234210532e-01 4.229189699985343998e-01 4.477652143463731704e+02 3.659338630146441451e-02
2.059700164373381714e-01 3.858352042051650943e-01 4.078977692062607048e+02 4.544154116140022154e-02
1.769602642467950349e-01 3.994484516127609353e-01 3.882659956607610638e+02 4.481191152370474912e-02
1.007219901407173379e-01 1.929219583137848082e-01 3.066197216335161215e+02 5.506237329461038249e-02
7.777655809387873376e-02 7.898456604727135955e-02 2.196703881109174006e+02 7.080890608380614737e-02
6.456422463076304241e-02 6.389924868712991424e-02 2.158589271905084104e+02 8.933524446893098547e-02
4.706019276483764530e-02 6.989584582576886806e-02 1.552336634314715980e+02 1.408512801706157114e-01
4.617755272511941261e-02 6.508304905995536405e-02 1.350650029673080894e+02 1.225297578614310406e-01
4.509271630027874428e-02 6.360555070269993672e-02 1.428029205981277983e+02 1.236326929311897665e-01
3.982465171853152158e-02 6.555949154009069191e-02 1.226676646716014858e+02 1.429364215639411795e-01
3.976470308820435201e-02 6.210191167827157355e-02 1.352366204473190123e+02 1.435535108952787076e-01
3.360349937022732297e-02 6.380103653416401011e-02 9.007039045980918957e+01 2.055492571106395661e-01
4.019702314893024153e-02 5.983944897103542215e-02 5.542144515082382839e+01 2.652497350928900155e-01
3.563566926311283883e-02 5.652486114884994889e-02 5.412676895589355297e+01 2.626404420859596578e-01
3.698416178612883021e-02 4.828194716128316605e-02 5.068675862512548491e+01 3.040594741806973422e-01
3.846080097709909246e-02 5.002290068608118700e-02 3.480649126379948655e+01 3.278031609090680809e-01
3.927466598759776079e-02 4.988695227741615779e-02 3.821549133511162921e+01 3.080968965883145727e-01
3.853227271023911688e-02 5.201582728397269317e-02 3.477986764519434359e+01 3.200066079396018393e-01
4.392252735196999769e-02 4.794967033070064721e-02 3.286306113114948602e+01 3.595186367092377822e-01
3.715380168627869378e-02 6.181457742693682172e-02 1.900416958121586575e+01 3.579287129746936968e-01
3.925124690117390985e-02 6.589202813474535902e-02 1.761748048153474500e+01 3.327924616189575358e-01
3.603528442943487037e-02 7.356919293107949676e-02 1.452628095184022250e+01 3.790732878831417629e-01
3.756702170518015638e-02 6.528024077385799484e-02 1.561156657227528832e+01 3.494587385241617050e-01
3.930078552419374871e-02 6.147229705603932809e-02 1.563417161142218426e+01 3.304320030823941212e-01
3.802781879258022163e-02 6.532185573540404133e-02 1.580327065906688766e+01 3.240408914413019370e-01
4.038452578238097002e-02 6.503894739096897915e-02 1.426495310768494917e+01 3.106089641976921278e-01
4.027115999568693649e-02 6.581166408552675817e-02 1.308228614988276384e+01 3.168172639484657660e-01
3.689947289840261879e-02 8.812486401905914035e-02 6.530803795408428591e+00 3.976528942702345359e-01
4.116477989842675517e-02 8.137246076199332323e-02 6.499907988180561702e+00 3.735646141584986757e-01
4.034761148439572342e-02 7.196186877573872154e-02 6.527129536481653282e+00 3.648910196177602705e-01
3.979506072231827479e-02 7.142218811184944394e-02 6.559823319862854163e+00 3.787898019891146051e-01
4.231383022813162836e-02 5.655258724007496823e-02 7.888099904515743610e+00 3.499965632322771247e-01
4.906078538497941899e-02 5.427743949086556718e-02 6.280540183258622733e+00 3.536630275453523931e-01
4.588086541294002924e-02 5.685651364059113311e-02 6.697151310163873106e+00 3.965377052644309397e-01
4.946713648094774179e-02 5.447185688639456097e-02 5.928380653229428532e+00 3.604509067109764042e-01
4.345600011528696904e-02 5.668590056770160535e-02 5.981205475520988912e+00 4.017025070492147854e-01
4.572315218058607689e-02 5.519006626213932704e-02 5.905896866498338227e+00 3.663027562563762607e-01
4.178836138728710126e-02 5.564690256249701233e-02 6.696540208439087039e+00 4.561020723659629517e-01
4.376171026165295852e-02 5.202188424675201206e-02 6.241720241110169987e+00 3.671935276675823978e-01
4.953729631888751511e-02 4.889952798910120191e-02 6.301434626714975451e+00 3.868102084811397279e-01
5.145279261282754285e-02 5.221082956620762966e-02 5.989992916890537700e+00 4.017843390350248067e-01
4.835787458072979966e-02 5.058878922272774803e-02 6.528573539656116864e+00 4.169246786567960550e-01
4.270304043587477144e-02 4.765071266341339151e-02 7.195674459771873366e+00 3.659358556796827311e-01
3.954215337807386044e-02 5.507378079732686005e-02 5.263779654071005787e+00 3.821969282129824563e-01
4.285626979822316357e-02 5.026288218936449809e-02 5.238784568839486511e+00 3.219830451904484581e-01
3.904790046687182242e-02 6.378911913646555243e-02 5.234678412048076268e+00 3.247427778916693319e-01
3.904417264933507381e-02 5.886840103905800065e-02 5.486209813018464665e+00 3.526328130239562153e-01
3.637265209815068734e-02 5.496126015013654692e-02 5.107620595726907631e+00 3.613207799320793945e-01
3.778339210944858112e-02 6.451335882566057445e-02 5.015737362174831127e+00 3.721022820265332820e-01
3.776044235838274532e-02 6.027594467917465892e-02 4.609514531245770819e+00 3.591446898895930273e-01
4.023590570411793993e-02 5.302181773778241042e-02 4.549700225048186830e+00 3.615370576600592245e-01
4.285861716815828754e-02 5.545210319037096464e-02 4.254575055546828466e+00 3.528962262760234059e-01
4.176699143834208122e-02 5.691072132784026627e-02 4.489689063650187606e+00 3.837075516601662351e-01
4.181219352855086030e-02 6.061049639577720249e-02 3.940218968941791466e+00 3.454834872710734750e-01
4.113116061911773619e-02 5.243449284611893108e-02 4.148789262252617682e+00 3.640878221195140707e-01
4.235195576075028584e-02 5.269783619358553439e-02 3.815497334988776412e+00 3.877879143168926901e-01
4.085538923633756647e-02 5.335893742632460274e-02 3.544341275816777159e+00 4.202566002757430752e-01
3.944451854038727445e-02 5.287442219056408960e-02 3.950879397299512430e+00 3.801010978475994340e-01
4.058213555061773725e-02 5.164134007422818695e-02 3.569518162802991945e+00 3.448603046923778281e-01
4.665723071743489020e-02 6.046525263407859230e-02 3.520440419356800632e+00 3.353449114806247300e-01
4.383995226233809717e-02 4.854736740291189234e-02 3.301151131769978875e+00 3.921976121942169491e-01
4.498019474548094199e-02 4.409582552380676007e-02 3.246153800163718905e+00 4.017821763372760868e-01
5.262035646337015482e-02 4.121066638125468057e-02 3.394109336750227079e+00 3.879605391549139637e-01
4.795315637278086546e-02 4.319800371050081661e-02 3.371287307394634780e+00 3.783665509992270026e-01
4.911514600165918509e-02 4.674689191723704201e-02 3.226604754928523722e+00 3.865418491719462279e-01
4.955530310072881611e-02 4.492242750275772523e-02 3.356661200155913516e+00 3.986723435110944291e-01
4.453655093939853232e-02 4.793743047067531432e-02 3.167489027400654855e+00 4.329450322003675078e-01
4.799042431007013304e-02 4.428460956509961549e-02 3.158090933585826932e+00 4.281528957459754814e-01
4.930913522136520788e-02 4.699028621662003358e-02 3.178352316602120364e+00 3.955704026962114650e-01
4.342225190462367657e-02 3.975147191313364164e-02 3.331063314719431734e+00 3.947352310869821079e-01
4.529536560599007472e-02 3.912515066975928713e-02 3.141479906828152036e+00 3.879234307088880174e-01
4.649421839035157433e-02 3.795681418511436672e-02 2.978506846006550912e+00 4.010215133884791339e-01
5.046326829329037672e-02 3.712768021561291959e-02 2.773175438762393696e+00 4.308603360725951070e-01
5.426597096502869949e-02 3.701995052123364938e-02 2.882788871143743492e+00 4.018891002114050592e-01
4.909861249623641288e-02 3.531904460899766562e-02 2.777648010814834034e+00 4.754730005654025926e-01
5.072000940456600909e-02 3.581346894752730770e-02 2.898429950991135318e+00 4.613528754531165954e-01
5.125991716852457136e-02 3.352061398395903696e-02 2.887019011647895095e+00 4.440670682218782472e-01
5.300221047520092821e-02 3.400287302848424564e-02 2.601277327532670824e+00 3.964552993731609298e-01
5.200651241417914711e-02 3.481663026219447565e-02 2.367448428549677519e+00 4.275514870661347722e-01
6.221642742562391581e-02 3.521745518112814194e-02 2.490897769019529306e+00 4.126015792818229500e-01
4.713117778057256124e-02 4.021182845263047284e-02 2.043408301124594484e+00 4.171168535763078999e-01
5.225315876206195614e-02 3.598804761123213652e-02 2.176578297323823019e+00 4.591175397764230559e-01
4.611100610438471914e-02 3.916169884817424091e-02 2.231264511927219640e+00 3.898704831573003293e-01
4.184037404922379133e-02 3.896934968017274487e-02 2.231212549161678549e+00 3.805507196876051212e-01
4.254359244641428561e-02 3.870359842812693546e-02 2.150034631301744881e+00 3.950238842061701283e-01
4.613501544882930849e-02 4.224919240861844949e-02 1.909647661833123955e+00 4.062354837453853729e-01
4.348118754207511150e-02 3.752015075243676084e-02 1.602033645355782632e+00 4.075353007677771644e-01
4.908556860161555208e-02 4.046126472678952812e-02 1.509482844999821216e+00 4.097522574855562150e-01
4.407941008845844139e-02 4.240859286571354442e-02 1.623175246395120119e+00 3.796972510150247171e-01
4.176541989216774747e-02 4.854302324468807300e-02 1.523466598697353902e+00 3.764426185585258988e-01
4.514478929094354470e-02 4.096553396351686888e-02 1.290940854040785402e+00 4.163656911285768536e-01
4.693440214068463068e-02 4.289742698113035296e-02 1.318463409717133272e+00 4.091501329696387024e-01
4.169691200516679325e-02 4.025211223652152420e-02 1.390854457168965830e+00 3.749400810043186927e-01
4.552320564506644185e-02 4.164203829746298408e-02 1.276188865102306114e+00 3.772229821930228044e-01
4.667561880557476173e-02 4.325202557160903044e-02 1.389148894998363692e+00 4.085345985176673800e-01
4.459947938030949660e-02 4.011257303106613437e-02 1.291731615712739423e+00 3.676882537363131975e-01
4.679430196845009438e-02 4.245792142197013508e-02 1.220769209600816918e+00 3.638289312442472001e-01
4.845383780481837821e-02 4.142902131619442818e-02 1.283334154154027962e+00 4.187233733562079618e-01
4.518317486751344259e-02 4.182525201503273921e-02 1.168755001467284060e+00 4.273988828414454488e-01
4.551346933895328989e-02 3.638265438085424436e-02 1.228220164408904358e+00 3.866414997640866269e-01
4.254321910721043515e-02 4.017291648389900716e-02 1.103984039299215514e+00 3.637511960020458068e-01
3.977759568145115138e-02 6.710723041504218500e-02 6.228691675360886748e-01 3.938536265784597923e-01
3.848946479186315245e-02 6.286254613155707605e-02 6.221376841587678008e-01 3.699705325134474698e-01
3.967580747919984691e-02 5.753862309460799906e-02 5.894347860835157382e-01 3.683569821217977935e-01
3.718181665475710218e-02 6.140012195539460566e-02 5.539940384989601174e-01 3.934857696544433736e-01
3.877302104539763483e-02 6.513093475126803533e-02 5.015785700268268199e-01 4.005691668094025215e-01
3.658334706907261785e-02 5.727810781710562793e-02 5.456862894978251610e-01 4.358218247757804087e-01
3.886378672117801053e-02 6.819766031790729099e-02 5.635331780493362253e-01 3.640125898312315256e-01
3.912719176868773713e-02 6.666028742886209724e-02 4.306876299917628548e-01 3.370138184744153609e-01
3.637458572694957787e-02 7.266201461291575681e-02 4.326803935156794956e-01 3.231541828892616763e-01
3.471714015208006432e-02 6.761871959041289293e-02 4.436553842026140781e-01 3.672669756286039422e-01
3.393234553173529039e-02 6.510192942486145440e-02 4.411281209260575209e-01 3.713605527925284977e-01
3.667681240139722409e-02 6.357742969295392121e-02 5.176993241331205864e-01 3.497045874843803248e-01
3.786208935222206556e-02 6.274709863872006410e-02 4.471166372685538293e-01 3.699665823787682273e-01
3.566357871033599969e-02 6.801912077332701589e-02 4.083371556912971378e-01 3.630525708685083397e-01
3.651737342547573678e-02 6.445063481982732378e-02 3.997158820199048779e-01 3.578396710436336781e-01
4.030364812111952855e-02 4.651301789904396106e-02 2.574286090863961984e-01 3.626514450578818827e-01
3.861827817997778856e-02 5.112873513942031711e-02 2.457657933766130287e-01 3.893157009762210352e-01
4.049249314393666560e-02 4.483656437090142999e-02 2.174265087577397226e-01 3.632628178712489775e-01
3.782469445334384062e-02 4.452852291218136610e-02 2.127838369239247740e-01 3.263413624896795429e-01
3.798596654733180089e-02 4.507114921852276024e-02 2.193058462308287992e-01 3.743160694136433708e-01
3.968012017774145278e-02 5.089692462504408904e-02 1.964275095251641623e-01 3.596390848939832741e-01
3.907722744615153843e-02 4.565709972731139127e-02 1.983291655655915198e-01 3.764461446627234142e-01
3.843746268102798264e-02 4.536626602423541460e-02 2.110300221009930588e-01 4.070812924128661692e-01
3.727084570098628674e-02 4.902132875525789385e-02 2.083137343710985967e-01 3.889590823913595119e-01
3.627981759449627752e-02 4.689294796510837943e-02 2.088134177910559997e-01 3.440176841459474111e-01
3.670191051350486788e-02 4.770921129890541568e-02 2.089711276530880624e-01 3.899145744378695322e-01
3.831997656654746731e-02 5.095804100158824596e-02 1.824860509039502310e-01 3.670288277708028124e-01
3.823745895579808152e-02 5.771129359864871078e-02 1.735533828006221024e-01 3.304195709497658728e-01
3.795999213695900459e-02 4.953104144125358016e-02 9.543109242598801778e-02 3.411114464365195831e-01
3.629886300507392111e-02 4.888149046523031227e-02 9.077287737576480997e-02 3.738530900644738142e-01
3.968722270713943845e-02 4.837054634439593576e-02 9.286976572136403096e-02 3.520619173879124264e-01
3.701155043072743706e-02 5.049037022492831178e-02 9.629125531042820318e-02 3.436630537287037601e-01
3.668816511990841828e-02 5.374569057070194972e-02 8.678394178592539754e-02 3.771879191023608247e-01
3.690806653842039486e-02 5.137592609149627815e-02 9.564441745625404390e-02 3.430720045636873050e-01
3.639758019777562109e-02 4.713558928586526753e-02 9.476316741364085305e-02 3.864802898641854778e-01
3.552020458370135081e-02 5.420065886847560271e-02 9.873546665095815633e-02 3.521430665136023319e-01
3.379391583834524121e-02 5.078205408960915351e-02 1.002327980595816848e-01 3.400008087342414331e-01
3.912089949875058315e-02 5.228456697840075384e-02 1.006614127199485786e-01 3.334797687892508411e-01
3.601479603957345038e-02 5.458812362437791277e-02 9.752639729407573677e-02 3.666468310862842084e-01
3.509581166990054235e-02 5.528146762382121077e-02 9.839553467097456041e-02 3.598072212125130176e-01
3.811116819772129155e-02 5.099001588779342176e-02 9.966618415691805288e-02 3.483511093968423844e-01
3.446746852543366990e-02 4.969263381632324506e-02 9.970119826649884165e-02 3.696023324629793549e-01
3.571737025321379544e-02 5.050978998608164627e-02 9.593920529815312681e-02 3.495797744955552733e-01
3.628358199136594991e-02 4.740226695799278078e-02 8.859494797609038241e-02 3.449886823826686655e-01
3.712061791738598127e-02 5.223723719994845249e-02 9.578210253371659266e-02 3.660522513068208417e-01
3.603417378836222540e-02 4.453901923920199762e-02 9.341572908032849676e-02 3.702806668591257511e-01
3.673055742756045627e-02 5.168477782394133996e-02 9.519484406380958330e-02 3.508005526930542128e-01
3.158310966333544023e-02 5.264664621729498589e-02 9.689596837526279205e-02 3.144729432552156312e-01
3.583114188820505502e-02 5.053311777190865051e-02 9.408415918459164806e-02 3.333954390371330900e-01
3.529698818923487913e-02 4.822154772108309950e-02 9.736546605845396163e-02 3.664274750143222126e-01
3.418059268858014005e-02 5.202742144510102973e-02 1.016564390757146302e-01 3.542040859690636645e-01
3.328600388844316083e-02 4.987901869101074581e-02 9.387779119681599616e-02 3.243671917024967821e-01
3.479170613006719870e-02 5.588423619775539919e-02 9.198630953016032064e-02 3.667513679854164654e-01
3.357631754987609740e-02 4.928479386117539524e-02 9.638888833030001546e-02 3.880860658395494101e-01
3.372086832029037168e-02 4.955357579810798496e-02 1.028568647166088479e-01 3.600810346026356856e-01
3.681560622566332902e-02 5.108782988316337703e-02 9.981353628073885709e-02 3.503538695563257477e-01
3.632717186975430168e-02 4.438321484253254789e-02 7.983832400198849488e-02 3.488923839435306706e-01
3.757029759347546571e-02 5.175957352803754047e-02 9.340916047742409134e-02 3.696334924659940291e-01
3.551892726522527105e-02 4.762638431990329213e-02 7.992213026030409173e-02 3.661163472756627235e-01
3.550159282515365222e-02 5.086608942326534266e-02 8.599751966355717592e-02 3.737743674347420164e-01
3.360664429104390921e-02 5.440865236413082451e-02 8.779093616675434641e-02 3.445784894872370718e-01
3.259839701523125494e-02 4.757124929615467318e-02 9.271243950098567721e-02 3.704030820276320579e-01
3.437512338817720614e-02 4.512001028276987902e-02 8.823326618703832003e-02 3.739435035494127479e-01
3.764638579354714215e-02 4.389244148741734686e-02 8.727373330106889815e-02 3.398143295887046111e-01
3.303488134146670419e-02 4.958873658580398303e-02 8.619735798360537993e-02 3.976709053071079136e-01
3.493488668628985661e-02 4.980446042610899710e-02 8.573853346012691445e-02 3.615921722682458594e-01
3.156367911293441603e-02 4.461872448638398020e-02 9.201656365200251708e-02 3.569064590759311595e-01
3.339803246360031896e-02 5.226082720018555838e-02 8.719595342045800834e-02 3.349196299340345129e-01
3.402192989832659997e-02 4.470264644323672376e-02 9.159174417880723562e-02 3.374845466627588442e-01
3.478967644886811483e-02 4.964049239601423663e-02 8.726173289483589446e-02 3.620517414403203738e-01
3.514564337460026472e-02 5.066178086602815545e-02 9.356347521297496417e-02 3.727534833106765921e-01
3.360014956013779308e-02 4.857422343989960950e-02 8.963683532305399826e-02 3.418817900196884363e-01
3.418768157853996348e-02 4.797847988058579621e-02 9.284506629459571281e-02 3.415176784225820161e-01
3.882084315302081201e-02 4.361746005999117548e-02 8.677393944802194725e-02 3.451337164627705234e-01
3.738811234617088475e-02 5.129327575665162953e-02 8.372647960382242904e-02 4.034708851517900263e-01
3.421287943199215892e-02 4.770565280796271873e-02 9.603191962765428302e-02 3.725695945681600785e-01
3.367151103592849054e-02 5.016086012741306777e-02 8.784370161246114750e-02 3.435121626622687496e-01
3.134178182662476081e-02 4.433849041067586261e-02 8.683888479664875204e-02 3.259453450556546450e-01
3.481643704408200063e-02 4.579770404760334646e-02 9.186974133452684155e-02 3.711165985926221378e-01
3.324840623559380259e-02 4.790942548732211176e-02 8.386992618897366747e-02 3.445366309635206070e-01
3.770341829138183082e-02 5.007240410188971286e-02 9.009811875398418546e-02 3.794260935872752483e-01
3.402257108464503549e-02 5.324467379155201074e-02 9.229204882685615452e-02 3.151307118570908505e-01
3.255768390798833428e-02 4.845631381229738993e-02 9.170474203543040048e-02 3.407506465428359332e-01
3.425093869496322746e-02 5.090523345360215002e-02 8.827583585929948962e-02 3.247433126328208575e-01
3.336494005361032716e-02 4.522146085948601513e-02 9.543450332746949982e-02 4.098279540160437717e-01
3.052260334508236431e-02 5.071918191010146848e-02 8.792420866251379752e-02 3.543096256170946146e-01
3.693636873862465170e-02 4.894450769061696460e-02 9.033260817371638329e-02 3.479675945719735708e-01
3.620586038721003430e-02 4.691485094105177223e-02 8.824112865100265657e-02 3.325379346271951642e-01
3.408101659978664960e-02 4.450313797299621649e-02 9.122368255588741981e-02 3.879922266748923043e-01
3.566819549210167167e-02 4.757379236921546045e-02 9.186551600788067651e-02 3.530948045343476616e-01
3.499967442709316090e-02 4.864617019344538718e-02 8.376755776074674975e-02 3.520091555816600715e-01
4.034253073049518662e-02 4.833454837733412723e-02 9.104582080131831678e-02 3.392091594822764233e-01
3.820867237201625716e-02 4.515136918659239801e-02 8.578980109024746115e-02 3.768975020149372135e-01
3.407604527623937785e-02 4.934717526043812252e-02 9.677789941462199008e-02 3.292257359257927951e-01
3.618549654026154139e-02 4.434006136671487380e-02 8.965841602076181360e-02 3.563209538757730610e-01
3.672216243487363280e-02 4.774464100638058789e-02 8.950453946512737513e-02 3.420657187624665529e-01
3.491067165009338613e-02 4.946384669518311822e-02 8.613130991859571650e-02 3.451469023435558836e-01
3.718853769908465196e-02 5.126795902601749555e-02 8.829041793249611803e-02 3.563780431135429860e-01
3.815811782100959892e-02 4.588642351114344264e-02 9.529160143631555668e-02 3.281941296306207234e-01
3.251640685573262829e-02 4.937463328435481164e-02 8.868688866199649079e-02 3.475127542569861339e-01
3.522598508874808659e-02 4.891473416536298163e-02 9.049263770289286968e-02 3.623234690686103487e-01
3.466046089452576306e-02 4.258782980677067176e-02 8.946389175739682953e-02 3.709356199513966224e-01
3.229775986344815553e-02 4.503247334234802141e-02 9.154385801072403850e-02 3.586012646345808630e-01
3.451840930129565499e-02 4.495656487995699363e-02 8.607685618234925395e-02 3.624965431907419267e-01
4.475125357933384257e-02 4.069235335874094722e-02 8.213002732421659235e-02 4.041497012322409765e-01
3.653662037936205448e-02 3.817432675010891396e-02 9.089589201179723577e-02 3.996120878290131961e-01
3.777277394041920339e-02 4.074603654757284060e-02 8.518259473543383919e-02 3.745705640931530911e-01
3.863105823653372600e-02 4.181110798478876456e-02 9.205731486640141015e-02 3.807522929687054969e-01
3.759623609298107239e-02 4.081508330124583583e-02 8.998608748061852347e-02 4.101390371418307534e-01
3.513386994757937420e-02 4.109880540817283795e-02 8.628636348513098187e-02 3.806963984401304790e-01
3.963574426798360112e-02 4.436921951405118497e-02 8.414869317395214099e-02 4.080777052859430598e-01
3.943834770925207234e-02 4.220767070941477961e-02 8.426936033427158412e-02 3.894894727066502971e-01
3.918936456962310300e-02 4.140606373629474729e-02 8.617126962406247703e-02 3.727413736552595003e-01
3.822893666309677002e-02 3.946089514343523175e-02 8.628409835920457238e-02 3.804772119851770329e-01
3.687492024378623279e-02 3.938763971025339289e-02 8.209490754639599264e-02 3.745389937934876512e-01
3.951789269619940259e-02 3.965005036546626754e-02 8.762878175282699800e-02 3.916873143934674895e-01
4.266502660127256819e-02 4.497342828148012672e-02 9.316274361656683156e-02 3.904403367030256367e-01
4.127807819539569545e-02 4.105718982384812948e-02 8.507537761085959271e-02 3.781206444366398411e-01
3.990003882897735776e-02 3.920479242535710590e-02 8.418323262919404082e-02 3.761956298242003505e-01
4.200961222018559371e-02 3.865328278849507193e-02 8.474637584620334230e-02 3.830745366671053365e-01
4.222586563005250454e-02 3.951279965458180665e-02 8.229712906019008567e-02 3.978368520164618505e-01
3.940424150156419253e-02 3.846383903059510251e-02 8.716221295834999938e-02 3.605089585586951362e-01
3.919332103207933543e-02 4.165299616666218174e-02 9.112903964172076876e-02 3.565759595203948362e-01
3.930617397302604149e-02 3.931318189844891509e-02 9.299726433819838212e-02 4.009868875013513634e-01
3.787151099601920173e-02 4.282915501075244824e-02 8.340931074087182262e-02 4.068057340369843344e-01
3.961833086756461064e-02 3.762061448305280970e-02 8.436064383335266370e-02 3.564067842457392388e-01
3.685351701216527109e-02 3.950869600768901896e-02 8.120740928779703049e-02 3.710177533228959379e-01
3.691168125082458507e-02 4.100274210329299396e-02 8.902095478740736090e-02 3.902268671810009137e-01
3.608860957816235893e-02 4.277227387883331816e-02 8.313525677954820836e-02 3.701315251287308206e-01
3.558267263884015708e-02 4.079329003281821631e-02 7.952164892665128382e-02 3.882789910207914974e-01
4.182655919416032597e-02 3.973507277673223731e-02 8.289095484673035530e-02 3.911747710369484210e-01
3.594786413526637747e-02 4.045624910416032588e-02 8.524782097272837200e-02 4.103861240352520978e-01
4.102274910517152151e-02 3.733095888386676192e-02 8.626740933479425111e-02 4.096691172903687006e-01
4.105094345258367833e-02 3.863454484596251515e-02 8.352362852961492390e-02 3.950286916024557393e-01
4.070060429426635568e-02 4.204035756448908090e-02 8.626402836346107328e-02 3.840897916549255720e-01
4.217409357577304313e-02 4.068560193523971386e-02 8.200200140019051065e-02 3.814529788375718988e-01
4.087603277510221123e-02 4.217489878712145368e-02 8.523930446499369817e-02 3.973015679720954818e-01
3.791962928128353449e-02 4.030460235784275730e-02 8.499204625371509225e-02 3.936834236304538881e-01
4.163745410000190689e-02 4.206224623308826849e-02 8.253210540678324048e-02 3.606404517276111665e-01
3.878171532888391448e-02 4.032361636722660292e-02 8.035732764958193608e-02 3.699053346700800771e-01
4.215343459863883646e-02 4.102476414107664865e-02 8.104476066228046005e-02 3.811564988580938840e-01
4.284283680122194515e-02 4.148890570924150534e-02 8.489345174449791642e-02 3.520830483592704563e-01
3.842011333177770827e-02 3.860777781876795212e-02 7.624045027244770456e-02 3.599996372154444790e-01
3.878237090116469499e-02 3.721035575725499533e-02 7.961602359303317222e-02 4.532982838952706595e-01
3.812154288158603466e-02 4.297136514865278895e-02 9.690803748660531403e-02 3.970316636744816163e-01
3.653220662071748892e-02 3.823641676971550191e-02 8.216269591481129009e-02 4.019551665585335831e-01
4.318263379013364406e-02 4.190958652228996689e-02 8.770190428527636917e-02 3.765081101229161287e-01
4.093619029664784248e-02 3.908776127186568833e-02 7.533485990100802221e-02 3.917517667330737696e-01
3.738311763898695406e-02 3.904703535028420519e-02 9.128543603975818044e-02 4.135639882011207247e-01
4.029104555142996175e-02 4.087909908662757524e-02 8.523636126548253533e-02 3.846185183082226344e-01
3.809840995391509250e-02 3.637147138039508593e-02 9.186699600457222392e-02 4.175832411053252424e-01
3.696662236823328868e-02 3.696729275476433318e-02 7.959241461712218690e-02 3.963207107120156336e-01
4.240712851743759504e-02 3.926107812740913666e-02 8.100426147255954112e-02 4.056925804552605208e-01
3.890962294728481791e-02 3.711703787930394766e-02 9.675098177870501692e-02 4.177044556259419394e-01
3.857441139167908789e-02 3.860594276703525896e-02 9.026085181313057981e-02 3.768405791367136493e-01
4.080369866396924700e-02 3.952247761257256936e-02 8.148551217202924801e-02 3.913791542760046149e-01
3.907395143040710839e-02 4.118422393778212870e-02 8.921860639656616077e-02 3.835622606106429688e-01
3.851618524434036878e-02 4.131249879322577978e-02 7.946283859838251806e-02 3.458660866012939761e-01
3.938253189404502391e-02 4.026400590297277149e-02 8.864338283595517287e-02 3.861609372191739387e-01
3.965745782848389273e-02 4.153789437055169925e-02 8.913329061891520078e-02 3.494976742213171672e-01
3.939865503777920108e-02 3.753876567816216703e-02 8.462012845385916138e-02 3.859395074093781020e-01
4.187249265711002338e-02 4.089141075855170365e-02 9.097909071354357002e-02 3.819368414855077720e-01
3.880099816231022403e-02 3.744433910814962130e-02 8.524337418534985722e-02 4.120685402380114826e-01
4.185919725410686132e-02 3.693650189983377352e-02 8.120549954386009628e-02 3.985989562451608959e-01
3.749994546665637307e-02 4.011080871326246078e-02 8.753482642485643783e-02 3.754771773078117714e-01
3.552274603639266060e-02 4.140451867014406651e-02 7.475160653225811080e-02 3.928937769074402064e-01
3.896218752879457292e-02 3.811112305432045461e-02 8.983912754056613825e-02 3.708078557350041327e-01
3.914759835968873586e-02 4.430447249405134597e-02 7.997611749929126046e-02 3.383771987290876693e-01
3.697001644909779505e-02 3.916890788010277819e-02 8.613486735392465732e-02 3.615805324856838920e-01
4.025834845202398704e-02 3.742856873255533123e-02 7.949459412117111656e-02 3.740746253762887163e-01
3.963375548565165746e-02 4.010147725963301296e-02 8.279015447177816289e-02 3.641743949626140564e-01
3.922030746910867144e-02 3.844227560412257633e-02 8.989717544727678089e-02 3.932040285385947631e-01
3.453256642577449270e-02 3.731059694250566522e-02 8.511502261317226148e-02 3.964173942287164687e-01
4.113924459603655881e-02 3.776830409967696367e-02 8.982793399502447818e-02 4.047290547065822142e-01
3.916991474941802776e-02 3.771889859611392282e-02 8.304157225068944936e-02 3.714006467446024917e-01
4.088916201874458894e-02 4.229563017269980657e-02 8.909542104475787205e-02 3.846420781115711396e-01
3.734927383973220966e-02 3.726260738556049640e-02 7.877223336548760946e-02 3.962116448021606452e-01
4.148145648793317986e-02 3.541963930613434980e-02 9.233216439742704396e-02 3.673939935730783368e-01
3.809073251074857752e-02 3.746606794094382853e-02 8.723466361715889739e-02 3.946004545010998732e-01
4.051554818265561825e-02 3.818304133473983397e-02 8.072607298402022236e-02 4.053998309941171385e-01
4.404771745674753575e-02 3.993813408600447451e-02 8.988128503834544314e-02 4.317522073532633065e-01
4.081072582095510853e-02 4.182145599587921980e-02 7.555967048619278981e-02 3.745014232858798753e-01
3.993563616183480602e-02 3.643378772562208545e-02 8.290666865510308570e-02 3.656726521685594866e-01
3.869134273052913381e-02 3.720164928768087548e-02 8.391386629357973359e-02 3.886279145092781939e-01
3.751411346097715399e-02 3.560699920827197634e-02 8.420262766351566119e-02 4.152211880179031978e-01
3.840719808422350667e-02 3.897823726327581673e-02 7.745504598591720913e-02 3.605676991915734431e-01
4.218833678070573606e-02 3.672557143978763539e-02 8.497845862315400733e-02 3.830987352294531467e-01
3.760095738156565837e-02 3.742856598256020378e-02 8.998018311437533390e-02 3.753361449861072896e-01
4.316902698857361109e-02 3.696203420387362409e-02 9.563728607730670461e-02 3.724472607420244996e-01
3.846048968412785207e-02 3.868846008633724382e-02 8.234023571676153674e-02 4.054642413709656501e-01
4.055943855120087288e-02 3.998057639574882638e-02 8.483113597287690599e-02 3.747029081952613638e-01
3.865685330232161016e-02 3.864195690803039901e-02 7.920362637176953102e-02 4.070328059202254489e-01
3.911820258182405197e-02 4.058737061877634722e-02 8.325194493839416232e-02 3.807519823906942991e-01
3.714507946710547681e-02 3.793851842890272330e-02 9.006401058567473084e-02 3.955191542546842021e-01
4.321821255448266008e-02 3.752843612658627453e-02 8.407225858737853164e-02 3.688652872819435102e-01
3.916505671418629708e-02 3.664560246175060931e-02 9.036944191540911830e-02 3.850907613599108270e-01
4.122742728583143890e-02 4.056198476406527170e-02 8.188234608636116296e-02 3.552151695559940259e-01
4.253463180629111356e-02 3.596589981921642643e-02 8.542459239564081930e-02 3.701975304705393266e-01
3.681578467034424956e-02 4.006928839667665831e-02 8.106117737175223825e-02 3.825309450342317397e-01
3.814607688486903320e-02 3.673880741110977649e-02 9.562686320094040959e-02 3.932806298698806047e-01
4.248432982882785480e-02 4.000473658644847219e-02 8.667435673025844500e-02 3.961621578320690951e-01
3.727420046816760230e-02 4.024277602831132644e-02 9.046406114448998781e-02 3.838310462896818431e-01
4.199970115238958052e-02 3.870171954458666991e-02 8.415733558834308237e-02 4.018811754311870099e-01
3.676609105123712640e-02 3.900123320295115215e-02 8.450003873593395221e-02 3.972429462214611684e-01
4.039000162735765370e-02 3.923133562451371764e-02 8.285726252329693453e-02 3.677934740458323470e-01
4.515195820223896761e-02 3.863683532384943470e-02 8.366485015141875148e-02 3.796329611582934249e-01
3.972407564420257081e-02 3.939379453099459139e-02 8.890210015130652066e-02 3.744199403952777061e-01
3.752811799407398258e-02 3.792389183299709615e-02 8.846617380638918671e-02 3.652979182983876472e-01
4.098434723937439961e-02 4.039148653934992311e-02 7.968320671248592391e-02 3.608851125225752687e-01
3.942247123848201945e-02 3.738969029128269561e-02 8.150176157289898415e-02 3.524924558036189315e-01
4.222405610943214677e-02 3.993196780735974033e-02 9.207746703315700110e-02 3.910852908820848794e-01
4.146782644333301543e-02 4.059428819856642640e-02 8.439501811794831998e-02 3.832787787135860658e-01
4.343784437697183892e-02 3.732521454185324522e-02 8.297172999987034725e-02 3.777439914384972952e-01
4.521872354265057264e-02 3.951843538020707175e-02 8.081245453643322307e-02 3.923608600897966481e-01
4.219934698858496952e-02 3.677237789903253784e-02 9.695670758709647175e-02 3.630362779409307961e-01
4.329963369732708900e-02 4.116211217940930756e-02 9.082735979043904395e-02 3.689655353466687604e-01
3.722034986813736734e-02 3.785320884242493467e-02 8.246175774535412228e-02 3.937816827462906621e-01
4.470647628965179754e-02 4.045223336400189523e-02 8.292294977328440453e-02 3.581177802497354512e-01
4.367233149985788598e-02 3.629953713265560156e-02 8.494140311012957079e-02 4.038461026794457620e-01
3.950561550695080165e-02 3.839350440064605990e-02 7.838254720301097989e-02 4.131964240894862028e-01
3.925417578419092973e-02 3.922392510877788230e-02 8.777433294267920905e-02 3.644256314249690321e-01
3.670349059826465143e-02 3.779573156413103957e-02 8.112355479088657895e-02 3.824671065769890133e-01
4.113021646710884882e-02 3.676084433642148874e-02 8.301909824579591091e-02 3.590756587314176684e-01
4.011889393487348687e-02 3.954805813020536437e-02 8.733640659142073714e-02 3.628904907138182367e-01
4.154240479180112966e-02 3.795347268931472534e-02 8.642438411009756294e-02 3.932238680879447945e-01
4.282848072732158701e-02 3.531041866067808482e-02 8.267218990137727153e-02 3.771743169417739461e-01
4.023979917290004121e-02 4.030631799479345023e-02 8.860591280317531293e-02 3.876810606113018087e-01
4.163277681301726096e-02 3.932827896212030827e-02 9.106387893523971988e-02 3.827724005938474283e-01
4.098095619558594915e-02 3.936686922613865519e-02 7.882025081046165060e-02 3.615440315707815211e-01
4.276967531503537978e-02 3.721127560152321517e-02 8.789666252189039242e-02 3.734143853528714141e-01
3.965813184389450907e-02 3.970617717319928353e-02 8.543026085244284640e-02 3.622498257502307917e-01
3.838100746058677182e-02 3.820450101413705446e-02 8.448617785584232320e-02 3.662925113306768621e-01
4.361378770584328074e-02 4.114961716660497926e-02 8.846990384218372805e-02 3.995551258300122366e-01
3.978883509329014107e-02 4.019595000771029186e-02 8.067674767841735706e-02 3.929520925392758213e-01
3.987924865136117936e-02 3.725848217060152151e-02 8.162141141826449731e-02 4.047745367283100415e-01
3.972755067690784264e-02 3.682322251290310461e-02 8.337621138758465056e-02 3.932969557443919961e-01
4.035418031915057741e-02 4.013287211214740940e-02 9.375355319425260348e-02 3.631438368457227672e-01
3.789439517282802011e-02 3.809039785556149471e-02 9.307776702568892890e-02 3.719796829530997440e-01
4.176397806858921091e-02 4.230451506905169579e-02 8.951250737546351255e-02 3.723152835569574770e-01
3.527671759602114127e-02 4.003374473988868809e-02 8.623339303390133159e-02 3.672662195312035305e-01
3.771818692437166332e-02 3.922700335276636113e-02 8.223940050457613504e-02 3.985101530821488214e-01
3.935788776359383512e-02 3.692845233426374218e-02 8.610261506422607625e-02 4.121882687886008201e-01
3.944915603841496476e-02 3.924063514938122554e-02 9.025530253664634794e-02 3.778124446028583439e-01
3.852765522137036741e-02 3.997842477030915526e-02 9.106515309292573246e-02 4.256716028681525876e-01
4.121208259535415197e-02 3.966469041615963004e-02 8.272456847439906003e-02 3.983604979073395169e-01
4.170198274957458845e-02 3.707185585419035118e-02 8.501256484612734754e-02 4.432864075693320749e-01
3.999797022176612010e-02 3.738581232023859002e-02 8.425719536654865949e-02 3.626587177974731624e-01
4.002464409683955532e-02 3.655393851856855725e-02 8.588139762643159925e-02 4.185962699729138814e-01
4.013042836097723692e-02 3.805814636597768669e-02 8.883451649475590517e-02 4.148963909153190466e-01
4.032087872296480358e-02 3.943591626278176304e-02 8.891061107875557201e-02 3.801697152647324773e-01
3.657610347487393054e-02 3.913366493112863803e-02 8.114786344749230773e-02 4.036129586584960016e-01
3.992074948394527117e-02 3.874529486048493981e-02 8.363599519240223767e-02 3.814149020943521373e-01
3.938490991060022289e-02 3.747030401193292282e-02 8.474079958947437763e-02 4.018916178701785191e-01
4.165771451748451204e-02 4.116988577710966463e-02 8.673839135743327544e-02 3.741454886893361143e-01
3.950272969190354866e-02 3.698699690844533400e-02 8.928793187432172707e-02 3.993251085683943713e-01
4.168544106611128675e-02 4.050963994889193731e-02 8.152273013451295791e-02 3.729844209211944928e-01
4.271971696776685062e-02 3.523265596722247039e-02 8.995868468803840112e-02 3.599576124629548235e-01
3.841244669920015897e-02 4.022575865457067579e-02 8.712008096868532891e-02 4.103889761593288998e-01
3.793687661107968817e-02 3.410688559532296799e-02 8.073865321679966900e-02 3.787312877186403415e-01
3.981583242104065612e-02 3.613033009733811196e-02 9.152654846778593423e-02 3.479195148144975103e-01
4.125580844205134490e-02 3.712116775183514628e-02 8.927961403586989753e-02 3.901333896367354948e-01
3.976516330953277362e-02 3.769377913746552178e-02 9.436353663950615422e-02 3.844542532722637906e-01
3.915914538556802826e-02 3.970939481411878830e-02 8.394171506140191141e-02 3.676264742538887798e-01
4.011467353821145110e-02 4.043476726890067596e-02 8.694437057761461585e-02 3.849604508588073681e-01
3.885788959970697815e-02 3.601101303583148505e-02 8.891293466504526788e-02 4.033840666052478929e-01
4.256286284628148925e-02 3.819104064928016684e-02 8.409908206224313287e-02 4.221088510689252615e-01
3.853202401575681751e-02 3.703613959021589963e-02 9.649603597709482949e-02 4.127719157332702671e-01
3.703877373067892415e-02 4.088931060042427790e-02 8.497977819574452363e-02 3.884513068616656795e-01
4.026525218328550620e-02 3.405122532550958203e-02 8.343523613815710671e-02 3.594840762263465384e-01
4.114403195644914663e-02 3.766225172498116613e-02 9.301611634309392418e-02 3.770026992112858188e-01
4.028138887780255417e-02 3.600652822825736038e-02 8.453353688142901945e-02 3.889697745136087570e-01
3.981751268558948731e-02 3.766237521812344780e-02 8.411215038504604724e-02 3.849655944672746299e-01
3.728840628581664429e-02 3.653592898459518540e-02 8.257622525264896041e-02 3.475798504725604587e-01
3.879379185043783929e-02 3.739539592124094258e-02 7.846447753836227612e-02 3.671284157507181400e-01
3.812661402292945312e-02 3.705669379848722939e-02 9.203235475723453574e-02 4.068303425849906785e-01
4.139060992110225878e-02 3.820071069145339338e-02 8.238484566914378027e-02 3.712438900201835423e-01
3.508212681110034481e-02 3.537494981717159703e-02 8.105431356091999384e-02 3.882228662693529841e-01
4.088522128144045364e-02 3.502420186846540162e-02 8.383869445735964154e-02 3.911104246598736678e-01
3.842743966010736534e-02 3.430716117397809850e-02 9.136405679553663561e-02 3.869677611383518512e-01
3.907678331564887891e-02 3.925582307298794427e-02 8.091428113524549992e-02 3.979071395625569663e-01
4.003161423389622192e-02 3.378681996864417447e-02 8.616069519254684894e-02 3.643533389621267382e-01
3.815869472662163087e-02 3.656153115810763243e-02 9.028489294773062168e-02 3.622868936797741801e-01
4.297118949122970960e-02 3.700546413176056953e-02 8.105101059089933613e-02 3.804429572608297172e-01
4.195054324295462156e-02 3.864099566568471311e-02 8.300278332569167861e-02 3.955736177652623975e-01
4.106134414837971786e-02 3.796587564131909814e-02 9.018008515612509213e-02 4.068787721142677061e-01
4.306818839002039823e-02 4.040407866642945628e-02 8.798211166852805409e-02 3.571049266903448816e-01
3.911494570861870357e-02 3.585879568056991873e-02 9.107516910034416102e-02 3.794796896357745530e-01
3.992666377412433520e-02 3.823862452905106568e-02 8.341424679137936227e-02 3.480075950374889038e-01
4.477278365945903255e-02 3.497926848099999764e-02 8.878089336841815671e-02 3.799432644740405318e-01
3.926215528105850977e-02 3.805364194071858552e-02 9.622953385810215088e-02 3.564383350183633614e-01
3.811609678880777813e-02 3.750294787766814131e-02 8.446108430355937779e-02 3.669657804850449123e-01
4.074170599311580793e-02 3.657853453316150388e-02 9.195271831639426074e-02 3.849373908328448946e-01
4.068021754799286405e-02 3.485502923548913778e-02 8.225278147839466814e-02 4.075454129617107624e-01
4.372939215253024425e-02 3.856387417218751917e-02 9.250090769879493191e-02 3.980055720898345584e-01
4.090013830559092317e-02 3.795733082250259821e-02 9.646362246244394312e-02 3.528395382052049167e-01
3.881011099245327417e-02 3.430316814865902453e-02 8.206560212138556965e-02 3.791247258206221216e-01
4.181269567696975498e-02 3.916525639301217387e-02 9.012897283801352133e-02 3.911913643660847040e-01
4.044629908499487031e-02 3.672378551198809266e-02 7.984372021684311982e-02 3.974271124668042887e-01
3.802111722752040540e-02 3.597828155273239542e-02 8.949418989465759977e-02 4.053527689250782662e-01
4.287663443339041758e-02 3.780187043645204248e-02 8.692673159908353986e-02 3.845976962429297208e-01
4.145627019577448336e-02 3.952755837525632338e-02 8.739374726613194366e-02 3.634577654850540407e-01
3.931841336811451454e-02 3.614031826691158772e-02 8.793991240229272199e-02 3.840108084932081223e-01
3.745873522245102977e-02 3.598916026025561488e-02 8.394745883925086583e-02 3.865648484389547779e-01
3.908528708949383229e-02 3.888365628052346812e-02 9.037443886482195154e-02 4.014667713451724462e-01
3.614840859888257540e-02 3.757733230362902271e-02 8.237718605140179062e-02 3.607826552065730441e-01
3.696867437363728776e-02 4.004960855893178323e-02 8.467696799322611823e-02 3.970404559299063330e-01
4.253721138935045304e-02 3.738696750581412681e-02 8.510257052403220890e-02 3.895197788837249653e-01
4.199882935136084461e-02 3.446457479784694605e-02 8.336999803236036510e-02 3.906315870687901426e-01
3.953121955380135832e-02 3.669165025555509024e-02 8.805674756453973906e-02 3.750641210425760819e-01
4.183879339471230363e-02 4.117295898295376261e-02 8.736458118141553209e-02 3.958575950288170664e-01
4.015265083424086195e-02 3.893720849189303418e-02 8.818381887853987688e-02 3.694810553040421830e-01
4.044048223379661383e-02 3.962864769814201243e-02 8.160960247240943433e-02 3.621433521424881063e-01
4.125453225413037300e-02 4.026982713365503258e-02 9.424083453706692814e-02 3.990215215860249409e-01
3.869478612021565872e-02 3.862545001694984992e-02 8.695172746818627396e-02 3.887529760039034610e-01
4.200444067316235625e-02 3.631440128020081010e-02 8.785953210779411104e-02 3.713166776214178455e-01
3.897563130728422254e-02 4.048042932341103239e-02 8.707423410356190940e-02 3.718004092579325626e-01
3.848529389181107319e-02 3.743928323026324972e-02 8.564685789638237789e-02 3.648381999396727027e-01
4.005933427497310878e-02 3.734272099312572341e-02 8.571429068190028477e-02 3.514082543112404533e-01
3.786901085930290817e-02 3.548846231775886623e-02 8.938659843340089617e-02 3.880067407265210822e-01
4.308155338557321384e-02 3.612325031647445339e-02 8.066826254186972023e-02 3.861559728437615746e-01
3.910957098800645765e-02 3.582753034371722461e-02 8.020130206696332587e-02 3.826409813941045179e-01
4.175693984790632141e-02 4.019682642572654924e-02 8.429846905894224085e-02 3.560300766550713591e-01
3.790478940501514071e-02 4.247225181444137798e-02 9.058276757732020013e-02 3.631897118425801985e-01
4.564830273366685121e-02 4.019048191331647812e-02 9.173585491575350637e-02 3.730255083862231147e-01
4.071615368168549076e-02 3.707804743885403931e-02 9.170003882638884385e-02 3.490890224999937952e-01
4.089688868275230538e-02 3.519458114576800439e-02 8.043029400626254544e-02 3.751787175042360922e-01
3.778699172778672566e-02 4.148648948660114966e-02 8.529939957773888248e-02 3.756373909039892323e-01
4.383550512831844992e-02 3.558389498936710693e-02 8.707224028375656899e-02 4.194908934732493044e-01
4.090207000578111041e-02 3.745365961518751924e-02 8.260669706859177785e-02 3.723428128454097097e-01
3.568681502879095246e-02 3.874435561043705623e-02 9.024200567138725149e-02 3.941719602670396005e-01
4.016769293920575273e-02 3.633571234988307308e-02 8.271842086837742636e-02 3.872368113997601835e-01
4.045897789741308842e-02 3.843776612746659105e-02 9.191616799767848844e-02 3.334885367037478399e-01
4.257645344034396984e-02 3.674840364780058294e-02 7.940396531899343580e-02 3.635928087044778545e-01
4.197632067219742719e-02 3.596404841024151283e-02 7.946471839574012486e-02 3.680150937656467280e-01
4.150911735067738112e-02 3.771428338480336401e-02 8.975356513138701975e-02 3.542630243415427760e-01
4.210514032204649287e-02 3.785352840288389725e-02 8.551545441204473630e-02 3.806691791730569818e-01
4.145541109352447740e-02 3.731294182953519972e-02 8.528121574803410043e-02 3.860807399014288266e-01
3.958500399136394982e-02 3.698241395740928250e-02 9.403790378679474649e-02 3.992038737362500478e-01
4.104571802508374945e-02 3.737185438406047389e-02 8.106131455394817442e-02 3.699338304963904478e-01
4.216761700257311979e-02 3.691492948809129565e-02 8.732838594585878855e-02 4.100769682767094748e-01
3.761003532757626472e-02 4.038173289807544392e-02 8.760371834881992836e-02 3.751788825539917882e-01
4.600063835879664165e-02 3.906394735323592826e-02 8.739450411889554404e-02 3.744373813733019030e-01
4.312935439674479843e-02 3.518587059172838954e-02 8.150870944701424370e-02 3.741808162673658233e-01
4.029941542541545796e-02 3.952347566985155852e-02 9.260008322354310040e-02 3.744890637915902487e-01
4.061542656196408946e-02 4.145248642667242328e-02 8.144370932158732923e-02 3.766531182305304926e-01
3.718981931895597864e-02 4.169446571004406521e-02 8.303566241616359977e-02 3.837223791038840148e-01
3.808730549946994642e-02 3.913797621951810302e-02 7.886944673625981284e-02 3.800388462721248639e-01
4.138386378203316035e-02 4.228492296296951919e-02 8.699834675098393200e-02 3.686435925410752046e-01
3.812345631183286510e-02 3.758242304048139276e-02 9.274373240358003978e-02 3.955183447462997104e-01
3.764401140226946579e-02 3.851167646465457339e-02 8.667196897716204773e-02 3.891223970921107722e-01
3.811241413790360938e-02 3.903964488406260619e-02 8.593586607315653603e-02 3.689029056880924196e-01
3.791793993979082622e-02 3.763461198061757856e-02 1.005652727243859790e-01 4.253595816820173736e-01
4.089837305979029947e-02 3.630820041765020489e-02 8.542947180568975785e-02 3.893965682863789191e-01
3.855787253020839106e-02 3.450732107252797026e-02 8.678752039200193780e-02 4.001295582131864093e-01
4.097397233152185597e-02 3.715653033315630821e-02 9.010544779981446983e-02 3.789451065152797948e-01
3.964412484288018512e-02 3.596807791812169086e-02 8.322397431767342146e-02 3.963340978733697062e-01
3.952883474837497885e-02 3.698618673838185295e-02 8.980866142195155499e-02 3.636729595949796945e-01
3.753684536648754788e-02 3.839537459144345272e-02 9.081292777158739282e-02 4.158652957644764503e-01
3.767576539551455161e-02 3.713999691641670792e-02 7.642887893547280209e-02 4.280681652477376087e-01
4.007650458804971894e-02 3.749692102879515626e-02 8.721740059023073977e-02 3.934005240064078479e-01
4.055098934442354086e-02 3.762438931157014582e-02 8.531683528514993897e-02 4.188766067198491094e-01
4.119667114766283750e-02 3.797054577419096966e-02 8.048790364937041808e-02 3.731619104579587121e-01
3.986126971479745512e-02 4.045134367830196392e-02 8.803923683456060800e-02 3.858801588852453501e-01
4.020944438337006183e-02 3.812023339125347743e-02 7.768973725121061658e-02 3.812804173642965755e-01
