2.844911823902186825e+03 1.809325239143979161e+03 1.507680229819915956e+06 2.482584326959593568e+01
2.101731584911224218e+03 1.408296991214103627e+03 1.267460486142167589e+06 2.482584326959593568e+01
1.493104494045102001e+03 1.070835995239882095e+03 1.049438844933901913e+06 2.482584326959593568e+01
1.417104738838822641e+03 1.049647202320594261e+03 9.993045478311439510e+05 2.482584326959593568e+01
1.331045712916703906e+03 1.019378949376572905e+03 9.326381931414931314e+05 2.482584326959593568e+01
1.331045712916703906e+03 1.019378949376572905e+03 9.326381931414931314e+05 2.482584326959593568e+01
1.177354502296172313e+03 9.959594307527496539e+02 8.489839740712923231e+05 2.482584326959593568e+01
1.177354502296172313e+03 9.959594307527496539e+02 8.489839740712923231e+05 2.482584326959593568e+01
1.037711016121684452e+03 9.380768353776502408e+02 7.875437784996250411e+05 2.482584326959593568e+01
9.679221363495134938e+02 9.185545903279670483e+02 7.593815894369359594e+05 2.482584326959593568e+01
9.128040989357499484e+02 8.773542052119544223e+02 7.306487405679346994e+05 2.477331391667436833e+01
8.259782063506530676e+02 7.887779420896632701e+02 6.993685448063552612e+05 2.489845390378692258e+01
8.259782063506530676e+02 7.887779420896632701e+02 6.993685448063552612e+05 2.489845390378692258e+01
7.087051589925889630e+02 7.565873114527607868e+02 6.551206959568081656e+05 2.479870831330987357e+01
7.087051589925889630e+02 7.565873114527607868e+02 6.551206959568081656e+05 2.479870831330987357e+01
6.156437232557351535e+02 7.397210437574589150e+02 6.054649784727615770e+05 2.475863215449568600e+01
5.546018256811597666e+02 7.231942498715617376e+02 5.740747737412340939e+05 2.580119933359593887e+01
4.854828338964730960e+02 6.823943585332461907e+02 5.420843085948459338e+05 2.535838054882919579e+01
4.535907217316240576e+02 6.300851766114329848e+02 5.063460199002514710e+05 2.601758674135668059e+01
3.453801889060962367e+02 5.142202249014433164e+02 4.521945891701559885e+05 2.721082093668243118e+01
2.732845294856841178e+02 4.485304037171763980e+02 4.066417217700496549e+05 2.946641734159590698e+01
2.083706986666152829e+02 3.965673988992090813e+02 3.759341555247286451e+05 2.821286590276096717e+01
2.083706986666152829e+02 3.965673988992090813e+02 3.759341555247286451e+05 2.821286590276096717e+01
1.973965809605273307e+02 3.924901892535759771e+02 3.661740196772367926e+05 2.800862553451471371e+01
1.973965809605273307e+02 3.924901892535759771e+02 3.661740196772367926e+05 2.800862553451471371e+01
2.062712912564834085e+02 3.638795912375775856e+02 3.689355560103254393e+05 2.851258215410368990e+01
1.911959841894147019e+02 3.605380696026449527e+02 3.732748810088060563e+05 2.841695978924190058e+01
1.911959841894147019e+02 3.605380696026449527e+02 3.732748810088060563e+05 2.841695978924190058e+01
1.870386837148660675e+02 3.551993314422426238e+02 3.703351374825742096e+05 2.831090263327406120e+01
1.551795152531839790e+02 3.581473119986112579e+02 3.380938107284206199e+05 2.776939511407255878e+01
1.442866951857054119e+02 3.296114289538156186e+02 3.233015310929365805e+05 3.012748053010691507e+01
1.396021936196731872e+02 3.307974847574897694e+02 3.237785413017671090e+05 2.971110811728529200e+01
1.409982483049855944e+02 2.928375160591783128e+02 3.191468836960242479e+05 2.956395178743881047e+01
1.409982483049855944e+02 2.928375160591783128e+02 3.191468836960242479e+05 2.956395178743881047e+01
1.346015776587018706e+02 3.110452010014847133e+02 3.114206344895429211e+05 2.954225892878506698e+01
1.346015776587018706e+02 3.110452010014847133e+02 3.114206344895429211e+05 2.954225892878506698e+01
1.261005498242405736e+02 2.805804531007595983e+02 2.964245006807295140e+05 3.221076294259513162e+01
1.261005498242405736e+02 2.805804531007595983e+02 2.964245006807295140e+05 3.221076294259513162e+01
7.581581890467067808e+01 1.316799785344207123e+02 2.170244625803016534e+05 4.084156702833525543e+01
5.246978926281445865e+01 5.881557045616884949e+01 1.602274407647397602e+05 5.399936719959698195e+01
4.684192605194034087e+01 4.834373921109688155e+01 1.456054586814413487e+05 6.788144081657351592e+01
3.100646821102020922e+01 4.668539915909843785e+01 1.024713135945774411e+05 9.707218278692643310e+01
3.166588869148433361e+01 4.666769484394038159e+01 1.038455782110233849e+05 9.196966306094341803e+01
3.166588869148433361e+01 4.666769484394038159e+01 1.038455782110233849e+05 9.196966306094341803e+01
2.896256206645695741e+01 4.592544898566634259e+01 9.081294708338583587e+04 1.103551219297706751e+02
2.892719312418885380e+01 4.681773368207947783e+01 8.622614013397404051e+04 1.113514139319880059e+02
2.650774192981463884e+01 4.545852751567574046e+01 6.333869819515134441e+04 1.383505271673390382e+02
2.596495953653499100e+01 4.046720145102956678e+01 4.214925609208878450e+04 1.918542111585076952e+02
2.596495953653499100e+01 4.046720145102956678e+01 4.214925609208878450e+04 1.918542111585076952e+02
2.758398943308604601e+01 3.337883318163802215e+01 3.527605132242538821e+04 2.171913485063654718e+02
2.875651886811153801e+01 3.606760921409064480e+01 2.512152090765389585e+04 2.304441105704286201e+02
2.875651886811153801e+01 3.606760921409064480e+01 2.512152090765389585e+04 2.304441105704286201e+02
2.875651886811153801e+01 3.606760921409064480e+01 2.512152090765389585e+04 2.304441105704286201e+02
2.903833818419423096e+01 3.512236185423132184e+01 2.491328629835918400e+04 2.356740603119031334e+02
2.814657174039039234e+01 4.273067074824016487e+01 1.326116943309083399e+04 2.400227850309054247e+02
2.793165230800629217e+01 4.369962802375594180e+01 1.224561672769582219e+04 2.401702327922510563e+02
2.749361616131159280e+01 4.864327576936429409e+01 1.092973177524865787e+04 2.381180955668977219e+02
2.749361616131159280e+01 4.864327576936429409e+01 1.092973177524865787e+04 2.381180955668977219e+02
2.749361616131159280e+01 4.864327576936429409e+01 1.092973177524865787e+04 2.381180955668977219e+02
2.749361616131159280e+01 4.864327576936429409e+01 1.092973177524865787e+04 2.381180955668977219e+02
2.749361616131159280e+01 4.864327576936429409e+01 1.092973177524865787e+04 2.381180955668977219e+02
2.766869284849176935e+01 5.095311599165049898e+01 8.797342458989322040e+03 2.459298999342037177e+02
2.918220688383675920e+01 5.874634057689615219e+01 4.632891407019495091e+03 2.712651948085281219e+02
2.918220688383675920e+01 5.874634057689615219e+01 4.632891407019495091e+03 2.712651948085281219e+02
2.864340601336540360e+01 5.448381936062254738e+01 4.802860310810609008e+03 2.677805032128918015e+02
2.864340601336540360e+01 5.448381936062254738e+01 4.802860310810609008e+03 2.677805032128918015e+02
3.107702576849140641e+01 3.981593694344595491e+01 5.453187162749825802e+03 2.605394000029174322e+02
3.188106759223458653e+01 4.063638535408453833e+01 4.533283160981922265e+03 2.744884083863975661e+02
3.188106759223458653e+01 4.063638535408453833e+01 4.533283160981922265e+03 2.744884083863975661e+02
3.188106759223458653e+01 4.063638535408453833e+01 4.533283160981922265e+03 2.744884083863975661e+02
3.188106759223458653e+01 4.063638535408453833e+01 4.533283160981922265e+03 2.744884083863975661e+02
3.368011700396729680e+01 3.702410858368345714e+01 4.477253957693539633e+03 2.758958206744959512e+02
3.368011700396729680e+01 3.702410858368345714e+01 4.477253957693539633e+03 2.758958206744959512e+02
3.368011700396729680e+01 3.702410858368345714e+01 4.477253957693539633e+03 2.758958206744959512e+02
3.368011700396729680e+01 3.702410858368345714e+01 4.477253957693539633e+03 2.758958206744959512e+02
3.368011700396729680e+01 3.702410858368345714e+01 4.477253957693539633e+03 2.758958206744959512e+02
3.368011700396729680e+01 3.702410858368345714e+01 4.477253957693539633e+03 2.758958206744959512e+02
3.262716997309977529e+01 3.416159433944459067e+01 4.745502292201047567e+03 2.738283802889548042e+02
2.860079320989133222e+01 3.975478462648679567e+01 4.026931805468711445e+03 2.582131138877552416e+02
2.860079320989133222e+01 3.975478462648679567e+01 4.026931805468711445e+03 2.582131138877552416e+02
2.776112068182763082e+01 4.232441951978362482e+01 3.887731650948549941e+03 2.562285848534250476e+02
2.776112068182763082e+01 4.232441951978362482e+01 3.887731650948549941e+03 2.562285848534250476e+02
2.776112068182763082e+01 4.232441951978362482e+01 3.887731650948549941e+03 2.562285848534250476e+02
2.776112068182763082e+01 4.232441951978362482e+01 3.887731650948549941e+03 2.562285848534250476e+02
2.898678099776999773e+01 4.005934614770234958e+01 3.283876678244770574e+03 2.584727128433020198e+02
2.898678099776999773e+01 4.005934614770234958e+01 3.283876678244770574e+03 2.584727128433020198e+02
2.881652179831270288e+01 4.173187508889300545e+01 3.038838058150089637e+03 2.602929094714153848e+02
2.881652179831270288e+01 4.173187508889300545e+01 3.038838058150089637e+03 2.602929094714153848e+02
2.881652179831270288e+01 4.173187508889300545e+01 3.038838058150089637e+03 2.602929094714153848e+02
2.943765922835396154e+01 3.861140346117237243e+01 2.821447059718243509e+03 2.645607292493883165e+02
2.943765922835396154e+01 3.861140346117237243e+01 2.821447059718243509e+03 2.645607292493883165e+02
2.943765922835396154e+01 3.861140346117237243e+01 2.821447059718243509e+03 2.645607292493883165e+02
2.943765922835396154e+01 3.861140346117237243e+01 2.821447059718243509e+03 2.645607292493883165e+02
2.943765922835396154e+01 3.861140346117237243e+01 2.821447059718243509e+03 2.645607292493883165e+02
2.943765922835396154e+01 3.861140346117237243e+01 2.821447059718243509e+03 2.645607292493883165e+02
3.115825648600177900e+01 3.463108640060836763e+01 2.494812329390108061e+03 2.738346205989631699e+02
3.297486960990107008e+01 3.198899730715458745e+01 2.336368796399121493e+03 2.860381867208033668e+02
3.297486960990107008e+01 3.198899730715458745e+01 2.336368796399121493e+03 2.860381867208033668e+02
3.297486960990107008e+01 3.198899730715458745e+01 2.336368796399121493e+03 2.860381867208033668e+02
3.297486960990107008e+01 3.198899730715458745e+01 2.336368796399121493e+03 2.860381867208033668e+02
3.297486960990107008e+01 3.198899730715458745e+01 2.336368796399121493e+03 2.860381867208033668e+02
3.297486960990107008e+01 3.198899730715458745e+01 2.336368796399121493e+03 2.860381867208033668e+02
3.297486960990107008e+01 3.198899730715458745e+01 2.336368796399121493e+03 2.860381867208033668e+02
3.256593762444001072e+01 3.354939278557591109e+01 2.278992586863492306e+03 2.812071091339108762e+02
3.283878912879289658e+01 2.879619455259787131e+01 2.433878485193443794e+03 2.801247644486252284e+02
3.278541434285615708e+01 2.899540824496553171e+01 2.330753074766726513e+03 2.830980946310425566e+02
3.493524921695932761e+01 2.761913035038396202e+01 2.083307196508138077e+03 2.943637296065487021e+02
3.493524921695932761e+01 2.761913035038396202e+01 2.083307196508138077e+03 2.943637296065487021e+02
3.688712309041339665e+01 2.644390329077228330e+01 2.002788850722043662e+03 3.025731150659894411e+02
3.648725944685207878e+01 2.585433562117750483e+01 2.021741891965529248e+03 3.044228278759617865e+02
3.648725944685207878e+01 2.585433562117750483e+01 2.021741891965529248e+03 3.044228278759617865e+02
3.648725944685207878e+01 2.585433562117750483e+01 2.021741891965529248e+03 3.044228278759617865e+02
3.798748900148867591e+01 2.612697451269626825e+01 1.818352652053401698e+03 3.040500342325586871e+02
3.907387826533942388e+01 2.509432607091891754e+01 1.788638452249673264e+03 3.065935259040759888e+02
3.907387826533942388e+01 2.509432607091891754e+01 1.788638452249673264e+03 3.065935259040759888e+02
3.611896392669982703e+01 2.620828301036758745e+01 1.582262657781608823e+03 2.971179744260853113e+02
3.611896392669982703e+01 2.620828301036758745e+01 1.582262657781608823e+03 2.971179744260853113e+02
3.577537212089701057e+01 2.669748580323207321e+01 1.514823548974677578e+03 2.949431469026766877e+02
3.142577813846228452e+01 3.010143831029450467e+01 1.637939322235250302e+03 2.744033634974401252e+02
3.181932637804983699e+01 2.931335464216731523e+01 1.514807184509416402e+03 2.754486402867850074e+02
3.163227322458503465e+01 2.917194707915035323e+01 1.400829357738111867e+03 2.796616251347973048e+02
3.310418817526849722e+01 2.839741466763584654e+01 1.165872479673881116e+03 2.886237892600362898e+02
3.294053744777462356e+01 2.927444075577057703e+01 1.111073465366691153e+03 2.879326746693803329e+02
3.235886732605602845e+01 2.885211295118530828e+01 1.119461183508770318e+03 2.851263524878690987e+02
3.181340003302957342e+01 3.013791955662206234e+01 1.089545314467918388e+03 2.787860382217017445e+02
3.311753905694283873e+01 2.822927644332208530e+01 9.834419532619667734e+02 2.880012575079790054e+02
3.248954370124550906e+01 2.931461102821289444e+01 9.482333900819015753e+02 2.876570261028795699e+02
3.248954370124550906e+01 2.931461102821289444e+01 9.482333900819015753e+02 2.876570261028795699e+02
3.248954370124550906e+01 2.931461102821289444e+01 9.482333900819015753e+02 2.876570261028795699e+02
3.248954370124550906e+01 2.931461102821289444e+01 9.482333900819015753e+02 2.876570261028795699e+02
3.273129301556974724e+01 2.894756858112507913e+01 9.111160208730474324e+02 2.880718234584069251e+02
3.273129301556974724e+01 2.894756858112507913e+01 9.111160208730474324e+02 2.880718234584069251e+02
3.361586217035780066e+01 2.720394719371722303e+01 8.734655477601380653e+02 2.944949896855112570e+02
3.223124871895916499e+01 2.889287510028036010e+01 8.482361243562747859e+02 2.867275938716334167e+02
3.223124871895916499e+01 2.889287510028036010e+01 8.482361243562747859e+02 2.867275938716334167e+02
3.041180943628016209e+01 3.006458424756135628e+01 7.525931787617697637e+02 2.758863388125599272e+02
2.755439857078422605e+01 4.324780788303241508e+01 4.723086394247513340e+02 2.669847023269599617e+02
2.721583339883590824e+01 4.347027540002112289e+01 3.989954460883694765e+02 2.663765699094630008e+02
2.721583339883590824e+01 4.347027540002112289e+01 3.989954460883694765e+02 2.663765699094630008e+02
2.721583339883590824e+01 4.347027540002112289e+01 3.989954460883694765e+02 2.663765699094630008e+02
2.721583339883590824e+01 4.347027540002112289e+01 3.989954460883694765e+02 2.663765699094630008e+02
2.721583339883590824e+01 4.347027540002112289e+01 3.989954460883694765e+02 2.663765699094630008e+02
2.721583339883590824e+01 4.347027540002112289e+01 3.989954460883694765e+02 2.663765699094630008e+02
2.619607645515984018e+01 4.906111077740939663e+01 3.114942151886586430e+02 2.586495598760904500e+02
2.619607645515984018e+01 4.906111077740939663e+01 3.114942151886586430e+02 2.586495598760904500e+02
2.619607645515984018e+01 4.906111077740939663e+01 3.114942151886586430e+02 2.586495598760904500e+02
2.634450979822508643e+01 4.692353894828265481e+01 3.188119856577429232e+02 2.597562626337187339e+02
2.634450979822508643e+01 4.692353894828265481e+01 3.188119856577429232e+02 2.597562626337187339e+02
2.619685470984935094e+01 4.693957052161787402e+01 3.114922559346509843e+02 2.593681063735078283e+02
2.619685470984935094e+01 4.693957052161787402e+01 3.114922559346509843e+02 2.593681063735078283e+02
2.696433929418605757e+01 4.434037949843052218e+01 2.847170463246492318e+02 2.634307313921130458e+02
2.777567182862943795e+01 3.565137910294381385e+01 1.795027752679217485e+02 2.711706994513797895e+02
2.777567182862943795e+01 3.565137910294381385e+01 1.795027752679217485e+02 2.711706994513797895e+02
2.729174735852325639e+01 3.490221277775531661e+01 1.489031384226317130e+02 2.673804071850264563e+02
2.729174735852325639e+01 3.490221277775531661e+01 1.489031384226317130e+02 2.673804071850264563e+02
2.729174735852325639e+01 3.490221277775531661e+01 1.489031384226317130e+02 2.673804071850264563e+02
2.729174735852325639e+01 3.490221277775531661e+01 1.489031384226317130e+02 2.673804071850264563e+02
2.729174735852325639e+01 3.490221277775531661e+01 1.489031384226317130e+02 2.673804071850264563e+02
2.729174735852325639e+01 3.490221277775531661e+01 1.489031384226317130e+02 2.673804071850264563e+02
2.729174735852325639e+01 3.490221277775531661e+01 1.489031384226317130e+02 2.673804071850264563e+02
2.729174735852325639e+01 3.490221277775531661e+01 1.489031384226317130e+02 2.673804071850264563e+02
2.729174735852325639e+01 3.490221277775531661e+01 1.489031384226317130e+02 2.673804071850264563e+02
2.711669877124583650e+01 3.652505144759120981e+01 1.375428299836082147e+02 2.704653207115089231e+02
2.525110431885208584e+01 3.820262309714687632e+01 1.179478059312989160e+02 2.488291331979110339e+02
2.567475644407175039e+01 3.621530317471226823e+01 6.700198713054184907e+01 2.555219178632036972e+02
2.567475644407175039e+01 3.621530317471226823e+01 6.700198713054184907e+01 2.555219178632036972e+02
2.567475644407175039e+01 3.621530317471226823e+01 6.700198713054184907e+01 2.555219178632036972e+02
2.567475644407175039e+01 3.621530317471226823e+01 6.700198713054184907e+01 2.555219178632036972e+02
2.567475644407175039e+01 3.621530317471226823e+01 6.700198713054184907e+01 2.555219178632036972e+02
2.567475644407175039e+01 3.621530317471226823e+01 6.700198713054184907e+01 2.555219178632036972e+02
2.567475644407175039e+01 3.621530317471226823e+01 6.700198713054184907e+01 2.555219178632036972e+02
2.567475644407175039e+01 3.621530317471226823e+01 6.700198713054184907e+01 2.555219178632036972e+02
2.567475644407175039e+01 3.621530317471226823e+01 6.700198713054184907e+01 2.555219178632036972e+02
2.567475644407175039e+01 3.621530317471226823e+01 6.700198713054184907e+01 2.555219178632036972e+02
2.567475644407175039e+01 3.621530317471226823e+01 6.700198713054184907e+01 2.555219178632036972e+02
2.567475644407175039e+01 3.621530317471226823e+01 6.700198713054184907e+01 2.555219178632036972e+02
2.567475644407175039e+01 3.621530317471226823e+01 6.700198713054184907e+01 2.555219178632036972e+02
2.567475644407175039e+01 3.621530317471226823e+01 6.700198713054184907e+01 2.555219178632036972e+02
2.567475644407175039e+01 3.621530317471226823e+01 6.700198713054184907e+01 2.555219178632036972e+02
2.567475644407175039e+01 3.621530317471226823e+01 6.700198713054184907e+01 2.555219178632036972e+02
2.567475644407175039e+01 3.621530317471226823e+01 6.700198713054184907e+01 2.555219178632036972e+02
2.567475644407175039e+01 3.621530317471226823e+01 6.700198713054184907e+01 2.555219178632036972e+02
2.567475644407175039e+01 3.621530317471226823e+01 6.700198713054184907e+01 2.555219178632036972e+02
2.567475644407175039e+01 3.621530317471226823e+01 6.700198713054184907e+01 2.555219178632036972e+02
2.567475644407175039e+01 3.621530317471226823e+01 6.700198713054184907e+01 2.555219178632036972e+02
2.567475644407175039e+01 3.621530317471226823e+01 6.700198713054184907e+01 2.555219178632036972e+02
2.567475644407175039e+01 3.621530317471226823e+01 6.700198713054184907e+01 2.555219178632036972e+02
2.567475644407175039e+01 3.621530317471226823e+01 6.700198713054184907e+01 2.555219178632036972e+02
2.567475644407175039e+01 3.621530317471226823e+01 6.700198713054184907e+01 2.555219178632036972e+02
2.567475644407175039e+01 3.621530317471226823e+01 6.700198713054184907e+01 2.555219178632036972e+02
2.567475644407175039e+01 3.621530317471226823e+01 6.700198713054184907e+01 2.555219178632036972e+02
2.594853576268889839e+01 3.476893201805005873e+01 6.760047046269691862e+01 2.572404458890574119e+02
2.615581182694631934e+01 3.554533947046844844e+01 6.149847553412519119e+01 2.617267254006149528e+02
2.585435052029256653e+01 3.629560149445966033e+01 6.149929466062302197e+01 2.537546000781368889e+02
2.527108049349858021e+01 3.524978484924236000e+01 6.429583584809586227e+01 2.554603005124598951e+02
2.527108049349858021e+01 3.524978484924236000e+01 6.429583584809586227e+01 2.554603005124598951e+02
2.527108049349858021e+01 3.524978484924236000e+01 6.429583584809586227e+01 2.554603005124598951e+02
2.527108049349858021e+01 3.524978484924236000e+01 6.429583584809586227e+01 2.554603005124598951e+02
2.527108049349858021e+01 3.524978484924236000e+01 6.429583584809586227e+01 2.554603005124598951e+02
2.527108049349858021e+01 3.524978484924236000e+01 6.429583584809586227e+01 2.554603005124598951e+02
2.527108049349858021e+01 3.524978484924236000e+01 6.429583584809586227e+01 2.554603005124598951e+02
2.527108049349858021e+01 3.524978484924236000e+01 6.429583584809586227e+01 2.554603005124598951e+02
2.527108049349858021e+01 3.524978484924236000e+01 6.429583584809586227e+01 2.554603005124598951e+02
2.527108049349858021e+01 3.524978484924236000e+01 6.429583584809586227e+01 2.554603005124598951e+02
2.527108049349858021e+01 3.524978484924236000e+01 6.429583584809586227e+01 2.554603005124598951e+02
2.527108049349858021e+01 3.524978484924236000e+01 6.429583584809586227e+01 2.554603005124598951e+02
2.527108049349858021e+01 3.524978484924236000e+01 6.429583584809586227e+01 2.554603005124598951e+02
2.527108049349858021e+01 3.524978484924236000e+01 6.429583584809586227e+01 2.554603005124598951e+02
2.527108049349858021e+01 3.524978484924236000e+01 6.429583584809586227e+01 2.554603005124598951e+02
2.527108049349858021e+01 3.524978484924236000e+01 6.429583584809586227e+01 2.554603005124598951e+02
2.527108049349858021e+01 3.524978484924236000e+01 6.429583584809586227e+01 2.554603005124598951e+02
2.527108049349858021e+01 3.524978484924236000e+01 6.429583584809586227e+01 2.554603005124598951e+02
2.527108049349858021e+01 3.524978484924236000e+01 6.429583584809586227e+01 2.554603005124598951e+02
2.527108049349858021e+01 3.524978484924236000e+01 6.429583584809586227e+01 2.554603005124598951e+02
2.527108049349858021e+01 3.524978484924236000e+01 6.429583584809586227e+01 2.554603005124598951e+02
2.527108049349858021e+01 3.524978484924236000e+01 6.429583584809586227e+01 2.554603005124598951e+02
2.527108049349858021e+01 3.524978484924236000e+01 6.429583584809586227e+01 2.554603005124598951e+02
2.527108049349858021e+01 3.524978484924236000e+01 6.429583584809586227e+01 2.554603005124598951e+02
2.527108049349858021e+01 3.524978484924236000e+01 6.429583584809586227e+01 2.554603005124598951e+02
2.527108049349858021e+01 3.524978484924236000e+01 6.429583584809586227e+01 2.554603005124598951e+02
2.527108049349858021e+01 3.524978484924236000e+01 6.429583584809586227e+01 2.554603005124598951e+02
2.527108049349858021e+01 3.524978484924236000e+01 6.429583584809586227e+01 2.554603005124598951e+02
2.527108049349858021e+01 3.524978484924236000e+01 6.429583584809586227e+01 2.554603005124598951e+02
2.527108049349858021e+01 3.524978484924236000e+01 6.429583584809586227e+01 2.554603005124598951e+02
2.527108049349858021e+01 3.524978484924236000e+01 6.429583584809586227e+01 2.554603005124598951e+02
2.527108049349858021e+01 3.524978484924236000e+01 6.429583584809586227e+01 2.554603005124598951e+02
2.527108049349858021e+01 3.524978484924236000e+01 6.429583584809586227e+01 2.554603005124598951e+02
2.527108049349858021e+01 3.524978484924236000e+01 6.429583584809586227e+01 2.554603005124598951e+02
2.527108049349858021e+01 3.524978484924236000e+01 6.429583584809586227e+01 2.554603005124598951e+02
2.527108049349858021e+01 3.524978484924236000e+01 6.429583584809586227e+01 2.554603005124598951e+02
2.527108049349858021e+01 3.524978484924236000e+01 6.429583584809586227e+01 2.554603005124598951e+02
2.527108049349858021e+01 3.524978484924236000e+01 6.429583584809586227e+01 2.554603005124598951e+02
2.527108049349858021e+01 3.524978484924236000e+01 6.429583584809586227e+01 2.554603005124598951e+02
2.527108049349858021e+01 3.524978484924236000e+01 6.429583584809586227e+01 2.554603005124598951e+02
2.527108049349858021e+01 3.524978484924236000e+01 6.429583584809586227e+01 2.554603005124598951e+02
2.527108049349858021e+01 3.524978484924236000e+01 6.429583584809586227e+01 2.554603005124598951e+02
2.527108049349858021e+01 3.524978484924236000e+01 6.429583584809586227e+01 2.554603005124598951e+02
2.527108049349858021e+01 3.524978484924236000e+01 6.429583584809586227e+01 2.554603005124598951e+02
2.527108049349858021e+01 3.524978484924236000e+01 6.429583584809586227e+01 2.554603005124598951e+02
2.527108049349858021e+01 3.524978484924236000e+01 6.429583584809586227e+01 2.554603005124598951e+02
2.819970198827452990e+01 2.851155023244207598e+01 6.418416801952122341e+01 2.733165722672234210e+02
2.819970198827452990e+01 2.851155023244207598e+01 6.418416801952122341e+01 2.733165722672234210e+02
2.819970198827452990e+01 2.851155023244207598e+01 6.418416801952122341e+01 2.733165722672234210e+02
2.819970198827452990e+01 2.851155023244207598e+01 6.418416801952122341e+01 2.733165722672234210e+02
2.819970198827452990e+01 2.851155023244207598e+01 6.418416801952122341e+01 2.733165722672234210e+02
2.781893001566512780e+01 2.913117837499748575e+01 6.291007483404769118e+01 2.730052002584711204e+02
2.781893001566512780e+01 2.913117837499748575e+01 6.291007483404769118e+01 2.730052002584711204e+02
2.781893001566512780e+01 2.913117837499748575e+01 6.291007483404769118e+01 2.730052002584711204e+02
2.781893001566512780e+01 2.913117837499748575e+01 6.291007483404769118e+01 2.730052002584711204e+02
2.781893001566512780e+01 2.913117837499748575e+01 6.291007483404769118e+01 2.730052002584711204e+02
2.781893001566512780e+01 2.913117837499748575e+01 6.291007483404769118e+01 2.730052002584711204e+02
2.781893001566512780e+01 2.913117837499748575e+01 6.291007483404769118e+01 2.730052002584711204e+02
2.781893001566512780e+01 2.913117837499748575e+01 6.291007483404769118e+01 2.730052002584711204e+02
2.781893001566512780e+01 2.913117837499748575e+01 6.291007483404769118e+01 2.730052002584711204e+02
2.813814849914433935e+01 2.847658751105020869e+01 6.153573821776312514e+01 2.751722948304711167e+02
2.813814849914433935e+01 2.847658751105020869e+01 6.153573821776312514e+01 2.751722948304711167e+02
2.813814849914433935e+01 2.847658751105020869e+01 6.153573821776312514e+01 2.751722948304711167e+02
2.813814849914433935e+01 2.847658751105020869e+01 6.153573821776312514e+01 2.751722948304711167e+02
2.813814849914433935e+01 2.847658751105020869e+01 6.153573821776312514e+01 2.751722948304711167e+02
2.813814849914433935e+01 2.847658751105020869e+01 6.153573821776312514e+01 2.751722948304711167e+02
2.813814849914433935e+01 2.847658751105020869e+01 6.153573821776312514e+01 2.751722948304711167e+02
2.813814849914433935e+01 2.847658751105020869e+01 6.153573821776312514e+01 2.751722948304711167e+02
2.813814849914433935e+01 2.847658751105020869e+01 6.153573821776312514e+01 2.751722948304711167e+02
2.826634881605146887e+01 2.885198559284368969e+01 6.124060036559566100e+01 2.724922545680115036e+02
2.826634881605146887e+01 2.885198559284368969e+01 6.124060036559566100e+01 2.724922545680115036e+02
2.826634881605146887e+01 2.885198559284368969e+01 6.124060036559566100e+01 2.724922545680115036e+02
2.826634881605146887e+01 2.885198559284368969e+01 6.124060036559566100e+01 2.724922545680115036e+02
2.826634881605146887e+01 2.885198559284368969e+01 6.124060036559566100e+01 2.724922545680115036e+02
2.826634881605146887e+01 2.885198559284368969e+01 6.124060036559566100e+01 2.724922545680115036e+02
2.826634881605146887e+01 2.885198559284368969e+01 6.124060036559566100e+01 2.724922545680115036e+02
2.826634881605146887e+01 2.885198559284368969e+01 6.124060036559566100e+01 2.724922545680115036e+02
2.826634881605146887e+01 2.885198559284368969e+01 6.124060036559566100e+01 2.724922545680115036e+02
2.826634881605146887e+01 2.885198559284368969e+01 6.124060036559566100e+01 2.724922545680115036e+02
2.826634881605146887e+01 2.885198559284368969e+01 6.124060036559566100e+01 2.724922545680115036e+02
2.826634881605146887e+01 2.885198559284368969e+01 6.124060036559566100e+01 2.724922545680115036e+02
2.826634881605146887e+01 2.885198559284368969e+01 6.124060036559566100e+01 2.724922545680115036e+02
2.826634881605146887e+01 2.885198559284368969e+01 6.124060036559566100e+01 2.724922545680115036e+02
2.826634881605146887e+01 2.885198559284368969e+01 6.124060036559566100e+01 2.724922545680115036e+02
2.826634881605146887e+01 2.885198559284368969e+01 6.124060036559566100e+01 2.724922545680115036e+02
2.859468827994309237e+01 2.815060847952523204e+01 6.124429900550034489e+01 2.744157161225951995e+02
2.859468827994309237e+01 2.815060847952523204e+01 6.124429900550034489e+01 2.744157161225951995e+02
2.859468827994309237e+01 2.815060847952523204e+01 6.124429900550034489e+01 2.744157161225951995e+02
2.859468827994309237e+01 2.815060847952523204e+01 6.124429900550034489e+01 2.744157161225951995e+02
2.859468827994309237e+01 2.815060847952523204e+01 6.124429900550034489e+01 2.744157161225951995e+02
2.859468827994309237e+01 2.815060847952523204e+01 6.124429900550034489e+01 2.744157161225951995e+02
2.859468827994309237e+01 2.815060847952523204e+01 6.124429900550034489e+01 2.744157161225951995e+02
2.859468827994309237e+01 2.815060847952523204e+01 6.124429900550034489e+01 2.744157161225951995e+02
2.859468827994309237e+01 2.815060847952523204e+01 6.124429900550034489e+01 2.744157161225951995e+02
2.859468827994309237e+01 2.815060847952523204e+01 6.124429900550034489e+01 2.744157161225951995e+02
2.859468827994309237e+01 2.815060847952523204e+01 6.124429900550034489e+01 2.744157161225951995e+02
2.859468827994309237e+01 2.815060847952523204e+01 6.124429900550034489e+01 2.744157161225951995e+02
2.859468827994309237e+01 2.815060847952523204e+01 6.124429900550034489e+01 2.744157161225951995e+02
2.859468827994309237e+01 2.815060847952523204e+01 6.124429900550034489e+01 2.744157161225951995e+02
2.859468827994309237e+01 2.815060847952523204e+01 6.124429900550034489e+01 2.744157161225951995e+02
2.859468827994309237e+01 2.815060847952523204e+01 6.124429900550034489e+01 2.744157161225951995e+02
2.859468827994309237e+01 2.815060847952523204e+01 6.124429900550034489e+01 2.744157161225951995e+02
2.859468827994309237e+01 2.815060847952523204e+01 6.124429900550034489e+01 2.744157161225951995e+02
2.859468827994309237e+01 2.815060847952523204e+01 6.124429900550034489e+01 2.744157161225951995e+02
2.859468827994309237e+01 2.815060847952523204e+01 6.124429900550034489e+01 2.744157161225951995e+02
2.859468827994309237e+01 2.815060847952523204e+01 6.124429900550034489e+01 2.744157161225951995e+02
2.859468827994309237e+01 2.815060847952523204e+01 6.124429900550034489e+01 2.744157161225951995e+02
2.859468827994309237e+01 2.815060847952523204e+01 6.124429900550034489e+01 2.744157161225951995e+02
2.859468827994309237e+01 2.815060847952523204e+01 6.124429900550034489e+01 2.744157161225951995e+02
2.859468827994309237e+01 2.815060847952523204e+01 6.124429900550034489e+01 2.744157161225951995e+02
2.859468827994309237e+01 2.815060847952523204e+01 6.124429900550034489e+01 2.744157161225951995e+02
2.859468827994309237e+01 2.815060847952523204e+01 6.124429900550034489e+01 2.744157161225951995e+02
2.859468827994309237e+01 2.815060847952523204e+01 6.124429900550034489e+01 2.744157161225951995e+02
2.859468827994309237e+01 2.815060847952523204e+01 6.124429900550034489e+01 2.744157161225951995e+02
2.859468827994309237e+01 2.815060847952523204e+01 6.124429900550034489e+01 2.744157161225951995e+02
2.859468827994309237e+01 2.815060847952523204e+01 6.124429900550034489e+01 2.744157161225951995e+02
2.859468827994309237e+01 2.815060847952523204e+01 6.124429900550034489e+01 2.744157161225951995e+02
2.859468827994309237e+01 2.815060847952523204e+01 6.124429900550034489e+01 2.744157161225951995e+02
2.859468827994309237e+01 2.815060847952523204e+01 6.124429900550034489e+01 2.744157161225951995e+02
2.859468827994309237e+01 2.815060847952523204e+01 6.124429900550034489e+01 2.744157161225951995e+02
2.859468827994309237e+01 2.815060847952523204e+01 6.124429900550034489e+01 2.744157161225951995e+02
2.859468827994309237e+01 2.815060847952523204e+01 6.124429900550034489e+01 2.744157161225951995e+02
2.859468827994309237e+01 2.815060847952523204e+01 6.124429900550034489e+01 2.744157161225951995e+02
2.859468827994309237e+01 2.815060847952523204e+01 6.124429900550034489e+01 2.744157161225951995e+02
2.859468827994309237e+01 2.815060847952523204e+01 6.124429900550034489e+01 2.744157161225951995e+02
2.859468827994309237e+01 2.815060847952523204e+01 6.124429900550034489e+01 2.744157161225951995e+02
2.859468827994309237e+01 2.815060847952523204e+01 6.124429900550034489e+01 2.744157161225951995e+02
2.859468827994309237e+01 2.815060847952523204e+01 6.124429900550034489e+01 2.744157161225951995e+02
2.859468827994309237e+01 2.815060847952523204e+01 6.124429900550034489e+01 2.744157161225951995e+02
2.859468827994309237e+01 2.815060847952523204e+01 6.124429900550034489e+01 2.744157161225951995e+02
2.859468827994309237e+01 2.815060847952523204e+01 6.124429900550034489e+01 2.744157161225951995e+02
2.859468827994309237e+01 2.815060847952523204e+01 6.124429900550034489e+01 2.744157161225951995e+02
2.859468827994309237e+01 2.815060847952523204e+01 6.124429900550034489e+01 2.744157161225951995e+02
2.859468827994309237e+01 2.815060847952523204e+01 6.124429900550034489e+01 2.744157161225951995e+02
2.859468827994309237e+01 2.815060847952523204e+01 6.124429900550034489e+01 2.744157161225951995e+02
2.859468827994309237e+01 2.815060847952523204e+01 6.124429900550034489e+01 2.744157161225951995e+02
2.859468827994309237e+01 2.815060847952523204e+01 6.124429900550034489e+01 2.744157161225951995e+02
2.859468827994309237e+01 2.815060847952523204e+01 6.124429900550034489e+01 2.744157161225951995e+02
2.859468827994309237e+01 2.815060847952523204e+01 6.124429900550034489e+01 2.744157161225951995e+02
2.859468827994309237e+01 2.815060847952523204e+01 6.124429900550034489e+01 2.744157161225951995e+02
2.859468827994309237e+01 2.815060847952523204e+01 6.124429900550034489e+01 2.744157161225951995e+02
2.859468827994309237e+01 2.815060847952523204e+01 6.124429900550034489e+01 2.744157161225951995e+02
2.859468827994309237e+01 2.815060847952523204e+01 6.124429900550034489e+01 2.744157161225951995e+02
2.859468827994309237e+01 2.815060847952523204e+01 6.124429900550034489e+01 2.744157161225951995e+02
2.859468827994309237e+01 2.815060847952523204e+01 6.124429900550034489e+01 2.744157161225951995e+02
2.859468827994309237e+01 2.815060847952523204e+01 6.124429900550034489e+01 2.744157161225951995e+02
2.859468827994309237e+01 2.815060847952523204e+01 6.124429900550034489e+01 2.744157161225951995e+02
2.859468827994309237e+01 2.815060847952523204e+01 6.124429900550034489e+01 2.744157161225951995e+02
2.859468827994309237e+01 2.815060847952523204e+01 6.124429900550034489e+01 2.744157161225951995e+02
2.859468827994309237e+01 2.815060847952523204e+01 6.124429900550034489e+01 2.744157161225951995e+02
2.859468827994309237e+01 2.815060847952523204e+01 6.124429900550034489e+01 2.744157161225951995e+02
2.859468827994309237e+01 2.815060847952523204e+01 6.124429900550034489e+01 2.744157161225951995e+02
2.859468827994309237e+01 2.815060847952523204e+01 6.124429900550034489e+01 2.744157161225951995e+02
2.859468827994309237e+01 2.815060847952523204e+01 6.124429900550034489e+01 2.744157161225951995e+02
2.859468827994309237e+01 2.815060847952523204e+01 6.124429900550034489e+01 2.744157161225951995e+02
2.859468827994309237e+01 2.815060847952523204e+01 6.124429900550034489e+01 2.744157161225951995e+02
2.859468827994309237e+01 2.815060847952523204e+01 6.124429900550034489e+01 2.744157161225951995e+02
2.859468827994309237e+01 2.815060847952523204e+01 6.124429900550034489e+01 2.744157161225951995e+02
2.859468827994309237e+01 2.815060847952523204e+01 6.124429900550034489e+01 2.744157161225951995e+02
2.859468827994309237e+01 2.815060847952523204e+01 6.124429900550034489e+01 2.744157161225951995e+02
2.859468827994309237e+01 2.815060847952523204e+01 6.124429900550034489e+01 2.744157161225951995e+02
2.859468827994309237e+01 2.815060847952523204e+01 6.124429900550034489e+01 2.744157161225951995e+02
2.859468827994309237e+01 2.815060847952523204e+01 6.124429900550034489e+01 2.744157161225951995e+02
2.859468827994309237e+01 2.815060847952523204e+01 6.124429900550034489e+01 2.744157161225951995e+02
2.859468827994309237e+01 2.815060847952523204e+01 6.124429900550034489e+01 2.744157161225951995e+02
2.859468827994309237e+01 2.815060847952523204e+01 6.124429900550034489e+01 2.744157161225951995e+02
2.859468827994309237e+01 2.815060847952523204e+01 6.124429900550034489e+01 2.744157161225951995e+02
2.859468827994309237e+01 2.815060847952523204e+01 6.124429900550034489e+01 2.744157161225951995e+02
2.859468827994309237e+01 2.815060847952523204e+01 6.124429900550034489e+01 2.744157161225951995e+02
2.859468827994309237e+01 2.815060847952523204e+01 6.124429900550034489e+01 2.744157161225951995e+02
2.859468827994309237e+01 2.815060847952523204e+01 6.124429900550034489e+01 2.744157161225951995e+02
2.859468827994309237e+01 2.815060847952523204e+01 6.124429900550034489e+01 2.744157161225951995e+02
2.859468827994309237e+01 2.815060847952523204e+01 6.124429900550034489e+01 2.744157161225951995e+02
2.859468827994309237e+01 2.815060847952523204e+01 6.124429900550034489e+01 2.744157161225951995e+02
2.859468827994309237e+01 2.815060847952523204e+01 6.124429900550034489e+01 2.744157161225951995e+02
2.859468827994309237e+01 2.815060847952523204e+01 6.124429900550034489e+01 2.744157161225951995e+02
2.859468827994309237e+01 2.815060847952523204e+01 6.124429900550034489e+01 2.744157161225951995e+02
2.859468827994309237e+01 2.815060847952523204e+01 6.124429900550034489e+01 2.744157161225951995e+02
2.859468827994309237e+01 2.815060847952523204e+01 6.124429900550034489e+01 2.744157161225951995e+02
2.859468827994309237e+01 2.815060847952523204e+01 6.124429900550034489e+01 2.744157161225951995e+02
2.859468827994309237e+01 2.815060847952523204e+01 6.124429900550034489e+01 2.744157161225951995e+02
2.859468827994309237e+01 2.815060847952523204e+01 6.124429900550034489e+01 2.744157161225951995e+02
2.859468827994309237e+01 2.815060847952523204e+01 6.124429900550034489e+01 2.744157161225951995e+02
2.859468827994309237e+01 2.815060847952523204e+01 6.124429900550034489e+01 2.744157161225951995e+02
2.859468827994309237e+01 2.815060847952523204e+01 6.124429900550034489e+01 2.744157161225951995e+02
2.859468827994309237e+01 2.815060847952523204e+01 6.124429900550034489e+01 2.744157161225951995e+02
2.859468827994309237e+01 2.815060847952523204e+01 6.124429900550034489e+01 2.744157161225951995e+02
2.859468827994309237e+01 2.815060847952523204e+01 6.124429900550034489e+01 2.744157161225951995e+02
2.859468827994309237e+01 2.815060847952523204e+01 6.124429900550034489e+01 2.744157161225951995e+02
2.859468827994309237e+01 2.815060847952523204e+01 6.124429900550034489e+01 2.744157161225951995e+02
2.859468827994309237e+01 2.815060847952523204e+01 6.124429900550034489e+01 2.744157161225951995e+02
2.859468827994309237e+01 2.815060847952523204e+01 6.124429900550034489e+01 2.744157161225951995e+02
2.859468827994309237e+01 2.815060847952523204e+01 6.124429900550034489e+01 2.744157161225951995e+02
2.859468827994309237e+01 2.815060847952523204e+01 6.124429900550034489e+01 2.744157161225951995e+02
2.859468827994309237e+01 2.815060847952523204e+01 6.124429900550034489e+01 2.744157161225951995e+02
2.859468827994309237e+01 2.815060847952523204e+01 6.124429900550034489e+01 2.744157161225951995e+02
2.842871436014928932e+01 2.783774309887594711e+01 6.104154262935384878e+01 2.768138362606985083e+02
2.842871436014928932e+01 2.783774309887594711e+01 6.104154262935384878e+01 2.768138362606985083e+02
2.842871436014928932e+01 2.783774309887594711e+01 6.104154262935384878e+01 2.768138362606985083e+02
2.887413881803769300e+01 2.689162701600705674e+01 6.244707571355682774e+01 2.739483711259700272e+02
2.887413881803769300e+01 2.689162701600705674e+01 6.244707571355682774e+01 2.739483711259700272e+02
2.887413881803769300e+01 2.689162701600705674e+01 6.244707571355682774e+01 2.739483711259700272e+02
2.887413881803769300e+01 2.689162701600705674e+01 6.244707571355682774e+01 2.739483711259700272e+02
2.887413881803769300e+01 2.689162701600705674e+01 6.244707571355682774e+01 2.739483711259700272e+02
2.887413881803769300e+01 2.689162701600705674e+01 6.244707571355682774e+01 2.739483711259700272e+02
2.887413881803769300e+01 2.689162701600705674e+01 6.244707571355682774e+01 2.739483711259700272e+02
