6.903826814791893867e+02 7.899105652090685226e+02 1.034472573239818448e+06 2.477993383324655241e+01
6.549650737334400219e+02 7.968101019571741972e+02 9.546319846025840379e+05 2.482584326959593568e+01
4.477675626932946784e+02 6.472692324873393090e+02 8.970036931862876518e+05 2.463325663350547501e+01
4.477675626932946784e+02 6.472692324873393090e+02 8.970036931862876518e+05 2.463325663350547501e+01
4.129212731130057250e+02 6.075502172739211346e+02 8.819873307327565271e+05 2.490654164572560347e+01
4.129212731130057250e+02 6.075502172739211346e+02 8.819873307327565271e+05 2.490654164572560347e+01
3.975385185592438120e+02 6.020959112336435055e+02 8.659822517986852909e+05 2.521115643339478396e+01
3.975385185592438120e+02 6.020959112336435055e+02 8.659822517986852909e+05 2.521115643339478396e+01
3.975385185592438120e+02 6.020959112336435055e+02 8.659822517986852909e+05 2.521115643339478396e+01
2.925228306797794176e+02 4.954892486871563051e+02 6.870634284325009212e+05 2.533970945654564133e+01
2.122644426620457239e+02 3.620432868186194924e+02 6.968569072322606808e+05 2.526566621189353157e+01
2.122644426620457239e+02 3.620432868186194924e+02 6.968569072322606808e+05 2.526566621189353157e+01
2.122644426620457239e+02 3.620432868186194924e+02 6.968569072322606808e+05 2.526566621189353157e+01
2.122644426620457239e+02 3.620432868186194924e+02 6.968569072322606808e+05 2.526566621189353157e+01
2.122644426620457239e+02 3.620432868186194924e+02 6.968569072322606808e+05 2.526566621189353157e+01
1.635370199565205951e+02 3.406807069577837410e+02 6.593934389074129285e+05 2.596797647901686190e+01
1.507879834698550212e+02 3.247372744430762168e+02 6.363168112833807245e+05 2.638446010768552696e+01
1.475125240252546632e+02 3.154614405560093360e+02 6.471711527457155753e+05 2.666919762656266712e+01
1.413306636020554379e+02 3.287381280307360498e+02 6.067897137127470924e+05 2.596378502193678273e+01
1.146984566960644827e+02 2.218186276231429304e+02 5.720173105433789315e+05 2.788813573529579415e+01
1.146984566960644827e+02 2.218186276231429304e+02 5.720173105433789315e+05 2.788813573529579415e+01
1.255271505422603298e+02 1.780487948908970282e+02 5.384981393357990310e+05 2.926055133485385085e+01
9.238764016066900808e+01 1.461580965654392799e+02 4.451537146050446318e+05 3.191189998893815982e+01
8.528810982319610901e+01 1.264001950348032182e+02 4.160938933260383783e+05 3.178302147478552087e+01
8.528810982319610901e+01 1.264001950348032182e+02 4.160938933260383783e+05 3.178302147478552087e+01
8.528810982319610901e+01 1.264001950348032182e+02 4.160938933260383783e+05 3.178302147478552087e+01
8.528810982319610901e+01 1.264001950348032182e+02 4.160938933260383783e+05 3.178302147478552087e+01
8.528810982319610901e+01 1.264001950348032182e+02 4.160938933260383783e+05 3.178302147478552087e+01
8.528810982319610901e+01 1.264001950348032182e+02 4.160938933260383783e+05 3.178302147478552087e+01
8.528810982319610901e+01 1.264001950348032182e+02 4.160938933260383783e+05 3.178302147478552087e+01
8.528810982319610901e+01 1.264001950348032182e+02 4.160938933260383783e+05 3.178302147478552087e+01
8.641917518767247941e+01 1.177823014047305179e+02 4.204819303755055298e+05 3.119772399934475260e+01
8.641917518767247941e+01 1.177823014047305179e+02 4.204819303755055298e+05 3.119772399934475260e+01
8.539544740001977630e+01 1.115133998380685370e+02 4.181501956335918512e+05 3.322711303517294823e+01
8.566546387398568640e+01 1.096101260461147291e+02 4.149666043937853537e+05 3.237174546249249829e+01
8.566546387398568640e+01 1.096101260461147291e+02 4.149666043937853537e+05 3.237174546249249829e+01
8.195645377504763474e+01 1.137273453540187376e+02 4.002880206840189639e+05 3.145188973998008919e+01
8.363667924189516611e+01 9.983387371650080411e+01 3.994575177902998403e+05 3.259282280925576458e+01
8.363667924189516611e+01 9.983387371650080411e+01 3.994575177902998403e+05 3.259282280925576458e+01
7.758898595409050358e+01 9.925835146263253250e+01 3.942798698456757702e+05 3.485597416062457654e+01
7.758898595409050358e+01 9.925835146263253250e+01 3.942798698456757702e+05 3.485597416062457654e+01
7.758898595409050358e+01 9.925835146263253250e+01 3.942798698456757702e+05 3.485597416062457654e+01
7.569858044187292023e+01 1.046119369172065205e+02 3.853681468516702880e+05 3.275273275670590323e+01
7.569858044187292023e+01 1.046119369172065205e+02 3.853681468516702880e+05 3.275273275670590323e+01
7.569858044187292023e+01 1.046119369172065205e+02 3.853681468516702880e+05 3.275273275670590323e+01
7.569858044187292023e+01 1.046119369172065205e+02 3.853681468516702880e+05 3.275273275670590323e+01
7.692836468057102195e+01 1.067892853403792373e+02 3.721252093903648783e+05 3.132003476198894631e+01
7.692836468057102195e+01 1.067892853403792373e+02 3.721252093903648783e+05 3.132003476198894631e+01
7.692836468057102195e+01 1.067892853403792373e+02 3.721252093903648783e+05 3.132003476198894631e+01
7.692836468057102195e+01 1.067892853403792373e+02 3.721252093903648783e+05 3.132003476198894631e+01
7.025198146971941071e+01 9.569088094881630013e+01 3.303926552725409856e+05 3.829661071833492514e+01
7.025198146971941071e+01 9.569088094881630013e+01 3.303926552725409856e+05 3.829661071833492514e+01
7.025198146971941071e+01 9.569088094881630013e+01 3.303926552725409856e+05 3.829661071833492514e+01
6.222887665665471246e+01 9.590816088477743051e+01 2.908127829066033009e+05 4.280583041490235274e+01
6.222887665665471246e+01 9.590816088477743051e+01 2.908127829066033009e+05 4.280583041490235274e+01
6.222887665665471246e+01 9.590816088477743051e+01 2.908127829066033009e+05 4.280583041490235274e+01
6.222887665665471246e+01 9.590816088477743051e+01 2.908127829066033009e+05 4.280583041490235274e+01
6.222887665665471246e+01 9.590816088477743051e+01 2.908127829066033009e+05 4.280583041490235274e+01
6.222887665665471246e+01 9.590816088477743051e+01 2.908127829066033009e+05 4.280583041490235274e+01
6.400874334870921700e+01 9.669600406385622193e+01 2.871614907956634997e+05 4.094223937355989307e+01
6.400874334870921700e+01 9.669600406385622193e+01 2.871614907956634997e+05 4.094223937355989307e+01
5.467247170727877403e+01 1.102249180745686061e+02 2.137576637905636744e+05 4.885025204694474610e+01
4.775502625770990051e+01 9.312584761433262770e+01 2.091666783558060415e+05 5.743375877811155306e+01
4.775502625770990051e+01 9.312584761433262770e+01 2.091666783558060415e+05 5.743375877811155306e+01
4.775502625770990051e+01 9.312584761433262770e+01 2.091666783558060415e+05 5.743375877811155306e+01
4.775502625770990051e+01 9.312584761433262770e+01 2.091666783558060415e+05 5.743375877811155306e+01
4.687080309712916915e+01 9.614524256379155531e+01 1.825773036627132387e+05 5.418655359533351401e+01
4.687080309712916915e+01 9.614524256379155531e+01 1.825773036627132387e+05 5.418655359533351401e+01
4.687080309712916915e+01 9.614524256379155531e+01 1.825773036627132387e+05 5.418655359533351401e+01
4.687080309712916915e+01 9.614524256379155531e+01 1.825773036627132387e+05 5.418655359533351401e+01
4.502170478665247799e+01 9.450492911216845471e+01 1.773970419756734045e+05 5.834009642080876290e+01
4.502170478665247799e+01 9.450492911216845471e+01 1.773970419756734045e+05 5.834009642080876290e+01
4.325267442936819862e+01 8.774147115935117824e+01 1.722747332230643369e+05 6.439194416955177758e+01
4.325267442936819862e+01 8.774147115935117824e+01 1.722747332230643369e+05 6.439194416955177758e+01
4.325267442936819862e+01 8.774147115935117824e+01 1.722747332230643369e+05 6.439194416955177758e+01
4.325267442936819862e+01 8.774147115935117824e+01 1.722747332230643369e+05 6.439194416955177758e+01
4.325267442936819862e+01 8.774147115935117824e+01 1.722747332230643369e+05 6.439194416955177758e+01
4.325267442936819862e+01 8.774147115935117824e+01 1.722747332230643369e+05 6.439194416955177758e+01
4.325267442936819862e+01 8.774147115935117824e+01 1.722747332230643369e+05 6.439194416955177758e+01
4.325267442936819862e+01 8.774147115935117824e+01 1.722747332230643369e+05 6.439194416955177758e+01
4.325267442936819862e+01 8.774147115935117824e+01 1.722747332230643369e+05 6.439194416955177758e+01
4.436150018106915383e+01 9.033641588924457722e+01 1.763011640330182563e+05 5.688556758155723259e+01
4.429939110269032909e+01 9.244238118196251719e+01 1.597404755110258120e+05 5.557824349370591221e+01
4.268995225778034808e+01 8.600234936461893653e+01 1.594382208856295911e+05 5.661309065210532765e+01
3.702485407664119066e+01 1.027930737720832752e+02 1.438607151819213759e+05 5.162523817474800580e+01
3.764225055469246684e+01 8.742802947015007931e+01 1.317202414834577648e+05 5.301456982360517856e+01
3.224410117815009613e+01 9.795423682807179944e+01 8.205756155455412227e+04 7.029074408101776328e+01
2.844465624272998028e+01 9.131138089665364532e+01 6.874839389878712245e+04 7.155647132823629875e+01
2.844465624272998028e+01 9.131138089665364532e+01 6.874839389878712245e+04 7.155647132823629875e+01
2.844465624272998028e+01 9.131138089665364532e+01 6.874839389878712245e+04 7.155647132823629875e+01
2.844465624272998028e+01 9.131138089665364532e+01 6.874839389878712245e+04 7.155647132823629875e+01
2.844465624272998028e+01 9.131138089665364532e+01 6.874839389878712245e+04 7.155647132823629875e+01
3.270297757273077366e+01 6.929149640981911773e+01 5.971302375664059218e+04 8.570214628523780220e+01
3.283194975704557805e+01 6.419803325117524651e+01 6.428121535563777434e+04 7.891136513589800927e+01
3.283194975704557805e+01 6.419803325117524651e+01 6.428121535563777434e+04 7.891136513589800927e+01
3.283194975704557805e+01 6.419803325117524651e+01 6.428121535563777434e+04 7.891136513589800927e+01
3.156948993088694877e+01 6.485008769644268511e+01 6.479974860635281948e+04 7.719062296202990581e+01
3.156948993088694877e+01 6.485008769644268511e+01 6.479974860635281948e+04 7.719062296202990581e+01
3.156948993088694877e+01 6.485008769644268511e+01 6.479974860635281948e+04 7.719062296202990581e+01
3.156948993088694877e+01 6.485008769644268511e+01 6.479974860635281948e+04 7.719062296202990581e+01
2.978655521540853712e+01 6.443480703695212242e+01 4.236823719447986514e+04 9.837771246323562480e+01
2.978655521540853712e+01 6.443480703695212242e+01 4.236823719447986514e+04 9.837771246323562480e+01
2.819097236139698026e+01 6.379855903443094434e+01 4.170016050572100357e+04 9.646641378075129580e+01
2.819097236139698026e+01 6.379855903443094434e+01 4.170016050572100357e+04 9.646641378075129580e+01
2.951828354854499636e+01 6.544625324752963991e+01 3.918114966234829626e+04 8.829954067033996523e+01
2.951828354854499636e+01 6.544625324752963991e+01 3.918114966234829626e+04 8.829954067033996523e+01
2.951828354854499636e+01 6.544625324752963991e+01 3.918114966234829626e+04 8.829954067033996523e+01
2.951828354854499636e+01 6.544625324752963991e+01 3.918114966234829626e+04 8.829954067033996523e+01
2.951828354854499636e+01 6.544625324752963991e+01 3.918114966234829626e+04 8.829954067033996523e+01
2.951828354854499636e+01 6.544625324752963991e+01 3.918114966234829626e+04 8.829954067033996523e+01
2.922568970853858161e+01 6.071106161099451981e+01 2.865597495950713346e+04 1.128847604365252693e+02
2.922568970853858161e+01 6.071106161099451981e+01 2.865597495950713346e+04 1.128847604365252693e+02
2.922568970853858161e+01 6.071106161099451981e+01 2.865597495950713346e+04 1.128847604365252693e+02
2.922568970853858161e+01 6.071106161099451981e+01 2.865597495950713346e+04 1.128847604365252693e+02
2.798855737834102797e+01 6.907542153249734440e+01 2.643670845716455369e+04 1.089629570239145266e+02
2.756146242130523305e+01 6.981266196692391190e+01 2.401177212748261081e+04 1.147038053796530761e+02
2.796554323263065456e+01 6.995721037430730860e+01 2.438946378097070556e+04 1.081194513791264313e+02
2.796554323263065456e+01 6.995721037430730860e+01 2.438946378097070556e+04 1.081194513791264313e+02
2.796554323263065456e+01 6.995721037430730860e+01 2.438946378097070556e+04 1.081194513791264313e+02
2.796554323263065456e+01 6.995721037430730860e+01 2.438946378097070556e+04 1.081194513791264313e+02
2.796554323263065456e+01 6.995721037430730860e+01 2.438946378097070556e+04 1.081194513791264313e+02
2.796554323263065456e+01 6.995721037430730860e+01 2.438946378097070556e+04 1.081194513791264313e+02
2.796554323263065456e+01 6.995721037430730860e+01 2.438946378097070556e+04 1.081194513791264313e+02
2.546378808336144317e+01 8.151264478286796589e+01 2.049301152727234512e+04 1.161810488744001901e+02
2.457108089033554776e+01 8.155121743186501249e+01 1.615084304532216629e+04 1.332826266684978123e+02
2.457108089033554776e+01 8.155121743186501249e+01 1.615084304532216629e+04 1.332826266684978123e+02
2.457108089033554776e+01 8.155121743186501249e+01 1.615084304532216629e+04 1.332826266684978123e+02
2.420299914361074656e+01 7.961855356408240425e+01 1.444156157447573787e+04 1.442608200567248957e+02
2.301079043144015301e+01 9.039991412059215747e+01 9.897475646461452925e+03 1.521039015446436338e+02
2.210580715160944365e+01 9.053143615158354862e+01 9.381783787022808610e+03 1.623251913177988683e+02
2.209612665768215933e+01 8.485269976779099466e+01 9.587881612308769036e+03 1.591100817908053102e+02
2.319502651380233971e+01 8.375533076847689529e+01 9.062763125506797223e+03 1.587135869978039295e+02
2.232756761930982847e+01 8.704826134875732180e+01 7.531424228590969506e+03 1.604670818442396296e+02
2.293531947195783971e+01 7.912309715393159593e+01 7.323887738093571897e+03 1.662213976072509638e+02
2.277218443731523223e+01 7.578163387898869985e+01 6.968971823935363318e+03 1.659217721053091736e+02
2.291888964395101169e+01 8.392746970117147498e+01 5.783074957527023798e+03 1.633681497251065480e+02
2.102586530452537161e+01 7.822659461891593935e+01 4.844423021816052824e+03 1.646289783592831952e+02
2.068807200230657628e+01 7.473249028321842502e+01 5.080748500923037682e+03 1.648695728238636207e+02
2.121320332745346349e+01 7.416393020296622751e+01 4.657940395785859437e+03 1.640469024545609500e+02
2.153972032670536407e+01 7.893773332853317015e+01 3.439324575836329132e+03 1.673005803103191624e+02
2.187632161927623287e+01 7.777915146541988634e+01 1.772791886597685220e+02 1.856705648086038423e+02
2.187632161927623287e+01 7.777915146541988634e+01 1.772791886597685220e+02 1.856705648086038423e+02
2.187632161927623287e+01 7.777915146541988634e+01 1.772791886597685220e+02 1.856705648086038423e+02
2.187632161927623287e+01 7.777915146541988634e+01 1.772791886597685220e+02 1.856705648086038423e+02
2.162253513739369382e+01 7.849674627370251301e+01 1.779495030698529945e+02 1.832137218307693729e+02
2.162253513739369382e+01 7.849674627370251301e+01 1.779495030698529945e+02 1.832137218307693729e+02
2.255574025748533273e+01 7.936725182564443060e+01 1.655021072276945802e+02 1.822523212371065711e+02
2.254855620272860861e+01 7.926715377730569401e+01 1.616202739333436682e+02 1.760258805316907171e+02
2.194144796499728045e+01 8.280144163825286796e+01 1.493961460242558132e+02 1.841862964595079291e+02
2.170817037663068660e+01 8.258827398092093119e+01 1.410573351858313913e+02 1.845080122024599518e+02
2.170817037663068660e+01 8.258827398092093119e+01 1.410573351858313913e+02 1.845080122024599518e+02
2.106370537085879491e+01 9.429879894191500966e+01 9.516214002358081814e+01 1.918145307611033843e+02
2.106370537085879491e+01 9.429879894191500966e+01 9.516214002358081814e+01 1.918145307611033843e+02
2.106370537085879491e+01 9.429879894191500966e+01 9.516214002358081814e+01 1.918145307611033843e+02
2.106370537085879491e+01 9.429879894191500966e+01 9.516214002358081814e+01 1.918145307611033843e+02
2.106370537085879491e+01 9.429879894191500966e+01 9.516214002358081814e+01 1.918145307611033843e+02
2.106370537085879491e+01 9.429879894191500966e+01 9.516214002358081814e+01 1.918145307611033843e+02
2.106370537085879491e+01 9.429879894191500966e+01 9.516214002358081814e+01 1.918145307611033843e+02
2.106370537085879491e+01 9.429879894191500966e+01 9.516214002358081814e+01 1.918145307611033843e+02
2.106370537085879491e+01 9.429879894191500966e+01 9.516214002358081814e+01 1.918145307611033843e+02
2.106370537085879491e+01 9.429879894191500966e+01 9.516214002358081814e+01 1.918145307611033843e+02
2.106370537085879491e+01 9.429879894191500966e+01 9.516214002358081814e+01 1.918145307611033843e+02
2.106370537085879491e+01 9.429879894191500966e+01 9.516214002358081814e+01 1.918145307611033843e+02
2.106370537085879491e+01 9.429879894191500966e+01 9.516214002358081814e+01 1.918145307611033843e+02
2.106370537085879491e+01 9.429879894191500966e+01 9.516214002358081814e+01 1.918145307611033843e+02
2.106370537085879491e+01 9.429879894191500966e+01 9.516214002358081814e+01 1.918145307611033843e+02
2.106370537085879491e+01 9.429879894191500966e+01 9.516214002358081814e+01 1.918145307611033843e+02
2.106370537085879491e+01 9.429879894191500966e+01 9.516214002358081814e+01 1.918145307611033843e+02
2.106370537085879491e+01 9.429879894191500966e+01 9.516214002358081814e+01 1.918145307611033843e+02
2.106370537085879491e+01 9.429879894191500966e+01 9.516214002358081814e+01 1.918145307611033843e+02
2.106370537085879491e+01 9.429879894191500966e+01 9.516214002358081814e+01 1.918145307611033843e+02
2.106370537085879491e+01 9.429879894191500966e+01 9.516214002358081814e+01 1.918145307611033843e+02
2.106370537085879491e+01 9.429879894191500966e+01 9.516214002358081814e+01 1.918145307611033843e+02
2.106370537085879491e+01 9.429879894191500966e+01 9.516214002358081814e+01 1.918145307611033843e+02
2.106370537085879491e+01 9.429879894191500966e+01 9.516214002358081814e+01 1.918145307611033843e+02
2.106370537085879491e+01 9.429879894191500966e+01 9.516214002358081814e+01 1.918145307611033843e+02
2.110536254447946902e+01 9.203842595194855392e+01 9.638933293369710498e+01 1.863755831922856885e+02
2.110536254447946902e+01 9.203842595194855392e+01 9.638933293369710498e+01 1.863755831922856885e+02
2.110536254447946902e+01 9.203842595194855392e+01 9.638933293369710498e+01 1.863755831922856885e+02
2.110536254447946902e+01 9.203842595194855392e+01 9.638933293369710498e+01 1.863755831922856885e+02
2.110536254447946902e+01 9.203842595194855392e+01 9.638933293369710498e+01 1.863755831922856885e+02
2.110536254447946902e+01 9.203842595194855392e+01 9.638933293369710498e+01 1.863755831922856885e+02
2.110536254447946902e+01 9.203842595194855392e+01 9.638933293369710498e+01 1.863755831922856885e+02
2.110536254447946902e+01 9.203842595194855392e+01 9.638933293369710498e+01 1.863755831922856885e+02
2.110536254447946902e+01 9.203842595194855392e+01 9.638933293369710498e+01 1.863755831922856885e+02
2.110536254447946902e+01 9.203842595194855392e+01 9.638933293369710498e+01 1.863755831922856885e+02
2.110536254447946902e+01 9.203842595194855392e+01 9.638933293369710498e+01 1.863755831922856885e+02
2.110536254447946902e+01 9.203842595194855392e+01 9.638933293369710498e+01 1.863755831922856885e+02
2.110536254447946902e+01 9.203842595194855392e+01 9.638933293369710498e+01 1.863755831922856885e+02
2.110536254447946902e+01 9.203842595194855392e+01 9.638933293369710498e+01 1.863755831922856885e+02
2.110536254447946902e+01 9.203842595194855392e+01 9.638933293369710498e+01 1.863755831922856885e+02
2.110536254447946902e+01 9.203842595194855392e+01 9.638933293369710498e+01 1.863755831922856885e+02
2.288426092014682212e+01 8.935898081601021659e+01 9.569192381774834644e+01 1.744875059185366695e+02
2.288426092014682212e+01 8.935898081601021659e+01 9.569192381774834644e+01 1.744875059185366695e+02
2.288426092014682212e+01 8.935898081601021659e+01 9.569192381774834644e+01 1.744875059185366695e+02
2.288426092014682212e+01 8.935898081601021659e+01 9.569192381774834644e+01 1.744875059185366695e+02
2.288426092014682212e+01 8.935898081601021659e+01 9.569192381774834644e+01 1.744875059185366695e+02
2.288426092014682212e+01 8.935898081601021659e+01 9.569192381774834644e+01 1.744875059185366695e+02
2.288426092014682212e+01 8.935898081601021659e+01 9.569192381774834644e+01 1.744875059185366695e+02
2.288426092014682212e+01 8.935898081601021659e+01 9.569192381774834644e+01 1.744875059185366695e+02
2.288426092014682212e+01 8.935898081601021659e+01 9.569192381774834644e+01 1.744875059185366695e+02
2.288426092014682212e+01 8.935898081601021659e+01 9.569192381774834644e+01 1.744875059185366695e+02
2.288426092014682212e+01 8.935898081601021659e+01 9.569192381774834644e+01 1.744875059185366695e+02
2.288426092014682212e+01 8.935898081601021659e+01 9.569192381774834644e+01 1.744875059185366695e+02
2.288426092014682212e+01 8.935898081601021659e+01 9.569192381774834644e+01 1.744875059185366695e+02
2.288426092014682212e+01 8.935898081601021659e+01 9.569192381774834644e+01 1.744875059185366695e+02
2.288426092014682212e+01 8.935898081601021659e+01 9.569192381774834644e+01 1.744875059185366695e+02
2.288426092014682212e+01 8.935898081601021659e+01 9.569192381774834644e+01 1.744875059185366695e+02
2.288426092014682212e+01 8.935898081601021659e+01 9.569192381774834644e+01 1.744875059185366695e+02
2.288426092014682212e+01 8.935898081601021659e+01 9.569192381774834644e+01 1.744875059185366695e+02
2.307166113354946191e+01 8.808781034442425550e+01 9.647447013556485729e+01 1.736472388059145260e+02
2.306287023415445248e+01 8.688246068471049455e+01 9.700312728001449614e+01 1.741949043856988055e+02
2.306287023415445248e+01 8.688246068471049455e+01 9.700312728001449614e+01 1.741949043856988055e+02
2.306287023415445248e+01 8.688246068471049455e+01 9.700312728001449614e+01 1.741949043856988055e+02
2.291446893895210835e+01 8.607133126169445347e+01 9.577931756330941937e+01 1.762436930246389011e+02
2.291446893895210835e+01 8.607133126169445347e+01 9.577931756330941937e+01 1.762436930246389011e+02
2.291446893895210835e+01 8.607133126169445347e+01 9.577931756330941937e+01 1.762436930246389011e+02
2.291446893895210835e+01 8.607133126169445347e+01 9.577931756330941937e+01 1.762436930246389011e+02
2.291446893895210835e+01 8.607133126169445347e+01 9.577931756330941937e+01 1.762436930246389011e+02
2.291446893895210835e+01 8.607133126169445347e+01 9.577931756330941937e+01 1.762436930246389011e+02
2.291446893895210835e+01 8.607133126169445347e+01 9.577931756330941937e+01 1.762436930246389011e+02
2.264967703944625654e+01 8.632445675393998386e+01 9.606986020177258467e+01 1.768800727644375570e+02
2.264967703944625654e+01 8.632445675393998386e+01 9.606986020177258467e+01 1.768800727644375570e+02
2.264967703944625654e+01 8.632445675393998386e+01 9.606986020177258467e+01 1.768800727644375570e+02
2.264967703944625654e+01 8.632445675393998386e+01 9.606986020177258467e+01 1.768800727644375570e+02
2.264967703944625654e+01 8.632445675393998386e+01 9.606986020177258467e+01 1.768800727644375570e+02
2.264967703944625654e+01 8.632445675393998386e+01 9.606986020177258467e+01 1.768800727644375570e+02
2.264967703944625654e+01 8.632445675393998386e+01 9.606986020177258467e+01 1.768800727644375570e+02
2.264967703944625654e+01 8.632445675393998386e+01 9.606986020177258467e+01 1.768800727644375570e+02
2.264967703944625654e+01 8.632445675393998386e+01 9.606986020177258467e+01 1.768800727644375570e+02
2.264967703944625654e+01 8.632445675393998386e+01 9.606986020177258467e+01 1.768800727644375570e+02
2.219506274439710936e+01 8.560698946730472869e+01 9.483044779293069837e+01 1.826638415818926831e+02
2.219506274439710936e+01 8.560698946730472869e+01 9.483044779293069837e+01 1.826638415818926831e+02
2.237206414838964008e+01 8.470820321493764027e+01 9.618783397134481561e+01 1.779547570664474847e+02
2.237206414838964008e+01 8.470820321493764027e+01 9.618783397134481561e+01 1.779547570664474847e+02
2.185389322943586166e+01 8.724352710744085471e+01 9.471539762620311365e+01 1.791504560420929408e+02
2.185389322943586166e+01 8.724352710744085471e+01 9.471539762620311365e+01 1.791504560420929408e+02
2.185389322943586166e+01 8.724352710744085471e+01 9.471539762620311365e+01 1.791504560420929408e+02
2.185389322943586166e+01 8.724352710744085471e+01 9.471539762620311365e+01 1.791504560420929408e+02
2.185389322943586166e+01 8.724352710744085471e+01 9.471539762620311365e+01 1.791504560420929408e+02
2.185389322943586166e+01 8.724352710744085471e+01 9.471539762620311365e+01 1.791504560420929408e+02
2.185389322943586166e+01 8.724352710744085471e+01 9.471539762620311365e+01 1.791504560420929408e+02
2.185389322943586166e+01 8.724352710744085471e+01 9.471539762620311365e+01 1.791504560420929408e+02
2.232025112481306550e+01 8.463982478787984576e+01 9.462904501097209220e+01 1.775942687292974540e+02
2.232025112481306550e+01 8.463982478787984576e+01 9.462904501097209220e+01 1.775942687292974540e+02
2.232025112481306550e+01 8.463982478787984576e+01 9.462904501097209220e+01 1.775942687292974540e+02
2.232025112481306550e+01 8.463982478787984576e+01 9.462904501097209220e+01 1.775942687292974540e+02
2.232025112481306550e+01 8.463982478787984576e+01 9.462904501097209220e+01 1.775942687292974540e+02
2.232025112481306550e+01 8.463982478787984576e+01 9.462904501097209220e+01 1.775942687292974540e+02
2.232025112481306550e+01 8.463982478787984576e+01 9.462904501097209220e+01 1.775942687292974540e+02
2.232025112481306550e+01 8.463982478787984576e+01 9.462904501097209220e+01 1.775942687292974540e+02
2.232025112481306550e+01 8.463982478787984576e+01 9.462904501097209220e+01 1.775942687292974540e+02
2.235176482370384576e+01 8.520223782991969586e+01 9.426835531374220523e+01 1.764817927540891560e+02
2.235176482370384576e+01 8.520223782991969586e+01 9.426835531374220523e+01 1.764817927540891560e+02
2.235176482370384576e+01 8.520223782991969586e+01 9.426835531374220523e+01 1.764817927540891560e+02
2.235176482370384576e+01 8.520223782991969586e+01 9.426835531374220523e+01 1.764817927540891560e+02
2.235176482370384576e+01 8.520223782991969586e+01 9.426835531374220523e+01 1.764817927540891560e+02
2.235176482370384576e+01 8.520223782991969586e+01 9.426835531374220523e+01 1.764817927540891560e+02
2.235176482370384576e+01 8.520223782991969586e+01 9.426835531374220523e+01 1.764817927540891560e+02
2.235176482370384576e+01 8.520223782991969586e+01 9.426835531374220523e+01 1.764817927540891560e+02
2.235176482370384576e+01 8.520223782991969586e+01 9.426835531374220523e+01 1.764817927540891560e+02
2.235176482370384576e+01 8.520223782991969586e+01 9.426835531374220523e+01 1.764817927540891560e+02
2.235176482370384576e+01 8.520223782991969586e+01 9.426835531374220523e+01 1.764817927540891560e+02
2.235176482370384576e+01 8.520223782991969586e+01 9.426835531374220523e+01 1.764817927540891560e+02
2.235176482370384576e+01 8.520223782991969586e+01 9.426835531374220523e+01 1.764817927540891560e+02
2.235176482370384576e+01 8.520223782991969586e+01 9.426835531374220523e+01 1.764817927540891560e+02
2.235176482370384576e+01 8.520223782991969586e+01 9.426835531374220523e+01 1.764817927540891560e+02
2.235176482370384576e+01 8.520223782991969586e+01 9.426835531374220523e+01 1.764817927540891560e+02
2.235176482370384576e+01 8.520223782991969586e+01 9.426835531374220523e+01 1.764817927540891560e+02
2.235176482370384576e+01 8.520223782991969586e+01 9.426835531374220523e+01 1.764817927540891560e+02
2.235176482370384576e+01 8.520223782991969586e+01 9.426835531374220523e+01 1.764817927540891560e+02
2.235176482370384576e+01 8.520223782991969586e+01 9.426835531374220523e+01 1.764817927540891560e+02
2.235176482370384576e+01 8.520223782991969586e+01 9.426835531374220523e+01 1.764817927540891560e+02
2.235176482370384576e+01 8.520223782991969586e+01 9.426835531374220523e+01 1.764817927540891560e+02
2.235176482370384576e+01 8.520223782991969586e+01 9.426835531374220523e+01 1.764817927540891560e+02
2.235176482370384576e+01 8.520223782991969586e+01 9.426835531374220523e+01 1.764817927540891560e+02
2.235176482370384576e+01 8.520223782991969586e+01 9.426835531374220523e+01 1.764817927540891560e+02
2.235176482370384576e+01 8.520223782991969586e+01 9.426835531374220523e+01 1.764817927540891560e+02
2.235176482370384576e+01 8.520223782991969586e+01 9.426835531374220523e+01 1.764817927540891560e+02
2.235176482370384576e+01 8.520223782991969586e+01 9.426835531374220523e+01 1.764817927540891560e+02
2.235176482370384576e+01 8.520223782991969586e+01 9.426835531374220523e+01 1.764817927540891560e+02
2.235176482370384576e+01 8.520223782991969586e+01 9.426835531374220523e+01 1.764817927540891560e+02
2.235176482370384576e+01 8.520223782991969586e+01 9.426835531374220523e+01 1.764817927540891560e+02
2.235176482370384576e+01 8.520223782991969586e+01 9.426835531374220523e+01 1.764817927540891560e+02
2.235176482370384576e+01 8.520223782991969586e+01 9.426835531374220523e+01 1.764817927540891560e+02
2.235176482370384576e+01 8.520223782991969586e+01 9.426835531374220523e+01 1.764817927540891560e+02
2.193984924531995873e+01 8.572131602228394343e+01 9.406110816701011856e+01 1.773161450731892330e+02
2.193984924531995873e+01 8.572131602228394343e+01 9.406110816701011856e+01 1.773161450731892330e+02
2.193984924531995873e+01 8.572131602228394343e+01 9.406110816701011856e+01 1.773161450731892330e+02
2.193984924531995873e+01 8.572131602228394343e+01 9.406110816701011856e+01 1.773161450731892330e+02
2.212708971249201895e+01 8.494601412967122656e+01 9.332774203534620483e+01 1.773716472822025025e+02
2.212708971249201895e+01 8.494601412967122656e+01 9.332774203534620483e+01 1.773716472822025025e+02
2.212708971249201895e+01 8.494601412967122656e+01 9.332774203534620483e+01 1.773716472822025025e+02
2.212708971249201895e+01 8.494601412967122656e+01 9.332774203534620483e+01 1.773716472822025025e+02
2.212708971249201895e+01 8.494601412967122656e+01 9.332774203534620483e+01 1.773716472822025025e+02
2.212708971249201895e+01 8.494601412967122656e+01 9.332774203534620483e+01 1.773716472822025025e+02
2.212708971249201895e+01 8.494601412967122656e+01 9.332774203534620483e+01 1.773716472822025025e+02
2.212708971249201895e+01 8.494601412967122656e+01 9.332774203534620483e+01 1.773716472822025025e+02
2.212708971249201895e+01 8.494601412967122656e+01 9.332774203534620483e+01 1.773716472822025025e+02
2.212708971249201895e+01 8.494601412967122656e+01 9.332774203534620483e+01 1.773716472822025025e+02
2.212708971249201895e+01 8.494601412967122656e+01 9.332774203534620483e+01 1.773716472822025025e+02
2.212708971249201895e+01 8.494601412967122656e+01 9.332774203534620483e+01 1.773716472822025025e+02
2.212708971249201895e+01 8.494601412967122656e+01 9.332774203534620483e+01 1.773716472822025025e+02
2.212708971249201895e+01 8.494601412967122656e+01 9.332774203534620483e+01 1.773716472822025025e+02
2.212708971249201895e+01 8.494601412967122656e+01 9.332774203534620483e+01 1.773716472822025025e+02
2.212708971249201895e+01 8.494601412967122656e+01 9.332774203534620483e+01 1.773716472822025025e+02
2.212708971249201895e+01 8.494601412967122656e+01 9.332774203534620483e+01 1.773716472822025025e+02
2.212708971249201895e+01 8.494601412967122656e+01 9.332774203534620483e+01 1.773716472822025025e+02
2.212708971249201895e+01 8.494601412967122656e+01 9.332774203534620483e+01 1.773716472822025025e+02
2.212708971249201895e+01 8.494601412967122656e+01 9.332774203534620483e+01 1.773716472822025025e+02
2.212708971249201895e+01 8.494601412967122656e+01 9.332774203534620483e+01 1.773716472822025025e+02
2.212708971249201895e+01 8.494601412967122656e+01 9.332774203534620483e+01 1.773716472822025025e+02
2.212708971249201895e+01 8.494601412967122656e+01 9.332774203534620483e+01 1.773716472822025025e+02
2.212708971249201895e+01 8.494601412967122656e+01 9.332774203534620483e+01 1.773716472822025025e+02
2.124806582970648705e+01 8.505449818815503704e+01 9.252537450789652951e+01 1.811400853556460504e+02
2.124806582970648705e+01 8.505449818815503704e+01 9.252537450789652951e+01 1.811400853556460504e+02
2.124806582970648705e+01 8.505449818815503704e+01 9.252537450789652951e+01 1.811400853556460504e+02
2.124806582970648705e+01 8.505449818815503704e+01 9.252537450789652951e+01 1.811400853556460504e+02
2.192479147467638256e+01 8.389822288907967618e+01 9.162770086120715973e+01 1.782778066059393609e+02
2.192479147467638256e+01 8.389822288907967618e+01 9.162770086120715973e+01 1.782778066059393609e+02
2.197506446812029424e+01 8.520534157733953862e+01 9.141278458014741659e+01 1.731514519874503719e+02
2.197506446812029424e+01 8.520534157733953862e+01 9.141278458014741659e+01 1.731514519874503719e+02
2.174614970979585138e+01 8.538079387880038951e+01 9.202257087973700322e+01 1.721232971908090974e+02
2.174614970979585138e+01 8.538079387880038951e+01 9.202257087973700322e+01 1.721232971908090974e+02
2.174614970979585138e+01 8.538079387880038951e+01 9.202257087973700322e+01 1.721232971908090974e+02
2.174614970979585138e+01 8.538079387880038951e+01 9.202257087973700322e+01 1.721232971908090974e+02
2.174614970979585138e+01 8.538079387880038951e+01 9.202257087973700322e+01 1.721232971908090974e+02
2.179519402812178441e+01 8.537103766108428715e+01 8.885709635653556404e+01 1.720573205002077657e+02
2.179519402812178441e+01 8.537103766108428715e+01 8.885709635653556404e+01 1.720573205002077657e+02
2.179519402812178441e+01 8.537103766108428715e+01 8.885709635653556404e+01 1.720573205002077657e+02
2.179519402812178441e+01 8.537103766108428715e+01 8.885709635653556404e+01 1.720573205002077657e+02
2.169993752050165980e+01 8.428858857363998425e+01 8.948878426417903142e+01 1.727593131211561399e+02
2.169993752050165980e+01 8.428858857363998425e+01 8.948878426417903142e+01 1.727593131211561399e+02
2.169993752050165980e+01 8.428858857363998425e+01 8.948878426417903142e+01 1.727593131211561399e+02
2.169993752050165980e+01 8.428858857363998425e+01 8.948878426417903142e+01 1.727593131211561399e+02
2.169993752050165980e+01 8.428858857363998425e+01 8.948878426417903142e+01 1.727593131211561399e+02
2.169993752050165980e+01 8.428858857363998425e+01 8.948878426417903142e+01 1.727593131211561399e+02
2.169993752050165980e+01 8.428858857363998425e+01 8.948878426417903142e+01 1.727593131211561399e+02
2.160672071091140012e+01 8.327798318638650699e+01 8.761203829348860950e+01 1.770435101299142673e+02
2.160672071091140012e+01 8.327798318638650699e+01 8.761203829348860950e+01 1.770435101299142673e+02
2.160672071091140012e+01 8.327798318638650699e+01 8.761203829348860950e+01 1.770435101299142673e+02
2.160672071091140012e+01 8.327798318638650699e+01 8.761203829348860950e+01 1.770435101299142673e+02
2.160672071091140012e+01 8.327798318638650699e+01 8.761203829348860950e+01 1.770435101299142673e+02
2.160672071091140012e+01 8.327798318638650699e+01 8.761203829348860950e+01 1.770435101299142673e+02
2.191784179257869880e+01 8.117387070570248397e+01 8.909545510288688774e+01 1.723139873677639287e+02
2.191784179257869880e+01 8.117387070570248397e+01 8.909545510288688774e+01 1.723139873677639287e+02
2.191784179257869880e+01 8.117387070570248397e+01 8.909545510288688774e+01 1.723139873677639287e+02
2.148295700841745060e+01 8.115745089446869542e+01 8.945978377530866510e+01 1.737034081499501781e+02
2.222051455852729873e+01 7.856062215083083800e+01 8.913312577599366193e+01 1.706562498027625168e+02
2.222051455852729873e+01 7.856062215083083800e+01 8.913312577599366193e+01 1.706562498027625168e+02
2.222051455852729873e+01 7.856062215083083800e+01 8.913312577599366193e+01 1.706562498027625168e+02
2.222051455852729873e+01 7.856062215083083800e+01 8.913312577599366193e+01 1.706562498027625168e+02
2.264264413040296020e+01 7.742652437728018811e+01 8.946788875789454210e+01 1.718498193047948917e+02
2.264264413040296020e+01 7.742652437728018811e+01 8.946788875789454210e+01 1.718498193047948917e+02
2.264264413040296020e+01 7.742652437728018811e+01 8.946788875789454210e+01 1.718498193047948917e+02
2.241481390917604699e+01 7.873441323906152434e+01 8.990107712008523322e+01 1.697230397250314411e+02
2.241481390917604699e+01 7.873441323906152434e+01 8.990107712008523322e+01 1.697230397250314411e+02
2.216787537295942201e+01 7.658884913593544752e+01 9.067669980865339596e+01 1.740678414427201233e+02
2.202781515559418679e+01 7.852344700985563009e+01 9.123271654682375242e+01 1.704023215877404027e+02
2.202781515559418679e+01 7.852344700985563009e+01 9.123271654682375242e+01 1.704023215877404027e+02
2.202781515559418679e+01 7.852344700985563009e+01 9.123271654682375242e+01 1.704023215877404027e+02
2.202781515559418679e+01 7.852344700985563009e+01 9.123271654682375242e+01 1.704023215877404027e+02
2.202781515559418679e+01 7.852344700985563009e+01 9.123271654682375242e+01 1.704023215877404027e+02
2.203546947104941722e+01 7.855180834342677088e+01 9.117143933527052013e+01 1.696351597962287485e+02
2.203546947104941722e+01 7.855180834342677088e+01 9.117143933527052013e+01 1.696351597962287485e+02
2.203546947104941722e+01 7.855180834342677088e+01 9.117143933527052013e+01 1.696351597962287485e+02
2.184644807789057097e+01 7.928650978795440096e+01 9.099075261712550855e+01 1.695097446515665638e+02
2.184644807789057097e+01 7.928650978795440096e+01 9.099075261712550855e+01 1.695097446515665638e+02
2.184644807789057097e+01 7.928650978795440096e+01 9.099075261712550855e+01 1.695097446515665638e+02
2.184644807789057097e+01 7.928650978795440096e+01 9.099075261712550855e+01 1.695097446515665638e+02
2.184644807789057097e+01 7.928650978795440096e+01 9.099075261712550855e+01 1.695097446515665638e+02
2.184644807789057097e+01 7.928650978795440096e+01 9.099075261712550855e+01 1.695097446515665638e+02
2.184644807789057097e+01 7.928650978795440096e+01 9.099075261712550855e+01 1.695097446515665638e+02
2.163458650473456046e+01 7.946892543699276246e+01 9.037513747065844427e+01 1.725638430805590815e+02
2.182981813561708861e+01 7.992359979662928993e+01 8.943268929318577420e+01 1.689722247290733321e+02
2.182981813561708861e+01 7.992359979662928993e+01 8.943268929318577420e+01 1.689722247290733321e+02
2.182981813561708861e+01 7.992359979662928993e+01 8.943268929318577420e+01 1.689722247290733321e+02
2.192410767729196408e+01 7.988232868686124277e+01 8.981816896768539493e+01 1.661394442700486422e+02
2.192410767729196408e+01 7.988232868686124277e+01 8.981816896768539493e+01 1.661394442700486422e+02
2.192410767729196408e+01 7.988232868686124277e+01 8.981816896768539493e+01 1.661394442700486422e+02
2.192410767729196408e+01 7.988232868686124277e+01 8.981816896768539493e+01 1.661394442700486422e+02
2.192410767729196408e+01 7.988232868686124277e+01 8.981816896768539493e+01 1.661394442700486422e+02
2.192410767729196408e+01 7.988232868686124277e+01 8.981816896768539493e+01 1.661394442700486422e+02
2.192410767729196408e+01 7.988232868686124277e+01 8.981816896768539493e+01 1.661394442700486422e+02
2.192410767729196408e+01 7.988232868686124277e+01 8.981816896768539493e+01 1.661394442700486422e+02
2.192410767729196408e+01 7.988232868686124277e+01 8.981816896768539493e+01 1.661394442700486422e+02
2.192410767729196408e+01 7.988232868686124277e+01 8.981816896768539493e+01 1.661394442700486422e+02
2.192410767729196408e+01 7.988232868686124277e+01 8.981816896768539493e+01 1.661394442700486422e+02
2.192410767729196408e+01 7.988232868686124277e+01 8.981816896768539493e+01 1.661394442700486422e+02
2.192410767729196408e+01 7.988232868686124277e+01 8.981816896768539493e+01 1.661394442700486422e+02
2.192410767729196408e+01 7.988232868686124277e+01 8.981816896768539493e+01 1.661394442700486422e+02
2.192410767729196408e+01 7.988232868686124277e+01 8.981816896768539493e+01 1.661394442700486422e+02
2.192410767729196408e+01 7.988232868686124277e+01 8.981816896768539493e+01 1.661394442700486422e+02
2.192410767729196408e+01 7.988232868686124277e+01 8.981816896768539493e+01 1.661394442700486422e+02
2.192283127556950717e+01 7.896806594785856248e+01 9.002919742668898095e+01 1.680743808558866590e+02
2.192283127556950717e+01 7.896806594785856248e+01 9.002919742668898095e+01 1.680743808558866590e+02
2.192283127556950717e+01 7.896806594785856248e+01 9.002919742668898095e+01 1.680743808558866590e+02
2.192283127556950717e+01 7.896806594785856248e+01 9.002919742668898095e+01 1.680743808558866590e+02
2.192283127556950717e+01 7.896806594785856248e+01 9.002919742668898095e+01 1.680743808558866590e+02
2.192283127556950717e+01 7.896806594785856248e+01 9.002919742668898095e+01 1.680743808558866590e+02
2.192283127556950717e+01 7.896806594785856248e+01 9.002919742668898095e+01 1.680743808558866590e+02
2.192283127556950717e+01 7.896806594785856248e+01 9.002919742668898095e+01 1.680743808558866590e+02
2.212082441617556938e+01 7.956617715169737437e+01 9.027279191859756224e+01 1.648521971910665798e+02
2.212082441617556938e+01 7.956617715169737437e+01 9.027279191859756224e+01 1.648521971910665798e+02
2.212082441617556938e+01 7.956617715169737437e+01 9.027279191859756224e+01 1.648521971910665798e+02
2.212082441617556938e+01 7.956617715169737437e+01 9.027279191859756224e+01 1.648521971910665798e+02
2.212082441617556938e+01 7.956617715169737437e+01 9.027279191859756224e+01 1.648521971910665798e+02
2.212082441617556938e+01 7.956617715169737437e+01 9.027279191859756224e+01 1.648521971910665798e+02
2.212082441617556938e+01 7.956617715169737437e+01 9.027279191859756224e+01 1.648521971910665798e+02
2.212082441617556938e+01 7.956617715169737437e+01 9.027279191859756224e+01 1.648521971910665798e+02
2.212082441617556938e+01 7.956617715169737437e+01 9.027279191859756224e+01 1.648521971910665798e+02
2.212082441617556938e+01 7.956617715169737437e+01 9.027279191859756224e+01 1.648521971910665798e+02
2.212082441617556938e+01 7.956617715169737437e+01 9.027279191859756224e+01 1.648521971910665798e+02
2.212082441617556938e+01 7.956617715169737437e+01 9.027279191859756224e+01 1.648521971910665798e+02
2.212082441617556938e+01 7.956617715169737437e+01 9.027279191859756224e+01 1.648521971910665798e+02
2.212082441617556938e+01 7.956617715169737437e+01 9.027279191859756224e+01 1.648521971910665798e+02
2.212082441617556938e+01 7.956617715169737437e+01 9.027279191859756224e+01 1.648521971910665798e+02
2.178297515576313614e+01 8.055386638382798026e+01 8.941265356198961456e+01 1.653719679536922627e+02
2.178297515576313614e+01 8.055386638382798026e+01 8.941265356198961456e+01 1.653719679536922627e+02
2.178297515576313614e+01 8.055386638382798026e+01 8.941265356198961456e+01 1.653719679536922627e+02
2.178297515576313614e+01 8.055386638382798026e+01 8.941265356198961456e+01 1.653719679536922627e+02
2.178297515576313614e+01 8.055386638382798026e+01 8.941265356198961456e+01 1.653719679536922627e+02
2.178297515576313614e+01 8.055386638382798026e+01 8.941265356198961456e+01 1.653719679536922627e+02
2.178297515576313614e+01 8.055386638382798026e+01 8.941265356198961456e+01 1.653719679536922627e+02
2.178297515576313614e+01 8.055386638382798026e+01 8.941265356198961456e+01 1.653719679536922627e+02
2.178297515576313614e+01 8.055386638382798026e+01 8.941265356198961456e+01 1.653719679536922627e+02
2.178297515576313614e+01 8.055386638382798026e+01 8.941265356198961456e+01 1.653719679536922627e+02
2.178297515576313614e+01 8.055386638382798026e+01 8.941265356198961456e+01 1.653719679536922627e+02
2.178297515576313614e+01 8.055386638382798026e+01 8.941265356198961456e+01 1.653719679536922627e+02
2.178297515576313614e+01 8.055386638382798026e+01 8.941265356198961456e+01 1.653719679536922627e+02
2.178297515576313614e+01 8.055386638382798026e+01 8.941265356198961456e+01 1.653719679536922627e+02
2.178297515576313614e+01 8.055386638382798026e+01 8.941265356198961456e+01 1.653719679536922627e+02
2.178297515576313614e+01 8.055386638382798026e+01 8.941265356198961456e+01 1.653719679536922627e+02
2.178297515576313614e+01 8.055386638382798026e+01 8.941265356198961456e+01 1.653719679536922627e+02
2.178297515576313614e+01 8.055386638382798026e+01 8.941265356198961456e+01 1.653719679536922627e+02
2.178297515576313614e+01 8.055386638382798026e+01 8.941265356198961456e+01 1.653719679536922627e+02
2.178297515576313614e+01 8.055386638382798026e+01 8.941265356198961456e+01 1.653719679536922627e+02
2.205177539635948136e+01 7.968420923316182325e+01 8.960954486838858202e+01 1.649571836278898900e+02
2.205177539635948136e+01 7.968420923316182325e+01 8.960954486838858202e+01 1.649571836278898900e+02
2.205177539635948136e+01 7.968420923316182325e+01 8.960954486838858202e+01 1.649571836278898900e+02
2.205177539635948136e+01 7.968420923316182325e+01 8.960954486838858202e+01 1.649571836278898900e+02
2.205177539635948136e+01 7.968420923316182325e+01 8.960954486838858202e+01 1.649571836278898900e+02
2.205177539635948136e+01 7.968420923316182325e+01 8.960954486838858202e+01 1.649571836278898900e+02
2.205177539635948136e+01 7.968420923316182325e+01 8.960954486838858202e+01 1.649571836278898900e+02
2.205177539635948136e+01 7.968420923316182325e+01 8.960954486838858202e+01 1.649571836278898900e+02
2.205177539635948136e+01 7.968420923316182325e+01 8.960954486838858202e+01 1.649571836278898900e+02
2.205177539635948136e+01 7.968420923316182325e+01 8.960954486838858202e+01 1.649571836278898900e+02
2.205177539635948136e+01 7.968420923316182325e+01 8.960954486838858202e+01 1.649571836278898900e+02
2.187950826994589448e+01 8.005859216015399227e+01 8.944293459017072223e+01 1.639421846336314843e+02
2.187950826994589448e+01 8.005859216015399227e+01 8.944293459017072223e+01 1.639421846336314843e+02
2.187950826994589448e+01 8.005859216015399227e+01 8.944293459017072223e+01 1.639421846336314843e+02
2.187950826994589448e+01 8.005859216015399227e+01 8.944293459017072223e+01 1.639421846336314843e+02
2.187950826994589448e+01 8.005859216015399227e+01 8.944293459017072223e+01 1.639421846336314843e+02
2.187950826994589448e+01 8.005859216015399227e+01 8.944293459017072223e+01 1.639421846336314843e+02
2.187950826994589448e+01 8.005859216015399227e+01 8.944293459017072223e+01 1.639421846336314843e+02
2.187950826994589448e+01 8.005859216015399227e+01 8.944293459017072223e+01 1.639421846336314843e+02
2.187950826994589448e+01 8.005859216015399227e+01 8.944293459017072223e+01 1.639421846336314843e+02
2.187950826994589448e+01 8.005859216015399227e+01 8.944293459017072223e+01 1.639421846336314843e+02
2.187950826994589448e+01 8.005859216015399227e+01 8.944293459017072223e+01 1.639421846336314843e+02
2.187950826994589448e+01 8.005859216015399227e+01 8.944293459017072223e+01 1.639421846336314843e+02
2.187950826994589448e+01 8.005859216015399227e+01 8.944293459017072223e+01 1.639421846336314843e+02
2.187950826994589448e+01 8.005859216015399227e+01 8.944293459017072223e+01 1.639421846336314843e+02
2.187950826994589448e+01 8.005859216015399227e+01 8.944293459017072223e+01 1.639421846336314843e+02
2.187950826994589448e+01 8.005859216015399227e+01 8.944293459017072223e+01 1.639421846336314843e+02
2.187950826994589448e+01 8.005859216015399227e+01 8.944293459017072223e+01 1.639421846336314843e+02
2.187950826994589448e+01 8.005859216015399227e+01 8.944293459017072223e+01 1.639421846336314843e+02
2.187950826994589448e+01 8.005859216015399227e+01 8.944293459017072223e+01 1.639421846336314843e+02
2.187950826994589448e+01 8.005859216015399227e+01 8.944293459017072223e+01 1.639421846336314843e+02
2.187950826994589448e+01 8.005859216015399227e+01 8.944293459017072223e+01 1.639421846336314843e+02
2.187950826994589448e+01 8.005859216015399227e+01 8.944293459017072223e+01 1.639421846336314843e+02
2.187950826994589448e+01 8.005859216015399227e+01 8.944293459017072223e+01 1.639421846336314843e+02
2.187950826994589448e+01 8.005859216015399227e+01 8.944293459017072223e+01 1.639421846336314843e+02
2.187950826994589448e+01 8.005859216015399227e+01 8.944293459017072223e+01 1.639421846336314843e+02
2.187950826994589448e+01 8.005859216015399227e+01 8.944293459017072223e+01 1.639421846336314843e+02
2.187950826994589448e+01 8.005859216015399227e+01 8.944293459017072223e+01 1.639421846336314843e+02
2.187950826994589448e+01 8.005859216015399227e+01 8.944293459017072223e+01 1.639421846336314843e+02
2.187950826994589448e+01 8.005859216015399227e+01 8.944293459017072223e+01 1.639421846336314843e+02
2.187950826994589448e+01 8.005859216015399227e+01 8.944293459017072223e+01 1.639421846336314843e+02
2.187950826994589448e+01 8.005859216015399227e+01 8.944293459017072223e+01 1.639421846336314843e+02
2.187950826994589448e+01 8.005859216015399227e+01 8.944293459017072223e+01 1.639421846336314843e+02
2.187950826994589448e+01 8.005859216015399227e+01 8.944293459017072223e+01 1.639421846336314843e+02
2.187950826994589448e+01 8.005859216015399227e+01 8.944293459017072223e+01 1.639421846336314843e+02
2.187950826994589448e+01 8.005859216015399227e+01 8.944293459017072223e+01 1.639421846336314843e+02
2.187950826994589448e+01 8.005859216015399227e+01 8.944293459017072223e+01 1.639421846336314843e+02
2.187950826994589448e+01 8.005859216015399227e+01 8.944293459017072223e+01 1.639421846336314843e+02
2.187950826994589448e+01 8.005859216015399227e+01 8.944293459017072223e+01 1.639421846336314843e+02
2.187950826994589448e+01 8.005859216015399227e+01 8.944293459017072223e+01 1.639421846336314843e+02
2.187950826994589448e+01 8.005859216015399227e+01 8.944293459017072223e+01 1.639421846336314843e+02
2.187950826994589448e+01 8.005859216015399227e+01 8.944293459017072223e+01 1.639421846336314843e+02
2.187950826994589448e+01 8.005859216015399227e+01 8.944293459017072223e+01 1.639421846336314843e+02
2.187950826994589448e+01 8.005859216015399227e+01 8.944293459017072223e+01 1.639421846336314843e+02
2.187950826994589448e+01 8.005859216015399227e+01 8.944293459017072223e+01 1.639421846336314843e+02
2.187950826994589448e+01 8.005859216015399227e+01 8.944293459017072223e+01 1.639421846336314843e+02
2.187950826994589448e+01 8.005859216015399227e+01 8.944293459017072223e+01 1.639421846336314843e+02
2.187950826994589448e+01 8.005859216015399227e+01 8.944293459017072223e+01 1.639421846336314843e+02
2.187950826994589448e+01 8.005859216015399227e+01 8.944293459017072223e+01 1.639421846336314843e+02
2.187950826994589448e+01 8.005859216015399227e+01 8.944293459017072223e+01 1.639421846336314843e+02
2.187950826994589448e+01 8.005859216015399227e+01 8.944293459017072223e+01 1.639421846336314843e+02
2.187950826994589448e+01 8.005859216015399227e+01 8.944293459017072223e+01 1.639421846336314843e+02
2.187950826994589448e+01 8.005859216015399227e+01 8.944293459017072223e+01 1.639421846336314843e+02
