1.000000000000000000e+00 1.000000000000000000e+00 1.000000000000000000e+00 1.000000000000000000e+00
3.557165672281878410e-02 9.636795973074018251e-01 5.717902979690607168e+01 1.579890184744702497e-01
3.263512265758958253e-02 1.146134612882093062e+00 3.817045781494528711e+01 1.830087166867685189e-01
3.192654183070706142e-02 1.045942160874249405e+00 4.367953715065861786e+01 1.906683174580460771e-01
3.193130717677215152e-02 1.065725900564451489e+00 3.933933325122910674e+01 1.828818338686707123e-01
3.013733359913758902e-02 1.003708258632986183e+00 3.891482713918729530e+01 1.678525726773223981e-01
3.472895773195683322e-02 1.072368200018607221e+00 3.520907787603474759e+01 1.781826550114598562e-01
3.156009568033616569e-02 1.059026126125959255e+00 4.188597253037720947e+01 1.812919613513964967e-01
3.390291785133600633e-02 1.011372441482655482e+00 3.854798538504987704e+01 1.687175753288373825e-01
3.422906217957796121e-02 1.125793104489029917e+00 4.096415073213356806e+01 1.854344244008815090e-01
3.471057633698188677e-02 1.067863455123547967e+00 3.924475610289474048e+01 1.743995564156366196e-01
3.475780029850349812e-02 1.029320343243678826e+00 3.760801644475711214e+01 1.690715706795802298e-01
3.236539088408200981e-02 1.115316437821266549e+00 3.758359042801209426e+01 1.920133368030863541e-01
3.153874388888350255e-02 1.137426884095817492e+00 3.841632906318393026e+01 1.943827944829767118e-01
3.244898519184992447e-02 9.331322325615427626e-01 4.036927786592523404e+01 2.004075053519708272e-01
3.131649201341526328e-02 1.059255106404503044e+00 3.876247129722703733e+01 1.878341236331941555e-01
2.957262933194106796e-02 1.070827297483089913e+00 3.907813714148584694e+01 1.961813737701658400e-01
3.379566062013683592e-02 1.049208065804174250e+00 3.578468452268555211e+01 1.956817618831617478e-01
3.334592820151607850e-02 1.045320459642292255e+00 3.822686697292562741e+01 1.880099500052124506e-01
3.392281758720169099e-02 9.967686107523574535e-01 4.121923590947449156e+01 1.834724065905248558e-01
3.052799344835348955e-02 1.040701868383514528e+00 3.553069297063414211e+01 1.828690824213589361e-01
3.262390645860895055e-02 1.004266517161078287e+00 3.719244226229982075e+01 1.826687550070019983e-01
3.456205029992805849e-02 1.008385681967402636e+00 3.510113162379909113e+01 1.879681888721096150e-01
3.326430557962883200e-02 1.103202572893206224e+00 3.431867303460932561e+01 1.909772829221738355e-01
3.334137839974291029e-02 1.055632851413038198e+00 2.837867820889767856e+01 1.658472270444737717e-01
3.308756986260387445e-02 1.073918952854437281e+00 2.558756108580349320e+01 1.767080405203515225e-01
3.257235380778828598e-02 1.079991829884742183e+00 2.622460661989933328e+01 1.814165182506828067e-01
3.138029046889923013e-02 1.042003859006641830e+00 2.534699215100365777e+01 1.804183414503997551e-01
3.219880944762837371e-02 1.198383902195589767e+00 2.146678747027597112e+01 1.946280291622377034e-01
3.307522038227109912e-02 1.110983448309238231e+00 2.327193811899391562e+01 1.780158816438443814e-01
2.951331045012357129e-02 1.020026665625712425e+00 2.046777065288164721e+01 2.048944282170426789e-01
3.164648549582643050e-02 1.144764943306762595e+00 1.915940124252058396e+01 1.853021231251126000e-01
3.290852027587524292e-02 1.071922124480256810e+00 1.899840075089805325e+01 2.004864400690573589e-01
3.278681581477653484e-02 1.041201176787917904e+00 1.881779052143063780e+01 1.998333103757422846e-01
3.008792330413345706e-02 1.089098955756084841e+00 2.031690370416121638e+01 2.024636837769198672e-01
3.378896393252146801e-02 1.088137333908261617e+00 2.003524112974682581e+01 2.000065122345997259e-01
3.031820887264259981e-02 1.064021994539108285e+00 1.799183454655800674e+01 2.130509037371538794e-01
3.235563705423951525e-02 1.050215066001215503e+00 1.950835543816300088e+01 2.084199465505784110e-01
3.159647050677451274e-02 1.129052379514608795e+00 1.856959058028862586e+01 2.296799199263103441e-01
3.063761348712280494e-02 1.023838032089874339e+00 1.506963253432505923e+01 2.353237321427167350e-01
3.111265507482486800e-02 9.880841912775810698e-01 1.504814269379445690e+01 2.266530507259871818e-01
2.937098510593195988e-02 9.631405513598437773e-01 1.426653322719893247e+01 1.997762057921462775e-01
3.262275491881222456e-02 1.047474068969353356e+00 1.498782621885900035e+01 2.285512682596927414e-01
3.002541368293317608e-02 1.042380110341665445e+00 1.468796563095087748e+01 2.171474344861934469e-01
3.304913524498326316e-02 1.008566957828864297e+00 1.487585094822750875e+01 1.891026326886003361e-01
3.203075404001515247e-02 1.085534074762020129e+00 1.410634793599729520e+01 1.975507751805031242e-01
3.196005864748711206e-02 1.090745423260844227e+00 1.411843110989947370e+01 2.083196521500228493e-01
3.391304226104446817e-02 1.059872814355701021e+00 1.228911845472151043e+01 1.981097457630194569e-01
3.117063688484976447e-02 1.107218866455220052e+00 1.351339274745917862e+01 2.066947094753500136e-01
3.456382032561328838e-02 1.048343359720171897e+00 1.291004837032738806e+01 1.979488530040314220e-01
3.542504085686631887e-02 1.113721569996954930e+00 1.409606315787802799e+01 1.828690589438576042e-01
3.190834468902824933e-02 9.807816485976222909e-01 1.176250530281246576e+01 2.009318898345370252e-01
3.407341493080514455e-02 1.022046747873585293e+00 1.279332249392463616e+01 1.819212185632664847e-01
3.044205087600644968e-02 1.016189347822666234e+00 1.271305722262016147e+01 2.042719193604324579e-01
3.214130163594602907e-02 1.093799212679670729e+00 1.241574960528455840e+01 2.030312713849028727e-01
3.139888492941141779e-02 1.087946199665840608e+00 1.279448913618910666e+01 1.973104667450189809e-01
3.220546885027146533e-02 1.076664665823411582e+00 1.225868384371339381e+01 1.982382907972673469e-01
3.195723388609458121e-02 1.110458681433315276e+00 1.255163418561615174e+01 1.832149114734741568e-01
3.189117764030038188e-02 1.085394151387613526e+00 1.188891054977147554e+01 1.911196130966016926e-01
3.107618438289834126e-02 1.128838629079971456e+00 1.240048152327140762e+01 1.987156708420914630e-01
3.390425170141232042e-02 1.114299836927965526e+00 1.233232244227258967e+01 2.042285057113368829e-01
3.310638249811921618e-02 1.055495356656767747e+00 1.244776285830613816e+01 2.002764979195081896e-01
3.558019503833050740e-02 1.133844837067835787e+00 1.225254230134330058e+01 1.865077362406764028e-01
3.200457826694182856e-02 1.147955740506384048e+00 1.147316846133820079e+01 1.960077404415921376e-01
3.353218912851570199e-02 1.073189770778982366e+00 9.662030056562283420e+00 2.280033579770125995e-01
3.171105169884590874e-02 1.013081978179494191e+00 9.693777726429892994e+00 2.162989985268264914e-01
3.518734576592895402e-02 1.124493918340223164e+00 7.190453769259061545e+00 2.396291572820242188e-01
3.176553534952075014e-02 9.688834635580825250e-01 5.896869443930026655e+00 2.479190352474067993e-01
2.983384354942520897e-02 1.046053032536554239e+00 6.334918545162722125e+00 2.402543344997008778e-01
3.087675182647046587e-02 1.031352680657626530e+00 5.922151100773241694e+00 2.746320351873523524e-01
3.226217915821713578e-02 1.090047096090303258e+00 6.031862752946306472e+00 2.486620630366210560e-01
2.843869335437286192e-02 1.056826545634661718e+00 6.040906585481665481e+00 2.586851823905103043e-01
3.305299462010368589e-02 1.114588722188014414e+00 4.857864635688839527e+00 2.581996387544360783e-01
3.152780980070684497e-02 1.024430489988160442e+00 4.641417312474615642e+00 2.814207631642980378e-01
2.731129617154856928e-02 1.001284317320992656e+00 4.348008402376614789e+00 2.343352438475909960e-01
3.212907282911956625e-02 1.033492307982186054e+00 4.350817776635762080e+00 2.363524175716125442e-01
3.222719335022352499e-02 1.094216304942626117e+00 4.228754818416391004e+00 2.533344490847431740e-01
3.421030638458654599e-02 1.005554152669862367e+00 2.996113535950312823e+00 2.637839693619947745e-01
3.022049678255150917e-02 1.129739895304356478e+00 3.129767053448262004e+00 2.224910149136645476e-01
3.282449937196123269e-02 9.800222750965223995e-01 3.377509803787185572e+00 2.562918980173308214e-01
3.157982240712688127e-02 1.068556515755364700e+00 3.226373079611735140e+00 2.504459497141849900e-01
3.073483603026107985e-02 9.744387655127165759e-01 3.081745898441611509e+00 2.605579519779352426e-01
3.127982322445164998e-02 9.929084618800374518e-01 3.426432898598334997e+00 2.628536257578511504e-01
3.079685187696406395e-02 1.126697078740027891e+00 2.924018005651879193e+00 2.493275989040671659e-01
3.236972146183187543e-02 1.095680894134018368e+00 3.190074163076248137e+00 2.531181606571585307e-01
3.177607422010899491e-02 1.108926718120005095e+00 2.952004954739501752e+00 2.411964690041708825e-01
3.079825421835974061e-02 1.022428315439509294e+00 3.263014089779643800e+00 2.483463188738974647e-01
2.981072482913875096e-02 1.030874901572261804e+00 3.180277758012721279e+00 2.485620374422575218e-01
3.126915804712054187e-02 1.044243017655583694e+00 3.182066429729698331e+00 2.555694261120322608e-01
3.179430072679293590e-02 1.067843058237855747e+00 3.481849569366942454e+00 2.617723570627228935e-01
3.230354017288186719e-02 1.126472738140291252e+00 3.305537387923612958e+00 2.533868045776603850e-01
3.323512636817802651e-02 1.046291514384833032e+00 3.081061676677203209e+00 2.686876730212476860e-01
3.317428209848895249e-02 1.113664146892948903e+00 3.101865841754913866e+00 2.546127936876212416e-01
3.129539886933807580e-02 1.106376880840963528e+00 2.990796571326569619e+00 2.580066635318831736e-01
3.065673686024811273e-02 1.105032155664371851e+00 3.128138873661562513e+00 2.615211469018047796e-01
3.111458194114899781e-02 1.078209929519427845e+00 2.803728475016511901e+00 2.482866178554286041e-01
3.476510727475322360e-02 9.919945852140390485e-01 2.773416206973549958e+00 2.519670216069110902e-01
3.081044820960935487e-02 1.059540734260114858e+00 3.008463720788531859e+00 2.581249765418920927e-01
3.118438267479351281e-02 1.057515796424149279e+00 2.767429197183401079e+00 2.683872953373662718e-01
3.056721090820029366e-02 1.046332540201331041e+00 2.678131435395685767e+00 2.490546041755495876e-01
3.193187773068779239e-02 1.101185671862074722e+00 2.655550395439363776e+00 2.375391628854598980e-01
3.285185498657405834e-02 1.040958988725243506e+00 2.544423604645801085e+00 2.589056355627855632e-01
3.426790945388114712e-02 1.098112810577097864e+00 2.351443318213297662e+00 2.661923574470602127e-01
3.194087611355046069e-02 1.070614100584526662e+00 2.554391538652017069e+00 2.669343852447106924e-01
3.210749570539609549e-02 1.092102590043201538e+00 2.199944514756544400e+00 2.583059011129932858e-01
2.930155995333389232e-02 1.056431471641823272e+00 1.834273917741084947e+00 2.507386084522540970e-01
3.344465245968926415e-02 1.111659032876306075e+00 2.144795082964323196e+00 2.716899633424959548e-01
3.130274798978647383e-02 9.838424002440047111e-01 1.959015230962667609e+00 2.597052809705796550e-01
2.800897231136910068e-02 1.018343840143127510e+00 2.025061127956223839e+00 2.898888559122346220e-01
3.195028658890876339e-02 1.051432153751524989e+00 2.034943314949836601e+00 2.378501923227518966e-01
3.086498605152361574e-02 1.033631347247139010e+00 2.044864590472686317e+00 2.568507933233327711e-01
3.632339302379154755e-02 1.122829365074166308e+00 1.866084233327023334e+00 2.461370616150194146e-01
3.002820571314457343e-02 1.128997297541514344e+00 1.899169905179266316e+00 2.549207341262361703e-01
3.050906112987649549e-02 1.119850851499692546e+00 1.897225179605021017e+00 2.326414926046263543e-01
3.051231468886071024e-02 1.128983176785626874e+00 1.934183001280444847e+00 2.635504068878130046e-01
3.007282797515341971e-02 1.149236046207460005e+00 2.080671379811638744e+00 2.639338583711553499e-01
3.265169418911630789e-02 1.029992839333898624e+00 2.071160426371534413e+00 2.504184501136723640e-01
3.178803498320159626e-02 1.117452972050027693e+00 2.020475042134568966e+00 2.472068879984084255e-01
3.525557879134314648e-02 9.418990534671500825e-01 1.891418826664613917e+00 2.688080388565847745e-01
3.183276197648481076e-02 1.048136794135192673e+00 1.709410891976899327e+00 2.560289998160641400e-01
3.344507698836881454e-02 1.115757820165627079e+00 1.844318823214472047e+00 2.673761635785163460e-01
3.281522802198147404e-02 1.150444841458186485e+00 1.801418367343264215e+00 2.782614117265747034e-01
3.403117533500880920e-02 1.066109534005641235e+00 1.829515376440799868e+00 2.542145773329653746e-01
3.123252736980235492e-02 1.105281912151837131e+00 1.814381324497249093e+00 2.383253940532738535e-01
3.210319471299164645e-02 1.149171743580919225e+00 1.854564592895890929e+00 2.269301975971390328e-01
3.279259081717352670e-02 1.077162418665414734e+00 1.456965805890161780e+00 2.557496499172993709e-01
3.209812134220547952e-02 1.087586170698009225e+00 1.427679597436670722e+00 2.715710161778955301e-01
3.384178640335131633e-02 1.092745674530609890e+00 1.423660507173419409e+00 2.590244481193172410e-01
3.322134135272792471e-02 1.089250554662847259e+00 1.422127566178049030e+00 2.581734694510121608e-01
3.519020077214393000e-02 9.629277789645827035e-01 1.156907883630210909e+00 2.633329558621506084e-01
3.032604285663810864e-02 1.029486548255548195e+00 1.381251106905705184e+00 2.809663387107386723e-01
3.091286940423014148e-02 9.920557278577113447e-01 1.184201403807787933e+00 2.615677744216816092e-01
3.256445502863063168e-02 1.065370707809533135e+00 1.376017059143451293e+00 2.621602654127411225e-01
2.841822801921006433e-02 1.083049462885697256e+00 1.158581309162466155e+00 2.598841345377101431e-01
3.379535150213076183e-02 1.087855624806002064e+00 1.274596086570648712e+00 2.690044925549648913e-01
3.061470977290291912e-02 1.001542510018135657e+00 1.219300820897759152e+00 2.458916432677819841e-01
3.301253768163138480e-02 1.083363786132442774e+00 1.286634081226114557e+00 2.657459551347202131e-01
3.254787749198812669e-02 1.012322924724505135e+00 1.243912198882877851e+00 2.427357636297473031e-01
2.894575827276461844e-02 1.018964995232629178e+00 1.170997181145996491e+00 2.546494592157970138e-01
2.953399326844074330e-02 1.146780793342834448e+00 1.119122546217314218e+00 2.400454421220962198e-01
3.263334578427285609e-02 1.035817292105056131e+00 1.120786071878098644e+00 2.531491675016923626e-01
3.016293975449343273e-02 1.131573103938216196e+00 1.164532465134392680e+00 2.667655122584755567e-01
2.999570489333412346e-02 1.155046361374763464e+00 1.178464963523844000e+00 2.390103079520569385e-01
3.451199648129681802e-02 1.139226467868029502e+00 1.188313559133745478e+00 2.416073136337956173e-01
3.262357508675266943e-02 1.000924972502701626e+00 9.140912401374161611e-01 2.527015079234356532e-01
3.091506313820804527e-02 1.028630879295039380e+00 8.840056559620506071e-01 2.567536496630132281e-01
2.969332627904181302e-02 1.129798903235327057e+00 7.877789753241785098e-01 2.688149632531978139e-01
3.088063460637650512e-02 1.101323972077115076e+00 7.743720886132988701e-01 2.838740538767051680e-01
3.585616770322234970e-02 1.093162643713442739e+00 7.362978991842429322e-01 2.703754102992165786e-01
3.023860983720435061e-02 1.049526749488080668e+00 6.752746089027656939e-01 2.987056208295995607e-01
2.981147555548072092e-02 9.482954250156151454e-01 6.398348362471408812e-01 2.663512750150033304e-01
3.231306015227602968e-02 1.005748858987582484e+00 6.316958631054182538e-01 2.536179373242514745e-01
3.223370858784862375e-02 1.092036846819793405e+00 6.870984548366593225e-01 2.428662578801439043e-01
3.574739650195045415e-02 1.100482000538293592e+00 6.187948901693297588e-01 2.571221477424263657e-01
3.291215857983353921e-02 1.029012891081465764e+00 6.199606434955444723e-01 2.470181490847017380e-01
3.080050194766107904e-02 9.792226358929283503e-01 5.841057582023236883e-01 2.536779518855077908e-01
3.109651946979456391e-02 1.107811014124831628e+00 6.771626636033886149e-01 2.310119717239499382e-01
3.190099517391976891e-02 1.013646996224672581e+00 6.679058914437341343e-01 2.476576502684875447e-01
3.349858176825804695e-02 9.358114612092142126e-01 6.122649644372489819e-01 2.306309818799821831e-01
3.362720140568631333e-02 1.062953422964965755e+00 5.356332699564837485e-01 2.338048611692536416e-01
3.144956165361561390e-02 1.091816552421806863e+00 5.112563554061329008e-01 2.370792867567544648e-01
3.141756556974360792e-02 1.072379014764213379e+00 5.037297249138675825e-01 2.392502300346021349e-01
3.032767873417913096e-02 1.029260411829119537e+00 5.282293918884517492e-01 2.430620452372824203e-01
3.036195930582900882e-02 1.083205967457431251e+00 5.096990107126653236e-01 2.447427243416134268e-01
3.198469041472521562e-02 1.028753395146145833e+00 4.682460613993249532e-01 2.673358758536867330e-01
3.060239572184599716e-02 9.964835385349615215e-01 5.007117812392782863e-01 2.291138182669391898e-01
3.294700821161176962e-02 1.147108937165405074e+00 4.997817186196303885e-01 2.514007876506136330e-01
3.229405978527093157e-02 1.020529431333350168e+00 5.112648827152088682e-01 2.681872927101198179e-01
3.198879906447259919e-02 1.115103987363699867e+00 5.165403480165464689e-01 2.423977962440570788e-01
3.070107160206517888e-02 1.087342223839575794e+00 4.877686713256841888e-01 2.472972268945881902e-01
3.370599791368496939e-02 9.309009597316550977e-01 4.107142755288477054e-01 2.807927371809035844e-01
3.003088284664263974e-02 1.132525608366524494e+00 4.177670318011526551e-01 2.591454978510517315e-01
3.414411976846954550e-02 1.090578812641179063e+00 4.333511924556941453e-01 2.357599155558226522e-01
3.456153057003832907e-02 1.065747094828327413e+00 4.321491660229425102e-01 2.531220500334917523e-01
3.302034295380828349e-02 9.973106683255945626e-01 3.931193475517363312e-01 2.699757083469091490e-01
3.087650921558993122e-02 9.907253703457181704e-01 3.987437859197748846e-01 2.507914371694917599e-01
2.868352262902160166e-02 1.083245578841257606e+00 3.442538094420450334e-01 2.286158093714158457e-01
3.607603789515555215e-02 1.202225122700958160e+00 3.934861707736428404e-01 2.339328672265720277e-01
3.378322925395000481e-02 1.026133384863251452e+00 3.338886059154528296e-01 2.684250527511735096e-01
3.224275350395731932e-02 9.900146480446504471e-01 3.182285203174275989e-01 2.542526016273389255e-01
3.287938769770337027e-02 1.044228529523931970e+00 2.745556629538854487e-01 2.516272057210143798e-01
3.292270707654693790e-02 1.017658523386043568e+00 2.719856532619780443e-01 2.179255791995066693e-01
3.112824136198337824e-02 1.023839926358433461e+00 2.879154435273659218e-01 2.284420822480577595e-01
3.088113051791694166e-02 1.070052390620998661e+00 2.534425419012642511e-01 2.321941862410499824e-01
3.056095143288813445e-02 1.136676367636433316e+00 2.930272505839871533e-01 2.327214872089568565e-01
3.291414738539514412e-02 1.078813314470280726e+00 2.843407869727506698e-01 2.239280395517592726e-01
3.290979226261584595e-02 1.017207989941647961e+00 2.802920674910638899e-01 2.448962128327673016e-01
2.953003957505977856e-02 1.135181654681112207e+00 2.514310222026268637e-01 2.219663366688485184e-01
2.862797874282425187e-02 1.061493714358306528e+00 2.496626893866489283e-01 2.197421121653689302e-01
3.002883798174641253e-02 1.128656135705150998e+00 2.763654221264810751e-01 2.426195409350230259e-01
3.078287775174366747e-02 1.125646021520298579e+00 2.666862459799515528e-01 2.519567943380776609e-01
3.281703910611592778e-02 9.852805903248341712e-01 2.670127352164456958e-01 2.243202736207334236e-01
2.969027931206553311e-02 1.048730198332502361e+00 2.679323447878281805e-01 2.395602659893804331e-01
3.092296613267373970e-02 1.035904924700000285e+00 2.633867839109393927e-01 2.302623297560929261e-01
2.901390812785833648e-02 1.027270150044703678e+00 2.745510721950680799e-01 2.534808180907887620e-01
3.240020240318373240e-02 1.070870347522995925e+00 2.261420355984916086e-01 2.398090801373287673e-01
2.939901224841055816e-02 9.379098051186391949e-01 2.617660652552560863e-01 2.306169038715090713e-01
3.028789416578307747e-02 9.502982267055555266e-01 2.754897881984469388e-01 2.563104977762009629e-01
3.084667126553467323e-02 1.052501133436262837e+00 2.529001449787347533e-01 2.667479743300735784e-01
3.370484560491215920e-02 1.013894112422797367e+00 2.647172712491456803e-01 2.275755177689558484e-01
3.509097187152045161e-02 1.031528155162575899e+00 2.632036893903338393e-01 2.543308505644321094e-01
3.373362184129552466e-02 1.046954374567649504e+00 2.547418323769846116e-01 2.555383235160094690e-01
2.971507441457481996e-02 1.035919575825058336e+00 2.656227549968764312e-01 2.336238829299409347e-01
3.096188049548210391e-02 1.053041172916087342e+00 2.598502090706931722e-01 2.426882335644992283e-01
3.000430547990825397e-02 1.021379101567130077e+00 2.639252549275356574e-01 2.207560214095009021e-01
3.005137664032328515e-02 1.092181579747083076e+00 2.772533307798517588e-01 2.463950532093907020e-01
3.220757430187694975e-02 9.637006056279988631e-01 2.742212732746346360e-01 2.473872195024599818e-01
3.075740914714383129e-02 9.794737777519424426e-01 2.585188999183863912e-01 2.424831574947626522e-01
3.100724022359200097e-02 1.072130566460658851e+00 2.730696702417785282e-01 2.558271935966437427e-01
3.278668006207164504e-02 1.024366377679125639e+00 2.702943856434193437e-01 2.128597885293536662e-01
2.927487204570800028e-02 1.000746579789954405e+00 2.652063158401135601e-01 2.390038096550125002e-01
3.095569648671972485e-02 1.045701271770715035e+00 2.785377448176030724e-01 2.341527369308116224e-01
3.123478907626242931e-02 1.127191036045446015e+00 2.626201106401254148e-01 2.322760992169436434e-01
3.096833467101458778e-02 9.405990679481744943e-01 2.753724133813280073e-01 2.562819300033111203e-01
3.096487736158749782e-02 1.005428954311219814e+00 2.711753678251109245e-01 2.462769962979355631e-01
3.107783008773553485e-02 1.021079871450592202e+00 2.947012071485887730e-01 2.494740683593452413e-01
3.018122827178805478e-02 1.134674535718351196e+00 2.733889277327757328e-01 2.488674494015194472e-01
2.951690979033944756e-02 1.091196709668272424e+00 2.613450658359984802e-01 2.444028141580808500e-01
3.279807917628178859e-02 1.041720759239894267e+00 2.818650183596757008e-01 2.429672579927108778e-01
3.091288070918433994e-02 1.075602261081542332e+00 2.702207040024722784e-01 2.197390496810091576e-01
3.127688209617256188e-02 1.051861727998951057e+00 3.067957880297749740e-01 2.274596176221064525e-01
3.080682990240481839e-02 1.060413831866335643e+00 2.451362912870510002e-01 2.303705008992318337e-01
3.245368619693172335e-02 1.034145073317997987e+00 2.483059709934366532e-01 2.486076111393644705e-01
3.412506689810908961e-02 9.845082689132285125e-01 2.567208175029770389e-01 2.400723410931293045e-01
3.128167369979339973e-02 1.058934440120727682e+00 2.766131407905835227e-01 2.328037977122388302e-01
3.143364415046059901e-02 9.428144005630709756e-01 2.740918749196413762e-01 2.392885322637344769e-01
3.454653538849836170e-02 1.166354400024980142e+00 2.721189159155565362e-01 2.363173516392363116e-01
3.475497459249730220e-02 1.148490147009643803e+00 2.598629103058321954e-01 2.383605964021638657e-01
3.119271728746090405e-02 9.536020335942202442e-01 2.456004880341788599e-01 2.346135111945239216e-01
3.160256305059881005e-02 1.036891870331184018e+00 2.889633228268936871e-01 2.195482273753530944e-01
3.084627214078407634e-02 1.034266429918615726e+00 2.773419471796055302e-01 2.288852717856132701e-01
3.114885387814040826e-02 1.050410761508200119e+00 2.624550298027838457e-01 2.474610209226865976e-01
3.025696938870648875e-02 9.997226130281210432e-01 2.561036848250987652e-01 2.559505422305061728e-01
2.923521744432751313e-02 1.109347604480952265e+00 2.663051868700612168e-01 2.232782444900970609e-01
3.285962030698997421e-02 1.187481956194332389e+00 2.625349526184191928e-01 2.281310899786593571e-01
3.053097774862590513e-02 9.428537386509447948e-01 2.491215463374401584e-01 2.408297425252317048e-01
3.440360865722964789e-02 9.939614846862196984e-01 2.813749381013119222e-01 2.401424242829762745e-01
2.963572631188112969e-02 1.113933546199293190e+00 2.511312005973861949e-01 2.360631454853376332e-01
3.201483834774349058e-02 1.098350682222752450e+00 2.697130323159626641e-01 2.316322413603871255e-01
3.268610570750630356e-02 9.430991886934533275e-01 2.623992813772013655e-01 2.406422063366245867e-01
2.954394788173293415e-02 9.892013525541455410e-01 2.808768626349105735e-01 2.351013056148099356e-01
2.977962920791725823e-02 1.023204900707048504e+00 2.798431777073208671e-01 2.412156894247561856e-01
3.428457289426892207e-02 9.819009541524199580e-01 2.760236448332843429e-01 2.312616443585271131e-01
3.277084717591217250e-02 8.978246638226253795e-01 2.620599232699903358e-01 2.529123126656550036e-01
3.327099097015077250e-02 1.028583156048177516e+00 2.798608495354431569e-01 2.448881413143545460e-01
3.272610656999483392e-02 9.912862764881366084e-01 2.755983092327951023e-01 2.374108979219717863e-01
3.202794289527171462e-02 1.051005430951236441e+00 2.675330837812884277e-01 2.416981029556722338e-01
3.390462520901080939e-02 1.015548637896529049e+00 2.647002821836061948e-01 2.174094606586490230e-01
3.005624197299509859e-02 9.334635701244320405e-01 2.574983873081970742e-01 2.430229364335098896e-01
3.479569478851160524e-02 1.166969635692769014e+00 2.501980182546610920e-01 2.452075180448778091e-01
3.110959874277112805e-02 1.035275659482802091e+00 2.630052799513607487e-01 2.358668492561460661e-01
3.169483252914315902e-02 9.766726296026829734e-01 3.006085512838266860e-01 2.346077745902270806e-01
3.213349612197360927e-02 9.989818675215056398e-01 2.836391589280676806e-01 2.645246308284701087e-01
3.129924715669799018e-02 9.915302578758741214e-01 2.768422123576610439e-01 2.227278939578084538e-01
3.199348658234370257e-02 1.027718901883029945e+00 2.629205253761974781e-01 2.379490645828382933e-01
3.395350936442455281e-02 1.163883866891918917e+00 2.600429520483380497e-01 2.390453388780341415e-01
3.168915689818149750e-02 1.170767589760327132e+00 2.655346026109607904e-01 2.246893446806662031e-01
3.178359372373519565e-02 1.040506930825003895e+00 2.569757136714768131e-01 2.265324758545092521e-01
3.191461042098601292e-02 1.095913246381422290e+00 3.086658338493957210e-01 2.313177265867018273e-01
3.181904880379623352e-02 1.096732384854822717e+00 2.617501524382307432e-01 2.293235975086951317e-01
3.202102212616435295e-02 1.077355454259687040e+00 2.878675642683672931e-01 2.393607828095514756e-01
3.137376674932659815e-02 1.055051971906651564e+00 2.443081097502819432e-01 2.521416337171733524e-01
3.261497300803316290e-02 9.776037779016193419e-01 2.350752273228804423e-01 2.378817408007675160e-01
3.299418938443014065e-02 9.812525989174062380e-01 2.840338576425062156e-01 2.394580430947812200e-01
2.917858482639192064e-02 9.846152611192158233e-01 2.603243246809504585e-01 2.108515243304379672e-01
3.146955294003559583e-02 1.062044721305469785e+00 2.622873775450887401e-01 2.581055497763287687e-01
3.301815324350729219e-02 9.784374957940936701e-01 2.750389971735353045e-01 2.434289898306202238e-01
2.992761760975131205e-02 9.822506581347300036e-01 2.405658972986665367e-01 2.260103673724550843e-01
3.338634522590051834e-02 1.056557320327391913e+00 2.917264019719000290e-01 2.373950322980425409e-01
3.069393267503818523e-02 9.930428367076414853e-01 2.673864584293965119e-01 2.291513542717603658e-01
3.050673272316837756e-02 9.610371156315760111e-01 2.512680280108819386e-01 2.616752204206769794e-01
2.986747491265660803e-02 1.125719516420380373e+00 2.526674691145933682e-01 2.241748569691006665e-01
2.964030408281185039e-02 1.121564575572774336e+00 2.717027336301098828e-01 2.452220792672052396e-01
3.157773140973380022e-02 9.500814957793140003e-01 3.064324178455542502e-01 2.369091229579043112e-01
3.161579155889548964e-02 1.013297704518494546e+00 2.772678270618886831e-01 2.406146061733955011e-01
2.989874409868628624e-02 1.160830764912099689e+00 2.690890064614487875e-01 2.394706285374330890e-01
3.195555909969305386e-02 9.905981962055695478e-01 2.732476865578161718e-01 2.519660462738862461e-01
3.224209448050139454e-02 9.858510778530090723e-01 2.548770783498437442e-01 2.288967788008100246e-01
2.905528429548355843e-02 1.038516778620440117e+00 2.586633605828983495e-01 2.262158869619906310e-01
2.965037220940419660e-02 1.086949569641938229e+00 2.575642161839430400e-01 2.481455067177981977e-01
3.147296566965367137e-02 9.741547825246638093e-01 2.661825561509889027e-01 2.408917579272515097e-01
3.268727398428351860e-02 1.068706218077557724e+00 2.917697055319108390e-01 2.277795525170242807e-01
3.222068309425693555e-02 9.519635289393446609e-01 2.667044005564696563e-01 2.196975682460231838e-01
3.109369743349535420e-02 1.009906667509102185e+00 2.533788168552936759e-01 2.148754145928960801e-01
2.890965407319763883e-02 1.131909832815078287e+00 2.777103952504251239e-01 2.576757078403876799e-01
3.318138909430112804e-02 1.079459179769628463e+00 2.792491986126809933e-01 2.403060278855332355e-01
3.246877528750640590e-02 1.093852447677840622e+00 2.622102293695540709e-01 2.235726216213314577e-01
3.356576747075753347e-02 1.052947980620137391e+00 2.649301272195108137e-01 2.183339279749026973e-01
3.152658943554541293e-02 1.084747650903869820e+00 2.615140661782021647e-01 2.230422534114351873e-01
2.937979548885372855e-02 9.864392378402924155e-01 2.585620810813402115e-01 2.550579478090536645e-01
3.231925481296940572e-02 1.121213980398541699e+00 2.575834561151140178e-01 2.092237851270683513e-01
3.136211512440269938e-02 1.040407840620825253e+00 2.614674702848650556e-01 2.330874146467843411e-01
3.051744565244461638e-02 1.092608381794541117e+00 2.568599769097241747e-01 2.558549995098346463e-01
3.039484351796738204e-02 9.832649568599338696e-01 2.755237923173248782e-01 2.338862878721580663e-01
3.270317785246258657e-02 1.122399775352545204e+00 2.580675560097104859e-01 2.346392120249048141e-01
3.285129638553657000e-02 1.120308631798027088e+00 2.627235569610180121e-01 2.360131459880057681e-01
2.967891437635064578e-02 1.061791809737345549e+00 2.529251587728106321e-01 2.332737015812259562e-01
3.171690846267094521e-02 1.064314706054948712e+00 2.525885786339958639e-01 2.498182149787925577e-01
3.191139142629308839e-02 1.087746826712668868e+00 2.787421701385315309e-01 2.243932494698925029e-01
3.018570463037520066e-02 1.043914615278409785e+00 2.748117274224745610e-01 2.378045084925441144e-01
3.267975623394211299e-02 1.104509334964518974e+00 2.687576582798320013e-01 2.188157148406218444e-01
3.206752856702846377e-02 1.026712676576069017e+00 2.549741186449331898e-01 2.378795698074774312e-01
3.377824175458971762e-02 1.081052920102540504e+00 2.771426063207668711e-01 2.293313588723902285e-01
3.033199990292802239e-02 1.062296535802276010e+00 2.771575301940967240e-01 2.333109506733733740e-01
2.945430673025666371e-02 1.020401783074631474e+00 2.618093864827221728e-01 2.447327773235717374e-01
2.926217117054860303e-02 1.031650667125493026e+00 2.681601223002084144e-01 2.235404434428595877e-01
3.009721525619065557e-02 1.055337442390283265e+00 2.727926987637344647e-01 2.351642278675495634e-01
3.232738799553974002e-02 9.947463264988818388e-01 2.709040174168838022e-01 2.372836662660497697e-01
3.083473842897688569e-02 9.769893735701363768e-01 2.572683462929113984e-01 2.377288689353933560e-01
3.308688420229048688e-02 9.411338071654451465e-01 2.759656757238386771e-01 2.212576364444162613e-01
3.331298765161094799e-02 9.264290112175326275e-01 2.566809636577934706e-01 2.437902380940462355e-01
3.335228138897661232e-02 1.046147479215952192e+00 2.755741285092233039e-01 2.362920197998106819e-01
3.228163386412555291e-02 1.006339748549453850e+00 2.996822399858723451e-01 2.437960987823090397e-01
3.404689188655686538e-02 1.043910446706820982e+00 2.715861869188826994e-01 2.404243273632513944e-01
3.035766497250249815e-02 1.073000989180475040e+00 2.836049385943591461e-01 2.291090218471228956e-01
2.946586001228327159e-02 1.081978865280392110e+00 2.919303254687519722e-01 2.410772995062620827e-01
3.174768939498942566e-02 1.029115623451352990e+00 2.563342592583388035e-01 2.454885177808062147e-01
3.151869119686947357e-02 1.052096000057697989e+00 2.679844722237335608e-01 2.334472843688776278e-01
2.926765002204455290e-02 9.643805841738742890e-01 2.636310810128550397e-01 2.184849251128618830e-01
3.206948752835603322e-02 1.060449116627004917e+00 2.572267303364558222e-01 2.502021782330747235e-01
2.977101913451784057e-02 1.074227015318456990e+00 2.707951817901185221e-01 2.527879919127047348e-01
3.130573986685644683e-02 9.752884899909316507e-01 2.675663149122659568e-01 2.259426387056805707e-01
2.913015263107312028e-02 9.931593811340345690e-01 2.618508644343958136e-01 2.297963113770953025e-01
3.143046020935372914e-02 1.101469848604349044e+00 2.610559094001980163e-01 2.156106795958561417e-01
3.107182301203708502e-02 9.754827021021054145e-01 2.590946931857895374e-01 2.461803951136095625e-01
3.047220176128582342e-02 9.866526795814373196e-01 2.675962566292234834e-01 2.247670827092336787e-01
3.107620970124332430e-02 1.046679135343116185e+00 2.444293107235228635e-01 2.293760971716781172e-01
3.097687531979252326e-02 9.389273396644455261e-01 2.535358928178308990e-01 2.279574645287447410e-01
3.044625017007858425e-02 1.129583575042591104e+00 2.810870641911775158e-01 2.347485654229425345e-01
3.195818348521142771e-02 1.001978363532537442e+00 2.699009505362521266e-01 2.326465409042959842e-01
3.158829157012947586e-02 9.563861998900817785e-01 2.652665094619968689e-01 2.211141658933877263e-01
3.095381884734930283e-02 1.013787080005262853e+00 2.426956002993861938e-01 2.502854893583333351e-01
3.067793926858461070e-02 1.034828703679293804e+00 2.558766734966728684e-01 2.474609090168093661e-01
2.962461371983100833e-02 1.159821915066451492e+00 2.766827108513872924e-01 2.282410256750417310e-01
3.088671113408993085e-02 9.692025879511645403e-01 2.617235401202021028e-01 2.431152752674925199e-01
3.076402445297808999e-02 1.025313038228699902e+00 2.719274625783951183e-01 2.219572247113177632e-01
3.078274952947947576e-02 9.883771833935961482e-01 2.550830869574546855e-01 2.346867093476411315e-01
3.462886706781007767e-02 1.024732413147770416e+00 2.502095247877241246e-01 2.243123015831899048e-01
3.176774956341388984e-02 9.633090556457667430e-01 2.469586182915666228e-01 2.403054468690224987e-01
2.995555216718571306e-02 1.083688159639101700e+00 2.506385705811530751e-01 2.348554550239240202e-01
3.117413546077565586e-02 1.032351721159654012e+00 2.598571797525793259e-01 2.251135270087395168e-01
3.003125956291651313e-02 9.772677410149881450e-01 2.748503381345757668e-01 2.178497801630747133e-01
3.196131189120481053e-02 1.034409095431213288e+00 2.658592458220973009e-01 2.227040488099849003e-01
3.163306044773098180e-02 1.089631956031377413e+00 2.578551318659030867e-01 2.324153114553690613e-01
3.095314861206146032e-02 1.024052421729955364e+00 2.696479299152389486e-01 2.363385448280257151e-01
3.353207463937864924e-02 9.367647186104287593e-01 2.571331658898796668e-01 2.146453623030876168e-01
2.997453386254051583e-02 1.082822609733229635e+00 2.315667175485103535e-01 2.175908799979268671e-01
2.855943367359425542e-02 1.094598982920403474e+00 3.060866213786230805e-01 2.443360194095327842e-01
3.034072098144981536e-02 1.073389592030045803e+00 2.511236375973200929e-01 2.252901845345551546e-01
3.002783483861209621e-02 1.094793405753396343e+00 2.527833957110585117e-01 2.074609785805746343e-01
3.364267102378749180e-02 1.110034251415145112e+00 2.560618880335789882e-01 2.245377687958506341e-01
3.391471228327491011e-02 1.075747961903352090e+00 2.571993069436655510e-01 2.263011306124873279e-01
3.242141809375596873e-02 9.806294474279232398e-01 2.539936805623219107e-01 2.170517628900460183e-01
3.171243786334188713e-02 9.208420667751111566e-01 2.729586355152910926e-01 2.392590683447821387e-01
3.026831455906870555e-02 9.906606973769491731e-01 2.476690000039666051e-01 2.453151361826252375e-01
3.104763598237956362e-02 9.767813649938006382e-01 2.624653145802554599e-01 2.535065037024144541e-01
2.795195154380567676e-02 1.026782621235044823e+00 2.706122400388293325e-01 2.524375188729882091e-01
2.748974057349151331e-02 1.034990064060932857e+00 2.458706646640840543e-01 2.194721968298793402e-01
2.949465792625391436e-02 9.849044514727268718e-01 2.389098797850636724e-01 2.295590701781158594e-01
2.867451060422402873e-02 9.351397174662905432e-01 2.616759559817357084e-01 2.148342640023056249e-01
3.233494597683529009e-02 1.048029069992068685e+00 2.527922443031012656e-01 2.320011330780057945e-01
2.968555330484447946e-02 1.031009130587845490e+00 2.689094096549876634e-01 2.293406690293956496e-01
3.398283637280791886e-02 1.171420607364823008e+00 2.532409473621991536e-01 2.423616447271289553e-01
3.053924875739076270e-02 9.908458511582790562e-01 2.739678840022682915e-01 2.416082378647994022e-01
3.001873224231751958e-02 1.024665394848305766e+00 2.453833876717377016e-01 2.190971029258458880e-01
3.055979166481103543e-02 1.073627480587649563e+00 2.773745582761176220e-01 2.370549519826330165e-01
3.373539370352572619e-02 1.009560782193126505e+00 2.729976431909955648e-01 2.641215207739546211e-01
2.949200541157737110e-02 1.003189838402604117e+00 2.461948597509238668e-01 2.471937594663994320e-01
3.013786128131688141e-02 1.029975699350767604e+00 2.677892261499606463e-01 2.110194159896154054e-01
2.935140222744157812e-02 1.037959095288645051e+00 2.580473684218851371e-01 2.228042912015186228e-01
3.048159608274087287e-02 9.975874524593449921e-01 2.326913798726354954e-01 2.164539232074501052e-01
3.217784710678718574e-02 1.006789466399766741e+00 2.509885230053283123e-01 2.397527994540339380e-01
2.975449463888187041e-02 1.025872999366781224e+00 2.493212781236378572e-01 2.234879328378726326e-01
3.043905330981572926e-02 1.051375981287693495e+00 2.646177202404005890e-01 2.287794442879161616e-01
3.195761526195151081e-02 1.081456891520147234e+00 2.748251387966840764e-01 2.411772770529913290e-01
3.096688880726710183e-02 9.475591960321979590e-01 2.443246952766390812e-01 2.297898148862017598e-01
3.137861385195788583e-02 1.074235619954160503e+00 2.456786137764200850e-01 2.183701749539278536e-01
3.133696354380175603e-02 1.061585612187020855e+00 2.485577273495546136e-01 2.249829656744138373e-01
3.431972265420787233e-02 1.028090124288513207e+00 2.617341166373744477e-01 2.256842070859861604e-01
3.186398728712661055e-02 9.819221612271996635e-01 2.679101627440774736e-01 2.032732638412448334e-01
3.380733863132134170e-02 1.079752231264759166e+00 2.615408537246355358e-01 2.501344119562192714e-01
3.017710988880633119e-02 1.158860507537883500e+00 2.540902747477312706e-01 2.228228670900689046e-01
3.293629516757726194e-02 1.003213869712913597e+00 2.508441521916068839e-01 2.271579845448097879e-01
3.047145252305001953e-02 1.109520443818741375e+00 2.411259672628103534e-01 2.284636383173665464e-01
3.189396546539037536e-02 9.983224303081171813e-01 2.592082627534179062e-01 2.505315943709455206e-01
3.113358245835011473e-02 1.130250849241739131e+00 2.454325462663225765e-01 2.296329820764887453e-01
3.346608901042947420e-02 1.072628547930529752e+00 2.616877199104390983e-01 2.058697533182385908e-01
3.203928019039420372e-02 1.119368573738031891e+00 2.618011277970436201e-01 2.085624651334533342e-01
3.381574908048148864e-02 9.884377978358770411e-01 2.574197867775559478e-01 2.436509011341877196e-01
3.318507388427813232e-02 1.119080860406334699e+00 2.581775757914689384e-01 2.236849690667734591e-01
3.413505462633965870e-02 1.066965378251054863e+00 2.816299337488253896e-01 2.270519080068934825e-01
3.137154822967558321e-02 1.026186596015925989e+00 2.649518428019587146e-01 2.369714757678986206e-01
3.056529615146298673e-02 1.028383685961293370e+00 2.456236618886476208e-01 2.037334065797274385e-01
3.061215212075211328e-02 9.943112019345407004e-01 2.402971409450706253e-01 2.423105454288734251e-01
3.325846257471780365e-02 1.008768935984503567e+00 2.693585124911045958e-01 2.399472167495138308e-01
3.069934264727910284e-02 9.589724678318222173e-01 2.424181794699156456e-01 2.161301551294038115e-01
3.084721326197569294e-02 1.043746543732850585e+00 2.564685114629029483e-01 2.511522585471360203e-01
3.343182775248174782e-02 1.046185578795172377e+00 2.523902443681633745e-01 2.348320543882906897e-01
3.121471051736348853e-02 1.062846969207405845e+00 2.561715353508810522e-01 2.306482903815664232e-01
3.268005154775724397e-02 1.073303441050533102e+00 2.478722341886402392e-01 2.184874668637837303e-01
3.029845600104542555e-02 1.019984256885541951e+00 2.735671930390966566e-01 2.159340789902124969e-01
3.269273662154085353e-02 1.056327718740937227e+00 2.627482283700273147e-01 2.148366300907065263e-01
3.065718418877784804e-02 9.658226395393054720e-01 2.544241774037462323e-01 2.132246209157193373e-01
3.192287457868715067e-02 1.074338680349871566e+00 2.570707117157154387e-01 2.133911978169548695e-01
2.934605311165780495e-02 9.479380470900884426e-01 2.740277435937727435e-01 2.204895791635624047e-01
3.032807379577667425e-02 1.025728131765081264e+00 2.708386278346344156e-01 2.455114279657999721e-01
2.823491289639002907e-02 9.740220367617460351e-01 2.405888708746065918e-01 2.149323791159682417e-01
3.374797707449152945e-02 9.333334913623295703e-01 2.670844114159500737e-01 2.356836807030079917e-01
3.092567045311533577e-02 1.060873723172130356e+00 2.447817018321362670e-01 2.150222236213005789e-01
3.065620906961232309e-02 1.108457947988542136e+00 2.641421396031963242e-01 2.234403388195737583e-01
2.932157577016996156e-02 1.011658035944155820e+00 2.451249391833171254e-01 2.267917264248815179e-01
2.858209732474162323e-02 1.046556430573682306e+00 2.531388711705915839e-01 2.237929531168058872e-01
3.063746069549804288e-02 1.023368807880829845e+00 2.511093882050997594e-01 2.294062289302190027e-01
3.243736819122854109e-02 9.872117093751823225e-01 2.648318279870532921e-01 2.256208816099280756e-01
2.944032559382401756e-02 9.528180792955995848e-01 2.538241098259306217e-01 2.578996674821901758e-01
3.038525023814478074e-02 1.050015773066101277e+00 2.898201089052933610e-01 2.306678282093996279e-01
3.027416074789822040e-02 1.075769652821150890e+00 2.472605675874067210e-01 2.330461375925993450e-01
3.105178340438602066e-02 9.689085187113702924e-01 2.504877728145173399e-01 2.197989401611543381e-01
3.080227503250768800e-02 1.052655814689999580e+00 2.892575598869445153e-01 2.174478753427320776e-01
3.158007400080684729e-02 1.065457366503560266e+00 2.668198156263910659e-01 2.382714606674937174e-01
3.239317583668965134e-02 1.068296093446200024e+00 2.727441325742618328e-01 2.348639073574267100e-01
3.144411115230616449e-02 9.487947371773315375e-01 2.529874631008452446e-01 2.159195955046501747e-01
3.058883475545438532e-02 1.001313689043246358e+00 2.698036523023347177e-01 2.120366298686220952e-01
3.030386649590777887e-02 1.033309312260967561e+00 2.448823051949797491e-01 2.225754239717194216e-01
3.034243818049926766e-02 1.075447858943675783e+00 2.651034688071980949e-01 2.398195860249464073e-01
3.039006761390859734e-02 1.100423794224962837e+00 2.385986190975441512e-01 2.203606903451277299e-01
3.156913066335309548e-02 1.094011124257772805e+00 2.518194075355736916e-01 2.181386370445655143e-01
3.149872949689837276e-02 9.571602209432176211e-01 2.672544877733343260e-01 2.389204706618700824e-01
3.361324669253033803e-02 9.466845286583616126e-01 2.670902902641092980e-01 2.292958496292361037e-01
3.229094511253579464e-02 9.798613739324677496e-01 2.468895128405359796e-01 2.253652802394500443e-01
3.006630931661241624e-02 1.026234612601586660e+00 2.349228415364037204e-01 2.259911762301160254e-01
2.995218342976884232e-02 1.102098024519803099e+00 2.256249527814427613e-01 2.266063782005014182e-01
3.232785371501855493e-02 1.042373698348624034e+00 2.596906529464764746e-01 2.202183089874764910e-01
3.003392414971366858e-02 1.024810008404214656e+00 2.576943630350976844e-01 2.156271926239510806e-01
3.127981887043565501e-02 1.003567313082773138e+00 2.427011571192977668e-01 2.320855404148685630e-01
3.033163554024188857e-02 1.047359697338673179e+00 2.649913714792983543e-01 2.362489257579259705e-01
3.293102631883623038e-02 1.066927239854884579e+00 2.533019360352399829e-01 2.183244831895549687e-01
3.183799776564534556e-02 1.102480784639396694e+00 2.363878625010650547e-01 2.178929931352729665e-01
3.061297180842853169e-02 9.617169636060162174e-01 2.613738006134115333e-01 2.512012072541029428e-01
3.189273677347947977e-02 1.029023114265568584e+00 2.411786927657250668e-01 2.358401413761063992e-01
3.169459050063640204e-02 1.016813178233484161e+00 2.707047122807894057e-01 2.449637065335518171e-01
3.208178885551923182e-02 1.081446293286833171e+00 2.594502931311102878e-01 2.267398960259691953e-01
2.859796174291357948e-02 9.620583519764607239e-01 2.622617164672376155e-01 2.158705626339724737e-01
3.075551185393489081e-02 9.881735638054944815e-01 2.568433562986235930e-01 2.313236980483255045e-01
3.150063053037984589e-02 1.007407136170421547e+00 2.777125843415451101e-01 2.294353867737787545e-01
3.122153975940561432e-02 1.119470632119952125e+00 2.550459971932882985e-01 2.193750291454080736e-01
3.225676307984612357e-02 1.030508620238854478e+00 2.402050382406376583e-01 2.090830081022735376e-01
2.851119050277159395e-02 9.856170339984597906e-01 2.659804760819163283e-01 2.399225074834488713e-01
3.031696912931881177e-02 9.908755127944420815e-01 2.670875291651052530e-01 2.405576838473560131e-01
2.947432476573814616e-02 1.053360200195850860e+00 2.811107521182558133e-01 2.588526173811787623e-01
3.307704320123009550e-02 9.804524087818276001e-01 2.529503049606214304e-01 2.262564481691660134e-01
3.198819329195826122e-02 1.085459445031378589e+00 2.386405821204685140e-01 2.483481923411732240e-01
3.163623292119556452e-02 1.031450821768822967e+00 2.675189623628305702e-01 2.223566750701758410e-01
3.277113354731706063e-02 1.015290920711117817e+00 2.496273591632942046e-01 2.217328118539373116e-01
2.842822335336060366e-02 1.067346415414490046e+00 2.864362490175154097e-01 2.474959985598311762e-01
3.267030983735883659e-02 1.002550863417049021e+00 2.401814031500801028e-01 2.315366744623342798e-01
3.470257398341630023e-02 1.126348761480099991e+00 2.488502966258311078e-01 2.340017151696081599e-01
3.231866217316142764e-02 1.083613780478326793e+00 2.475369421330910757e-01 2.196497351809391374e-01
3.039124514837271418e-02 1.099777771714345098e+00 2.693257552039458047e-01 2.360335254597219490e-01
3.275234710540680938e-02 9.872657166885074886e-01 2.499943067862436252e-01 2.391240095358157514e-01
2.995659595243897744e-02 9.186531329730072137e-01 2.652945040144670807e-01 2.376690415781262666e-01
3.057465172923630806e-02 1.038288132616473236e+00 2.380562618361542482e-01 2.142385504080267511e-01
3.123194426701933826e-02 1.040270010125296185e+00 2.390442983622878825e-01 2.233304708966297181e-01
3.149931708830672888e-02 1.037528046374770252e+00 2.610455861976890279e-01 2.307275871266565581e-01
3.300167441537223828e-02 9.959410009903155725e-01 2.427201045935843959e-01 2.230354765863893363e-01
3.229620138844196270e-02 1.086801106725167276e+00 2.698556586459124884e-01 2.189639717313013878e-01
3.262664717239995016e-02 1.044254229846872883e+00 2.603066137369079436e-01 2.269116771290688173e-01
2.944834525392326860e-02 1.050643579794604543e+00 2.495044832344552044e-01 2.240115092220251458e-01
3.521097631321402216e-02 9.945865628657339919e-01 2.498173758025755420e-01 2.362796920752645025e-01
2.828546852123790811e-02 1.014784447143564972e+00 2.510607236732831371e-01 2.368972137514025744e-01
3.140063967881215334e-02 1.085866243877389614e+00 2.690004627325072728e-01 2.487848467285710130e-01
3.315086989945247725e-02 1.113770209955318613e+00 2.689893598719186874e-01 2.204270468064342681e-01
3.109228064108181602e-02 1.110066330735167028e+00 2.461056750859975661e-01 2.427288804549765644e-01
3.145779465795162794e-02 1.008220668592877844e+00 2.426146785172419440e-01 2.164148715455282979e-01
3.135945257908864803e-02 1.103283213806519836e+00 2.554234738545250738e-01 2.216769961946806755e-01
2.991211628006182691e-02 1.044857870769205777e+00 2.603168357668468325e-01 2.314866093977459294e-01
3.215573399420493250e-02 1.081601048638501705e+00 2.493159218615366157e-01 2.316616674991114899e-01
3.269467549390554090e-02 1.017244876780269758e+00 2.598469987208668619e-01 2.212340764168135854e-01
3.273200839973881143e-02 1.066143508298141640e+00 2.492046109775681029e-01 2.355556571121795451e-01
3.126234951636442522e-02 1.053113368819072804e+00 2.479145149646531654e-01 2.232941380871825976e-01
3.134661191159665572e-02 1.017994027814973723e+00 2.473566860133024625e-01 2.458467723821957940e-01
2.891459697898966785e-02 1.011011642683754985e+00 2.493245785199693643e-01 2.392333029086014529e-01
3.062455308990670241e-02 1.038587791190963117e+00 2.627690564408056151e-01 2.405022800329710830e-01
3.058217131181169279e-02 1.007625213826166100e+00 2.597856492125286132e-01 2.173213390250968435e-01
3.129029396242374167e-02 9.974996059726114472e-01 2.497419345746667296e-01 2.523329258756414339e-01
3.420956131334810385e-02 9.602703098229339318e-01 2.486476441565856899e-01 2.079294005845091775e-01
2.896435490639277452e-02 1.047505603905072746e+00 2.669895463627336984e-01 2.245652788759398000e-01
2.983651898115065662e-02 1.017759795100089182e+00 2.504138927385937130e-01 2.165506011800655828e-01
3.516104738708647481e-02 1.042880260047423180e+00 2.293905971297841573e-01 2.247932192977112886e-01
3.131693504314871090e-02 1.041155557897058825e+00 2.482012204746616435e-01 2.298524814463686616e-01
3.198106025489318854e-02 1.080184477080387673e+00 2.710968955954227710e-01 2.366244443869344460e-01
3.028224978519841737e-02 1.001346034947226293e+00 2.470797992904124052e-01 2.252013861837145747e-01
3.211961057048039192e-02 1.016067213863541818e+00 2.641984991731188837e-01 2.408559840466354129e-01
3.250528241540592139e-02 1.018992041988980191e+00 2.630252005155307993e-01 2.280256045232757212e-01
3.014951808875153058e-02 1.022958929479959922e+00 2.486462672990997491e-01 2.407336274162843182e-01
3.121899311387594730e-02 9.513349240579955790e-01 2.589251879596245476e-01 2.300648606520555028e-01
2.929907091935020705e-02 1.098210248018769652e+00 2.497625544235477224e-01 2.458736454790138026e-01
3.122180444486652787e-02 9.909502731127207698e-01 2.540442727196811079e-01 2.130753665051215162e-01
3.091331696435913393e-02 1.110406315915915210e+00 2.565481721901204382e-01 2.316551847464622949e-01
3.150021832020011292e-02 1.063434544915760727e+00 2.595868924021564883e-01 2.075199919064124876e-01
