2.491963570633492253e+01 7.657047346526866249e+02 4.272699926099425647e+04 1.083591009436333650e+02
2.465139279788746407e+01 7.661291447363206544e+02 4.159961978030521277e+04 1.109473245186174069e+02
2.393594623849433844e+01 7.702892258886118952e+02 2.843471966227280063e+04 1.317098961318860404e+02
2.393594623849433844e+01 7.702892258886118952e+02 2.843471966227280063e+04 1.317098961318860404e+02
2.393594623849433844e+01 7.702892258886118952e+02 2.843471966227280063e+04 1.317098961318860404e+02
2.393594623849433844e+01 7.702892258886118952e+02 2.843471966227280063e+04 1.317098961318860404e+02
2.393594623849433844e+01 7.702892258886118952e+02 2.843471966227280063e+04 1.317098961318860404e+02
2.393594623849433844e+01 7.702892258886118952e+02 2.843471966227280063e+04 1.317098961318860404e+02
2.393594623849433844e+01 7.702892258886118952e+02 2.843471966227280063e+04 1.317098961318860404e+02
2.393594623849433844e+01 7.702892258886118952e+02 2.843471966227280063e+04 1.317098961318860404e+02
2.358897711088813764e+01 7.667313985960390710e+02 2.834530377017991486e+04 1.314952612701295322e+02
2.358897711088813764e+01 7.667313985960390710e+02 2.834530377017991486e+04 1.314952612701295322e+02
2.358897711088813764e+01 7.667313985960390710e+02 2.834530377017991486e+04 1.314952612701295322e+02
2.358897711088813764e+01 7.667313985960390710e+02 2.834530377017991486e+04 1.314952612701295322e+02
2.358897711088813764e+01 7.667313985960390710e+02 2.834530377017991486e+04 1.314952612701295322e+02
2.358897711088813764e+01 7.667313985960390710e+02 2.834530377017991486e+04 1.314952612701295322e+02
2.358897711088813764e+01 7.667313985960390710e+02 2.834530377017991486e+04 1.314952612701295322e+02
2.383444114791233304e+01 7.684050164957476454e+02 2.637990865147421573e+04 1.357115309086546517e+02
2.383444114791233304e+01 7.684050164957476454e+02 2.637990865147421573e+04 1.357115309086546517e+02
2.383444114791233304e+01 7.684050164957476454e+02 2.637990865147421573e+04 1.357115309086546517e+02
2.383444114791233304e+01 7.684050164957476454e+02 2.637990865147421573e+04 1.357115309086546517e+02
2.365069273697433516e+01 7.681641317480423368e+02 2.681583723521888533e+04 1.346261343423976484e+02
2.365069273697433516e+01 7.681641317480423368e+02 2.681583723521888533e+04 1.346261343423976484e+02
2.378628475179307955e+01 7.625598288722306961e+02 2.310620910615372122e+04 1.403070573248693051e+02
2.375342313002599681e+01 7.593879635267883259e+02 1.962937716077015284e+04 1.369206919184634614e+02
2.330121828815914142e+01 7.593563203235588617e+02 1.968188263923131308e+04 1.315523587354158792e+02
2.355398097887238507e+01 7.575223859742086461e+02 1.835710279035375061e+04 1.327304221815675476e+02
2.355398097887238507e+01 7.575223859742086461e+02 1.835710279035375061e+04 1.327304221815675476e+02
2.326773787498443369e+01 7.606984902254953340e+02 1.581326979368898901e+04 1.454390041317417115e+02
2.333568434091690946e+01 7.701728032923924729e+02 1.468313414465821006e+04 1.386333308241887323e+02
2.333568434091690946e+01 7.701728032923924729e+02 1.468313414465821006e+04 1.386333308241887323e+02
2.333519547782731962e+01 7.710000067975453248e+02 1.403539707384101894e+04 1.410988540929686224e+02
2.333519547782731962e+01 7.710000067975453248e+02 1.403539707384101894e+04 1.410988540929686224e+02
2.333519547782731962e+01 7.710000067975453248e+02 1.403539707384101894e+04 1.410988540929686224e+02
2.329835248919686563e+01 7.687042548494782750e+02 1.387023895025258207e+04 1.430371921161642774e+02
2.329835248919686563e+01 7.687042548494782750e+02 1.387023895025258207e+04 1.430371921161642774e+02
2.290872043930810875e+01 7.673034611107920000e+02 1.273936196579104035e+04 1.510620773555958749e+02
2.290872043930810875e+01 7.673034611107920000e+02 1.273936196579104035e+04 1.510620773555958749e+02
2.312496761846817606e+01 7.611379889272113815e+02 1.221881721226232185e+04 1.568424104070252554e+02
2.268580240983992624e+01 7.411950731795748197e+02 1.158001151756182480e+04 1.655840532095687649e+02
2.275657133810269883e+01 7.512117674852170239e+02 1.125380385646575814e+04 1.619516521351689278e+02
2.282258821644143509e+01 7.503608380851234188e+02 1.085524208432571140e+04 1.556742522983051344e+02
2.293318213251702176e+01 7.532196464349799498e+02 1.048778294612245554e+04 1.551005930875957404e+02
2.267202222212124241e+01 7.509492899221947937e+02 1.022238217550417539e+04 1.547290168874864094e+02
2.267202222212124241e+01 7.509492899221947937e+02 1.022238217550417539e+04 1.547290168874864094e+02
2.320567036508828451e+01 7.621040647146290894e+02 1.063377564814212928e+04 1.435906777987749763e+02
2.320567036508828451e+01 7.621040647146290894e+02 1.063377564814212928e+04 1.435906777987749763e+02
2.332391494603153959e+01 7.664827128781929559e+02 8.821919606927736822e+03 1.461646712053729686e+02
2.293302466274280604e+01 7.667731374004951022e+02 8.911866099952823788e+03 1.454249735064772153e+02
2.293302466274280604e+01 7.667731374004951022e+02 8.911866099952823788e+03 1.454249735064772153e+02
2.293302466274280604e+01 7.667731374004951022e+02 8.911866099952823788e+03 1.454249735064772153e+02
2.293302466274280604e+01 7.667731374004951022e+02 8.911866099952823788e+03 1.454249735064772153e+02
2.293302466274280604e+01 7.667731374004951022e+02 8.911866099952823788e+03 1.454249735064772153e+02
2.293302466274280604e+01 7.667731374004951022e+02 8.911866099952823788e+03 1.454249735064772153e+02
2.293302466274280604e+01 7.667731374004951022e+02 8.911866099952823788e+03 1.454249735064772153e+02
2.293302466274280604e+01 7.667731374004951022e+02 8.911866099952823788e+03 1.454249735064772153e+02
2.293302466274280604e+01 7.667731374004951022e+02 8.911866099952823788e+03 1.454249735064772153e+02
2.328751568108725678e+01 7.688160415457673480e+02 9.015504318762212279e+03 1.405207493642664645e+02
2.328751568108725678e+01 7.688160415457673480e+02 9.015504318762212279e+03 1.405207493642664645e+02
2.328751568108725678e+01 7.688160415457673480e+02 9.015504318762212279e+03 1.405207493642664645e+02
2.328751568108725678e+01 7.688160415457673480e+02 9.015504318762212279e+03 1.405207493642664645e+02
2.328751568108725678e+01 7.688160415457673480e+02 9.015504318762212279e+03 1.405207493642664645e+02
2.328751568108725678e+01 7.688160415457673480e+02 9.015504318762212279e+03 1.405207493642664645e+02
2.303144627765471597e+01 7.704681188945256736e+02 8.901658381540746632e+03 1.426442067425421669e+02
2.319416456714171559e+01 7.718085048900583161e+02 6.936132185788492279e+03 1.627964088255729393e+02
2.319416456714171559e+01 7.718085048900583161e+02 6.936132185788492279e+03 1.627964088255729393e+02
2.320323700787811205e+01 7.723547428721951746e+02 5.171614708399326446e+03 1.675368970680861764e+02
2.292727204126183693e+01 7.588439071447554625e+02 4.628058839753749453e+03 1.718983717159332514e+02
2.292727204126183693e+01 7.588439071447554625e+02 4.628058839753749453e+03 1.718983717159332514e+02
2.297501712957879860e+01 7.593810666028008427e+02 4.236662914002470643e+03 1.801268428397235368e+02
2.297501712957879860e+01 7.593810666028008427e+02 4.236662914002470643e+03 1.801268428397235368e+02
2.297501712957879860e+01 7.593810666028008427e+02 4.236662914002470643e+03 1.801268428397235368e+02
2.321893803383341748e+01 7.567098210988870051e+02 3.469000804868499927e+03 1.891245632394279141e+02
2.305028845598132747e+01 7.566265570248341419e+02 3.360258129861132602e+03 1.906900654419979730e+02
2.295847035554720250e+01 7.556783349652980633e+02 3.167117336534517563e+03 1.826657684247126383e+02
2.285709446882770379e+01 7.567305167627993114e+02 3.191418973930812626e+03 1.779844502831654154e+02
2.285709446882770379e+01 7.567305167627993114e+02 3.191418973930812626e+03 1.779844502831654154e+02
2.294766049418187492e+01 7.618203533629585991e+02 2.351239200348327358e+03 1.903995271792103665e+02
2.293713110833228441e+01 7.615362767683403717e+02 2.401891025165713927e+03 1.849968980052413485e+02
2.293713110833228441e+01 7.615362767683403717e+02 2.401891025165713927e+03 1.849968980052413485e+02
2.306264828803682221e+01 7.613077499940757207e+02 2.343388888100836539e+03 1.835631435726933489e+02
2.306264828803682221e+01 7.613077499940757207e+02 2.343388888100836539e+03 1.835631435726933489e+02
2.306264828803682221e+01 7.613077499940757207e+02 2.343388888100836539e+03 1.835631435726933489e+02
2.308449196032294637e+01 7.632169925003692015e+02 2.280674254848817782e+03 1.857563308572734115e+02
2.320610941347321798e+01 7.626422160020030105e+02 2.250298478296428129e+03 1.875126559235759771e+02
2.297912932109726825e+01 7.673949411554609696e+02 2.309864453301182493e+03 1.776202442426912569e+02
2.297912932109726825e+01 7.673949411554609696e+02 2.309864453301182493e+03 1.776202442426912569e+02
2.297912932109726825e+01 7.673949411554609696e+02 2.309864453301182493e+03 1.776202442426912569e+02
2.297912932109726825e+01 7.673949411554609696e+02 2.309864453301182493e+03 1.776202442426912569e+02
2.297912932109726825e+01 7.673949411554609696e+02 2.309864453301182493e+03 1.776202442426912569e+02
2.297912932109726825e+01 7.673949411554609696e+02 2.309864453301182493e+03 1.776202442426912569e+02
2.297912932109726825e+01 7.673949411554609696e+02 2.309864453301182493e+03 1.776202442426912569e+02
2.297912932109726825e+01 7.673949411554609696e+02 2.309864453301182493e+03 1.776202442426912569e+02
2.293529879332265153e+01 7.667116020415412549e+02 2.239951214664130930e+03 1.768477048604661093e+02
2.293529879332265153e+01 7.667116020415412549e+02 2.239951214664130930e+03 1.768477048604661093e+02
2.309640524339629408e+01 7.637680753297917136e+02 2.125245649838906047e+03 1.816835185780654456e+02
2.309640524339629408e+01 7.637680753297917136e+02 2.125245649838906047e+03 1.816835185780654456e+02
2.309640524339629408e+01 7.637680753297917136e+02 2.125245649838906047e+03 1.816835185780654456e+02
2.293036738613744774e+01 7.638485512927180707e+02 2.087554999461539410e+03 1.776351835239445052e+02
2.302165687201464905e+01 7.637753136864358794e+02 1.993106464757877347e+03 1.812272050727316355e+02
2.315578206049008614e+01 7.634375229959119906e+02 1.915568171271235315e+03 1.767307658093671421e+02
2.288297200510475093e+01 7.651791195330032451e+02 1.850310693737324755e+03 1.801746157365620320e+02
2.288297200510475093e+01 7.651791195330032451e+02 1.850310693737324755e+03 1.801746157365620320e+02
2.288297200510475093e+01 7.651791195330032451e+02 1.850310693737324755e+03 1.801746157365620320e+02
2.302876807495880485e+01 7.708656568522530961e+02 1.456309313148152569e+03 1.804703675229844748e+02
2.302876807495880485e+01 7.708656568522530961e+02 1.456309313148152569e+03 1.804703675229844748e+02
2.302876807495880485e+01 7.708656568522530961e+02 1.456309313148152569e+03 1.804703675229844748e+02
2.302876807495880485e+01 7.708656568522530961e+02 1.456309313148152569e+03 1.804703675229844748e+02
2.302876807495880485e+01 7.708656568522530961e+02 1.456309313148152569e+03 1.804703675229844748e+02
2.302876807495880485e+01 7.708656568522530961e+02 1.456309313148152569e+03 1.804703675229844748e+02
2.302876807495880485e+01 7.708656568522530961e+02 1.456309313148152569e+03 1.804703675229844748e+02
2.301699767621862236e+01 7.706268819122207105e+02 1.406939852549255193e+03 1.833771100142110129e+02
2.301699767621862236e+01 7.706268819122207105e+02 1.406939852549255193e+03 1.833771100142110129e+02
2.301699767621862236e+01 7.706268819122207105e+02 1.406939852549255193e+03 1.833771100142110129e+02
2.301699767621862236e+01 7.706268819122207105e+02 1.406939852549255193e+03 1.833771100142110129e+02
2.276279998148672945e+01 7.694906212234529903e+02 1.371788896606291019e+03 1.861148129890758582e+02
2.276279998148672945e+01 7.694906212234529903e+02 1.371788896606291019e+03 1.861148129890758582e+02
2.276279998148672945e+01 7.694906212234529903e+02 1.371788896606291019e+03 1.861148129890758582e+02
2.276279998148672945e+01 7.694906212234529903e+02 1.371788896606291019e+03 1.861148129890758582e+02
2.276279998148672945e+01 7.694906212234529903e+02 1.371788896606291019e+03 1.861148129890758582e+02
2.294656463711363159e+01 7.696233236606775563e+02 1.346410504470709611e+03 1.879192036756127209e+02
2.294656463711363159e+01 7.696233236606775563e+02 1.346410504470709611e+03 1.879192036756127209e+02
2.294656463711363159e+01 7.696233236606775563e+02 1.346410504470709611e+03 1.879192036756127209e+02
2.298972641434743380e+01 7.710603069402476422e+02 1.313748482327888723e+03 1.871892488635889151e+02
2.296779549031563050e+01 7.714188627810973458e+02 1.306120375328243881e+03 1.794392179904684497e+02
2.271393353783899727e+01 7.650729440705817979e+02 9.983474384690863417e+02 1.847330210590893671e+02
2.271393353783899727e+01 7.650729440705817979e+02 9.983474384690863417e+02 1.847330210590893671e+02
2.271393353783899727e+01 7.650729440705817979e+02 9.983474384690863417e+02 1.847330210590893671e+02
2.271393353783899727e+01 7.650729440705817979e+02 9.983474384690863417e+02 1.847330210590893671e+02
2.299162843992314365e+01 7.635904710261116861e+02 9.363177737789145567e+02 1.899724525537575346e+02
2.299162843992314365e+01 7.635904710261116861e+02 9.363177737789145567e+02 1.899724525537575346e+02
2.295054154523498724e+01 7.657698024905998864e+02 9.239621557575593442e+02 1.827090935695289318e+02
2.295054154523498724e+01 7.657698024905998864e+02 9.239621557575593442e+02 1.827090935695289318e+02
2.295054154523498724e+01 7.657698024905998864e+02 9.239621557575593442e+02 1.827090935695289318e+02
2.295054154523498724e+01 7.657698024905998864e+02 9.239621557575593442e+02 1.827090935695289318e+02
2.289971873745509257e+01 7.655577927969844723e+02 8.913056428405644738e+02 1.866829955994247143e+02
2.289971873745509257e+01 7.655577927969844723e+02 8.913056428405644738e+02 1.866829955994247143e+02
2.289971873745509257e+01 7.655577927969844723e+02 8.913056428405644738e+02 1.866829955994247143e+02
2.307833732440636609e+01 7.610806013536865748e+02 8.434529717458499363e+02 1.834477702260380454e+02
2.278281125831555087e+01 7.582763986562717946e+02 8.362210912170438633e+02 1.822209972549676138e+02
2.278281125831555087e+01 7.582763986562717946e+02 8.362210912170438633e+02 1.822209972549676138e+02
2.278281125831555087e+01 7.582763986562717946e+02 8.362210912170438633e+02 1.822209972549676138e+02
2.278281125831555087e+01 7.582763986562717946e+02 8.362210912170438633e+02 1.822209972549676138e+02
2.286296841260098134e+01 7.601408144715130675e+02 7.926389383927897825e+02 1.892330728578977528e+02
2.293618198066394953e+01 7.543543248733874407e+02 6.177233968176725512e+02 1.899425360800563567e+02
2.293618198066394953e+01 7.543543248733874407e+02 6.177233968176725512e+02 1.899425360800563567e+02
2.275780450756667861e+01 7.537605457876281889e+02 5.560347866719685044e+02 1.930027016635928874e+02
2.275780450756667861e+01 7.537605457876281889e+02 5.560347866719685044e+02 1.930027016635928874e+02
2.278847505626008640e+01 7.557667880833705567e+02 5.288931291128183148e+02 1.895909801145407130e+02
2.274052964238728336e+01 7.477517978980847602e+02 4.776020554647531640e+02 1.910699016134734336e+02
2.274052964238728336e+01 7.477517978980847602e+02 4.776020554647531640e+02 1.910699016134734336e+02
2.266578573242323458e+01 7.467682322754599227e+02 4.502800263973602455e+02 1.866248911605170804e+02
2.266578573242323458e+01 7.467682322754599227e+02 4.502800263973602455e+02 1.866248911605170804e+02
2.295539668948942236e+01 7.496309156108537763e+02 4.526003900503085333e+02 1.833423010328375540e+02
2.295539668948942236e+01 7.496309156108537763e+02 4.526003900503085333e+02 1.833423010328375540e+02
2.295539668948942236e+01 7.496309156108537763e+02 4.526003900503085333e+02 1.833423010328375540e+02
2.295539668948942236e+01 7.496309156108537763e+02 4.526003900503085333e+02 1.833423010328375540e+02
2.266591754818209736e+01 7.457423365571260092e+02 4.490441435867212476e+02 1.813874861691823810e+02
2.266591754818209736e+01 7.457423365571260092e+02 4.490441435867212476e+02 1.813874861691823810e+02
2.296409712575372453e+01 7.545196988729247778e+02 3.745282499937713396e+02 1.817533658351778172e+02
2.296409712575372453e+01 7.545196988729247778e+02 3.745282499937713396e+02 1.817533658351778172e+02
2.296409712575372453e+01 7.545196988729247778e+02 3.745282499937713396e+02 1.817533658351778172e+02
2.296409712575372453e+01 7.545196988729247778e+02 3.745282499937713396e+02 1.817533658351778172e+02
2.269626648391351864e+01 7.493936272274529529e+02 3.583995609059340381e+02 1.877668716678439580e+02
2.269626648391351864e+01 7.493936272274529529e+02 3.583995609059340381e+02 1.877668716678439580e+02
2.269626648391351864e+01 7.493936272274529529e+02 3.583995609059340381e+02 1.877668716678439580e+02
2.265739493899588908e+01 7.494942929029778043e+02 3.618118613031006134e+02 1.830938580389091044e+02
2.265739493899588908e+01 7.494942929029778043e+02 3.618118613031006134e+02 1.830938580389091044e+02
2.265739493899588908e+01 7.494942929029778043e+02 3.618118613031006134e+02 1.830938580389091044e+02
2.265739493899588908e+01 7.494942929029778043e+02 3.618118613031006134e+02 1.830938580389091044e+02
2.282334307704009291e+01 7.472910344879846889e+02 3.075834932570169826e+02 1.830694194503626591e+02
2.281348839444106247e+01 7.503522049986340789e+02 2.986970389686330236e+02 1.838282806502571134e+02
2.281348839444106247e+01 7.503522049986340789e+02 2.986970389686330236e+02 1.838282806502571134e+02
2.281348839444106247e+01 7.503522049986340789e+02 2.986970389686330236e+02 1.838282806502571134e+02
2.288133417779423695e+01 7.493853380136737314e+02 2.833567692532290039e+02 1.808257304974372346e+02
2.301408284290273798e+01 7.554452539308331325e+02 2.607433057109366246e+02 1.770420758505601952e+02
2.301408284290273798e+01 7.554452539308331325e+02 2.607433057109366246e+02 1.770420758505601952e+02
2.306406389345311680e+01 7.546277337053269321e+02 2.496422505423527980e+02 1.793269771876008463e+02
2.306406389345311680e+01 7.546277337053269321e+02 2.496422505423527980e+02 1.793269771876008463e+02
2.278148981248197558e+01 7.523701208781817513e+02 2.498908492155252077e+02 1.812986818033238592e+02
2.289915662130712448e+01 7.521167145828890170e+02 1.897828825443457674e+02 1.731729757567556476e+02
2.277706023678240754e+01 7.518526664077223813e+02 1.917829007270333364e+02 1.719497060420218872e+02
2.277706023678240754e+01 7.518526664077223813e+02 1.917829007270333364e+02 1.719497060420218872e+02
2.277706023678240754e+01 7.518526664077223813e+02 1.917829007270333364e+02 1.719497060420218872e+02
2.277706023678240754e+01 7.518526664077223813e+02 1.917829007270333364e+02 1.719497060420218872e+02
2.277706023678240754e+01 7.518526664077223813e+02 1.917829007270333364e+02 1.719497060420218872e+02
2.277706023678240754e+01 7.518526664077223813e+02 1.917829007270333364e+02 1.719497060420218872e+02
2.277706023678240754e+01 7.518526664077223813e+02 1.917829007270333364e+02 1.719497060420218872e+02
2.277706023678240754e+01 7.518526664077223813e+02 1.917829007270333364e+02 1.719497060420218872e+02
2.277706023678240754e+01 7.518526664077223813e+02 1.917829007270333364e+02 1.719497060420218872e+02
2.277706023678240754e+01 7.518526664077223813e+02 1.917829007270333364e+02 1.719497060420218872e+02
2.277706023678240754e+01 7.518526664077223813e+02 1.917829007270333364e+02 1.719497060420218872e+02
2.277706023678240754e+01 7.518526664077223813e+02 1.917829007270333364e+02 1.719497060420218872e+02
2.277706023678240754e+01 7.518526664077223813e+02 1.917829007270333364e+02 1.719497060420218872e+02
2.277706023678240754e+01 7.518526664077223813e+02 1.917829007270333364e+02 1.719497060420218872e+02
2.277706023678240754e+01 7.518526664077223813e+02 1.917829007270333364e+02 1.719497060420218872e+02
2.277706023678240754e+01 7.518526664077223813e+02 1.917829007270333364e+02 1.719497060420218872e+02
2.277706023678240754e+01 7.518526664077223813e+02 1.917829007270333364e+02 1.719497060420218872e+02
2.277706023678240754e+01 7.518526664077223813e+02 1.917829007270333364e+02 1.719497060420218872e+02
2.277706023678240754e+01 7.518526664077223813e+02 1.917829007270333364e+02 1.719497060420218872e+02
2.277706023678240754e+01 7.518526664077223813e+02 1.917829007270333364e+02 1.719497060420218872e+02
2.277706023678240754e+01 7.518526664077223813e+02 1.917829007270333364e+02 1.719497060420218872e+02
2.270245394048181709e+01 7.500243931946330349e+02 1.937622535764548672e+02 1.705856105453634655e+02
2.270245394048181709e+01 7.500243931946330349e+02 1.937622535764548672e+02 1.705856105453634655e+02
2.270245394048181709e+01 7.500243931946330349e+02 1.937622535764548672e+02 1.705856105453634655e+02
2.270245394048181709e+01 7.500243931946330349e+02 1.937622535764548672e+02 1.705856105453634655e+02
2.270245394048181709e+01 7.500243931946330349e+02 1.937622535764548672e+02 1.705856105453634655e+02
2.270245394048181709e+01 7.500243931946330349e+02 1.937622535764548672e+02 1.705856105453634655e+02
2.270245394048181709e+01 7.500243931946330349e+02 1.937622535764548672e+02 1.705856105453634655e+02
2.270245394048181709e+01 7.500243931946330349e+02 1.937622535764548672e+02 1.705856105453634655e+02
2.270245394048181709e+01 7.500243931946330349e+02 1.937622535764548672e+02 1.705856105453634655e+02
2.270245394048181709e+01 7.500243931946330349e+02 1.937622535764548672e+02 1.705856105453634655e+02
2.270245394048181709e+01 7.500243931946330349e+02 1.937622535764548672e+02 1.705856105453634655e+02
2.270245394048181709e+01 7.500243931946330349e+02 1.937622535764548672e+02 1.705856105453634655e+02
2.270245394048181709e+01 7.500243931946330349e+02 1.937622535764548672e+02 1.705856105453634655e+02
2.270245394048181709e+01 7.500243931946330349e+02 1.937622535764548672e+02 1.705856105453634655e+02
2.270245394048181709e+01 7.500243931946330349e+02 1.937622535764548672e+02 1.705856105453634655e+02
2.270245394048181709e+01 7.500243931946330349e+02 1.937622535764548672e+02 1.705856105453634655e+02
2.270245394048181709e+01 7.500243931946330349e+02 1.937622535764548672e+02 1.705856105453634655e+02
2.270245394048181709e+01 7.500243931946330349e+02 1.937622535764548672e+02 1.705856105453634655e+02
2.270245394048181709e+01 7.500243931946330349e+02 1.937622535764548672e+02 1.705856105453634655e+02
2.270245394048181709e+01 7.500243931946330349e+02 1.937622535764548672e+02 1.705856105453634655e+02
2.270245394048181709e+01 7.500243931946330349e+02 1.937622535764548672e+02 1.705856105453634655e+02
2.270245394048181709e+01 7.500243931946330349e+02 1.937622535764548672e+02 1.705856105453634655e+02
2.270245394048181709e+01 7.500243931946330349e+02 1.937622535764548672e+02 1.705856105453634655e+02
2.270245394048181709e+01 7.500243931946330349e+02 1.937622535764548672e+02 1.705856105453634655e+02
2.270245394048181709e+01 7.500243931946330349e+02 1.937622535764548672e+02 1.705856105453634655e+02
2.270245394048181709e+01 7.500243931946330349e+02 1.937622535764548672e+02 1.705856105453634655e+02
2.270245394048181709e+01 7.500243931946330349e+02 1.937622535764548672e+02 1.705856105453634655e+02
2.270245394048181709e+01 7.500243931946330349e+02 1.937622535764548672e+02 1.705856105453634655e+02
2.270245394048181709e+01 7.500243931946330349e+02 1.937622535764548672e+02 1.705856105453634655e+02
2.270245394048181709e+01 7.500243931946330349e+02 1.937622535764548672e+02 1.705856105453634655e+02
2.270245394048181709e+01 7.500243931946330349e+02 1.937622535764548672e+02 1.705856105453634655e+02
2.270245394048181709e+01 7.500243931946330349e+02 1.937622535764548672e+02 1.705856105453634655e+02
2.270245394048181709e+01 7.500243931946330349e+02 1.937622535764548672e+02 1.705856105453634655e+02
2.270245394048181709e+01 7.500243931946330349e+02 1.937622535764548672e+02 1.705856105453634655e+02
2.270245394048181709e+01 7.500243931946330349e+02 1.937622535764548672e+02 1.705856105453634655e+02
2.270245394048181709e+01 7.500243931946330349e+02 1.937622535764548672e+02 1.705856105453634655e+02
2.270245394048181709e+01 7.500243931946330349e+02 1.937622535764548672e+02 1.705856105453634655e+02
2.270245394048181709e+01 7.500243931946330349e+02 1.937622535764548672e+02 1.705856105453634655e+02
2.270245394048181709e+01 7.500243931946330349e+02 1.937622535764548672e+02 1.705856105453634655e+02
2.270245394048181709e+01 7.500243931946330349e+02 1.937622535764548672e+02 1.705856105453634655e+02
2.270245394048181709e+01 7.500243931946330349e+02 1.937622535764548672e+02 1.705856105453634655e+02
2.270245394048181709e+01 7.500243931946330349e+02 1.937622535764548672e+02 1.705856105453634655e+02
2.270245394048181709e+01 7.500243931946330349e+02 1.937622535764548672e+02 1.705856105453634655e+02
2.270245394048181709e+01 7.500243931946330349e+02 1.937622535764548672e+02 1.705856105453634655e+02
2.270245394048181709e+01 7.500243931946330349e+02 1.937622535764548672e+02 1.705856105453634655e+02
2.277891432845287767e+01 7.486276294546115651e+02 1.952713702348216316e+02 1.709020150907192601e+02
2.277891432845287767e+01 7.486276294546115651e+02 1.952713702348216316e+02 1.709020150907192601e+02
2.277891432845287767e+01 7.486276294546115651e+02 1.952713702348216316e+02 1.709020150907192601e+02
2.277891432845287767e+01 7.486276294546115651e+02 1.952713702348216316e+02 1.709020150907192601e+02
2.277891432845287767e+01 7.486276294546115651e+02 1.952713702348216316e+02 1.709020150907192601e+02
2.277891432845287767e+01 7.486276294546115651e+02 1.952713702348216316e+02 1.709020150907192601e+02
2.277891432845287767e+01 7.486276294546115651e+02 1.952713702348216316e+02 1.709020150907192601e+02
2.277891432845287767e+01 7.486276294546115651e+02 1.952713702348216316e+02 1.709020150907192601e+02
2.292164878704631192e+01 7.505448416085180270e+02 1.931067550492317082e+02 1.709641970291928033e+02
2.292164878704631192e+01 7.505448416085180270e+02 1.931067550492317082e+02 1.709641970291928033e+02
2.292164878704631192e+01 7.505448416085180270e+02 1.931067550492317082e+02 1.709641970291928033e+02
2.292164878704631192e+01 7.505448416085180270e+02 1.931067550492317082e+02 1.709641970291928033e+02
2.292164878704631192e+01 7.505448416085180270e+02 1.931067550492317082e+02 1.709641970291928033e+02
2.292164878704631192e+01 7.505448416085180270e+02 1.931067550492317082e+02 1.709641970291928033e+02
2.292164878704631192e+01 7.505448416085180270e+02 1.931067550492317082e+02 1.709641970291928033e+02
2.286994001729589954e+01 7.513276824611492657e+02 1.937020121731213180e+02 1.690139630235488823e+02
2.286994001729589954e+01 7.513276824611492657e+02 1.937020121731213180e+02 1.690139630235488823e+02
2.286994001729589954e+01 7.513276824611492657e+02 1.937020121731213180e+02 1.690139630235488823e+02
2.286994001729589954e+01 7.513276824611492657e+02 1.937020121731213180e+02 1.690139630235488823e+02
2.271886667280329064e+01 7.494365685436247304e+02 1.904767073805084578e+02 1.733190721648785200e+02
2.271886667280329064e+01 7.494365685436247304e+02 1.904767073805084578e+02 1.733190721648785200e+02
2.257431911406800751e+01 7.479380137932082562e+02 1.902812753379616595e+02 1.711088379289518571e+02
2.257431911406800751e+01 7.479380137932082562e+02 1.902812753379616595e+02 1.711088379289518571e+02
2.257431911406800751e+01 7.479380137932082562e+02 1.902812753379616595e+02 1.711088379289518571e+02
2.257431911406800751e+01 7.479380137932082562e+02 1.902812753379616595e+02 1.711088379289518571e+02
2.257431911406800751e+01 7.479380137932082562e+02 1.902812753379616595e+02 1.711088379289518571e+02
2.257431911406800751e+01 7.479380137932082562e+02 1.902812753379616595e+02 1.711088379289518571e+02
2.255699101958683528e+01 7.469319247681188472e+02 1.895435429074214255e+02 1.687427903670920273e+02
2.255699101958683528e+01 7.469319247681188472e+02 1.895435429074214255e+02 1.687427903670920273e+02
2.255699101958683528e+01 7.469319247681188472e+02 1.895435429074214255e+02 1.687427903670920273e+02
2.255699101958683528e+01 7.469319247681188472e+02 1.895435429074214255e+02 1.687427903670920273e+02
2.255699101958683528e+01 7.469319247681188472e+02 1.895435429074214255e+02 1.687427903670920273e+02
2.255699101958683528e+01 7.469319247681188472e+02 1.895435429074214255e+02 1.687427903670920273e+02
2.250527682818465181e+01 7.470852001042745769e+02 1.897914175033963318e+02 1.691770473816208380e+02
2.250527682818465181e+01 7.470852001042745769e+02 1.897914175033963318e+02 1.691770473816208380e+02
2.250527682818465181e+01 7.470852001042745769e+02 1.897914175033963318e+02 1.691770473816208380e+02
2.250527682818465181e+01 7.470852001042745769e+02 1.897914175033963318e+02 1.691770473816208380e+02
2.250527682818465181e+01 7.470852001042745769e+02 1.897914175033963318e+02 1.691770473816208380e+02
2.250527682818465181e+01 7.470852001042745769e+02 1.897914175033963318e+02 1.691770473816208380e+02
2.250527682818465181e+01 7.470852001042745769e+02 1.897914175033963318e+02 1.691770473816208380e+02
2.250527682818465181e+01 7.470852001042745769e+02 1.897914175033963318e+02 1.691770473816208380e+02
2.250527682818465181e+01 7.470852001042745769e+02 1.897914175033963318e+02 1.691770473816208380e+02
2.250527682818465181e+01 7.470852001042745769e+02 1.897914175033963318e+02 1.691770473816208380e+02
2.250527682818465181e+01 7.470852001042745769e+02 1.897914175033963318e+02 1.691770473816208380e+02
2.250527682818465181e+01 7.470852001042745769e+02 1.897914175033963318e+02 1.691770473816208380e+02
2.250527682818465181e+01 7.470852001042745769e+02 1.897914175033963318e+02 1.691770473816208380e+02
2.250527682818465181e+01 7.470852001042745769e+02 1.897914175033963318e+02 1.691770473816208380e+02
2.250527682818465181e+01 7.470852001042745769e+02 1.897914175033963318e+02 1.691770473816208380e+02
2.250527682818465181e+01 7.470852001042745769e+02 1.897914175033963318e+02 1.691770473816208380e+02
2.250527682818465181e+01 7.470852001042745769e+02 1.897914175033963318e+02 1.691770473816208380e+02
2.250527682818465181e+01 7.470852001042745769e+02 1.897914175033963318e+02 1.691770473816208380e+02
2.250527682818465181e+01 7.470852001042745769e+02 1.897914175033963318e+02 1.691770473816208380e+02
2.250527682818465181e+01 7.470852001042745769e+02 1.897914175033963318e+02 1.691770473816208380e+02
2.250527682818465181e+01 7.470852001042745769e+02 1.897914175033963318e+02 1.691770473816208380e+02
2.250527682818465181e+01 7.470852001042745769e+02 1.897914175033963318e+02 1.691770473816208380e+02
2.250527682818465181e+01 7.470852001042745769e+02 1.897914175033963318e+02 1.691770473816208380e+02
2.250527682818465181e+01 7.470852001042745769e+02 1.897914175033963318e+02 1.691770473816208380e+02
2.250527682818465181e+01 7.470852001042745769e+02 1.897914175033963318e+02 1.691770473816208380e+02
2.250527682818465181e+01 7.470852001042745769e+02 1.897914175033963318e+02 1.691770473816208380e+02
2.250527682818465181e+01 7.470852001042745769e+02 1.897914175033963318e+02 1.691770473816208380e+02
2.250527682818465181e+01 7.470852001042745769e+02 1.897914175033963318e+02 1.691770473816208380e+02
2.250527682818465181e+01 7.470852001042745769e+02 1.897914175033963318e+02 1.691770473816208380e+02
2.255020903845548830e+01 7.452788224054411330e+02 1.911037769781084705e+02 1.686455758823837527e+02
2.255020903845548830e+01 7.452788224054411330e+02 1.911037769781084705e+02 1.686455758823837527e+02
2.235993195465061945e+01 7.455268020351136329e+02 1.921898933776745082e+02 1.688476945166630969e+02
2.242667979865136374e+01 7.458675096932719271e+02 1.931258115439855771e+02 1.667803159301078892e+02
2.242667979865136374e+01 7.458675096932719271e+02 1.931258115439855771e+02 1.667803159301078892e+02
2.242667979865136374e+01 7.458675096932719271e+02 1.931258115439855771e+02 1.667803159301078892e+02
2.242667979865136374e+01 7.458675096932719271e+02 1.931258115439855771e+02 1.667803159301078892e+02
2.243516468418575016e+01 7.421248326020025843e+02 1.887719023783695889e+02 1.662679357353163994e+02
2.243516468418575016e+01 7.421248326020025843e+02 1.887719023783695889e+02 1.662679357353163994e+02
2.243516468418575016e+01 7.421248326020025843e+02 1.887719023783695889e+02 1.662679357353163994e+02
2.243516468418575016e+01 7.421248326020025843e+02 1.887719023783695889e+02 1.662679357353163994e+02
2.243516468418575016e+01 7.421248326020025843e+02 1.887719023783695889e+02 1.662679357353163994e+02
2.243516468418575016e+01 7.421248326020025843e+02 1.887719023783695889e+02 1.662679357353163994e+02
2.243516468418575016e+01 7.421248326020025843e+02 1.887719023783695889e+02 1.662679357353163994e+02
2.243516468418575016e+01 7.421248326020025843e+02 1.887719023783695889e+02 1.662679357353163994e+02
2.243516468418575016e+01 7.421248326020025843e+02 1.887719023783695889e+02 1.662679357353163994e+02
2.243516468418575016e+01 7.421248326020025843e+02 1.887719023783695889e+02 1.662679357353163994e+02
2.243516468418575016e+01 7.421248326020025843e+02 1.887719023783695889e+02 1.662679357353163994e+02
2.243516468418575016e+01 7.421248326020025843e+02 1.887719023783695889e+02 1.662679357353163994e+02
2.243516468418575016e+01 7.421248326020025843e+02 1.887719023783695889e+02 1.662679357353163994e+02
2.243516468418575016e+01 7.421248326020025843e+02 1.887719023783695889e+02 1.662679357353163994e+02
2.243516468418575016e+01 7.421248326020025843e+02 1.887719023783695889e+02 1.662679357353163994e+02
2.243516468418575016e+01 7.421248326020025843e+02 1.887719023783695889e+02 1.662679357353163994e+02
2.243516468418575016e+01 7.421248326020025843e+02 1.887719023783695889e+02 1.662679357353163994e+02
2.243516468418575016e+01 7.421248326020025843e+02 1.887719023783695889e+02 1.662679357353163994e+02
2.243516468418575016e+01 7.421248326020025843e+02 1.887719023783695889e+02 1.662679357353163994e+02
2.243516468418575016e+01 7.421248326020025843e+02 1.887719023783695889e+02 1.662679357353163994e+02
2.241167763564023119e+01 7.419193647691300839e+02 1.881064166706172784e+02 1.663471345889007011e+02
2.241167763564023119e+01 7.419193647691300839e+02 1.881064166706172784e+02 1.663471345889007011e+02
2.241167763564023119e+01 7.419193647691300839e+02 1.881064166706172784e+02 1.663471345889007011e+02
2.241167763564023119e+01 7.419193647691300839e+02 1.881064166706172784e+02 1.663471345889007011e+02
2.241167763564023119e+01 7.419193647691300839e+02 1.881064166706172784e+02 1.663471345889007011e+02
2.241167763564023119e+01 7.419193647691300839e+02 1.881064166706172784e+02 1.663471345889007011e+02
2.241167763564023119e+01 7.419193647691300839e+02 1.881064166706172784e+02 1.663471345889007011e+02
2.241167763564023119e+01 7.419193647691300839e+02 1.881064166706172784e+02 1.663471345889007011e+02
2.241167763564023119e+01 7.419193647691300839e+02 1.881064166706172784e+02 1.663471345889007011e+02
2.241167763564023119e+01 7.419193647691300839e+02 1.881064166706172784e+02 1.663471345889007011e+02
2.241167763564023119e+01 7.419193647691300839e+02 1.881064166706172784e+02 1.663471345889007011e+02
2.246443752723915921e+01 7.438880693143686358e+02 1.884387736462304588e+02 1.648609702659586560e+02
2.246443752723915921e+01 7.438880693143686358e+02 1.884387736462304588e+02 1.648609702659586560e+02
2.246443752723915921e+01 7.438880693143686358e+02 1.884387736462304588e+02 1.648609702659586560e+02
2.246443752723915921e+01 7.438880693143686358e+02 1.884387736462304588e+02 1.648609702659586560e+02
2.246443752723915921e+01 7.438880693143686358e+02 1.884387736462304588e+02 1.648609702659586560e+02
2.246443752723915921e+01 7.438880693143686358e+02 1.884387736462304588e+02 1.648609702659586560e+02
2.246443752723915921e+01 7.438880693143686358e+02 1.884387736462304588e+02 1.648609702659586560e+02
2.246443752723915921e+01 7.438880693143686358e+02 1.884387736462304588e+02 1.648609702659586560e+02
2.246443752723915921e+01 7.438880693143686358e+02 1.884387736462304588e+02 1.648609702659586560e+02
2.246443752723915921e+01 7.438880693143686358e+02 1.884387736462304588e+02 1.648609702659586560e+02
2.260745676506862978e+01 7.423572562780316275e+02 1.854173885120411569e+02 1.648272030460405517e+02
2.260745676506862978e+01 7.423572562780316275e+02 1.854173885120411569e+02 1.648272030460405517e+02
2.260745676506862978e+01 7.423572562780316275e+02 1.854173885120411569e+02 1.648272030460405517e+02
2.260745676506862978e+01 7.423572562780316275e+02 1.854173885120411569e+02 1.648272030460405517e+02
2.260745676506862978e+01 7.423572562780316275e+02 1.854173885120411569e+02 1.648272030460405517e+02
2.260745676506862978e+01 7.423572562780316275e+02 1.854173885120411569e+02 1.648272030460405517e+02
2.260745676506862978e+01 7.423572562780316275e+02 1.854173885120411569e+02 1.648272030460405517e+02
2.260745676506862978e+01 7.423572562780316275e+02 1.854173885120411569e+02 1.648272030460405517e+02
2.260745676506862978e+01 7.423572562780316275e+02 1.854173885120411569e+02 1.648272030460405517e+02
2.260745676506862978e+01 7.423572562780316275e+02 1.854173885120411569e+02 1.648272030460405517e+02
2.260745676506862978e+01 7.423572562780316275e+02 1.854173885120411569e+02 1.648272030460405517e+02
2.260745676506862978e+01 7.423572562780316275e+02 1.854173885120411569e+02 1.648272030460405517e+02
2.260745676506862978e+01 7.423572562780316275e+02 1.854173885120411569e+02 1.648272030460405517e+02
2.260745676506862978e+01 7.423572562780316275e+02 1.854173885120411569e+02 1.648272030460405517e+02
2.260745676506862978e+01 7.423572562780316275e+02 1.854173885120411569e+02 1.648272030460405517e+02
2.260745676506862978e+01 7.423572562780316275e+02 1.854173885120411569e+02 1.648272030460405517e+02
2.260745676506862978e+01 7.423572562780316275e+02 1.854173885120411569e+02 1.648272030460405517e+02
2.260745676506862978e+01 7.423572562780316275e+02 1.854173885120411569e+02 1.648272030460405517e+02
2.260745676506862978e+01 7.423572562780316275e+02 1.854173885120411569e+02 1.648272030460405517e+02
2.260745676506862978e+01 7.423572562780316275e+02 1.854173885120411569e+02 1.648272030460405517e+02
2.260745676506862978e+01 7.423572562780316275e+02 1.854173885120411569e+02 1.648272030460405517e+02
2.260745676506862978e+01 7.423572562780316275e+02 1.854173885120411569e+02 1.648272030460405517e+02
2.260745676506862978e+01 7.423572562780316275e+02 1.854173885120411569e+02 1.648272030460405517e+02
2.260745676506862978e+01 7.423572562780316275e+02 1.854173885120411569e+02 1.648272030460405517e+02
2.260745676506862978e+01 7.423572562780316275e+02 1.854173885120411569e+02 1.648272030460405517e+02
2.245308079928946299e+01 7.413012148945156241e+02 1.855927444351042084e+02 1.632254803717557365e+02
2.245308079928946299e+01 7.413012148945156241e+02 1.855927444351042084e+02 1.632254803717557365e+02
2.245308079928946299e+01 7.413012148945156241e+02 1.855927444351042084e+02 1.632254803717557365e+02
2.245308079928946299e+01 7.413012148945156241e+02 1.855927444351042084e+02 1.632254803717557365e+02
2.245308079928946299e+01 7.413012148945156241e+02 1.855927444351042084e+02 1.632254803717557365e+02
2.245308079928946299e+01 7.413012148945156241e+02 1.855927444351042084e+02 1.632254803717557365e+02
2.245308079928946299e+01 7.413012148945156241e+02 1.855927444351042084e+02 1.632254803717557365e+02
2.245308079928946299e+01 7.413012148945156241e+02 1.855927444351042084e+02 1.632254803717557365e+02
2.245308079928946299e+01 7.413012148945156241e+02 1.855927444351042084e+02 1.632254803717557365e+02
2.245308079928946299e+01 7.413012148945156241e+02 1.855927444351042084e+02 1.632254803717557365e+02
2.245308079928946299e+01 7.413012148945156241e+02 1.855927444351042084e+02 1.632254803717557365e+02
2.245308079928946299e+01 7.413012148945156241e+02 1.855927444351042084e+02 1.632254803717557365e+02
2.245308079928946299e+01 7.413012148945156241e+02 1.855927444351042084e+02 1.632254803717557365e+02
2.245308079928946299e+01 7.413012148945156241e+02 1.855927444351042084e+02 1.632254803717557365e+02
2.245308079928946299e+01 7.413012148945156241e+02 1.855927444351042084e+02 1.632254803717557365e+02
2.245308079928946299e+01 7.413012148945156241e+02 1.855927444351042084e+02 1.632254803717557365e+02
2.245308079928946299e+01 7.413012148945156241e+02 1.855927444351042084e+02 1.632254803717557365e+02
2.245308079928946299e+01 7.413012148945156241e+02 1.855927444351042084e+02 1.632254803717557365e+02
2.245308079928946299e+01 7.413012148945156241e+02 1.855927444351042084e+02 1.632254803717557365e+02
2.245308079928946299e+01 7.413012148945156241e+02 1.855927444351042084e+02 1.632254803717557365e+02
2.245308079928946299e+01 7.413012148945156241e+02 1.855927444351042084e+02 1.632254803717557365e+02
2.245308079928946299e+01 7.413012148945156241e+02 1.855927444351042084e+02 1.632254803717557365e+02
2.245308079928946299e+01 7.413012148945156241e+02 1.855927444351042084e+02 1.632254803717557365e+02
2.245308079928946299e+01 7.413012148945156241e+02 1.855927444351042084e+02 1.632254803717557365e+02
2.245308079928946299e+01 7.413012148945156241e+02 1.855927444351042084e+02 1.632254803717557365e+02
2.245308079928946299e+01 7.413012148945156241e+02 1.855927444351042084e+02 1.632254803717557365e+02
2.245308079928946299e+01 7.413012148945156241e+02 1.855927444351042084e+02 1.632254803717557365e+02
2.245308079928946299e+01 7.413012148945156241e+02 1.855927444351042084e+02 1.632254803717557365e+02
2.245308079928946299e+01 7.413012148945156241e+02 1.855927444351042084e+02 1.632254803717557365e+02
2.245308079928946299e+01 7.413012148945156241e+02 1.855927444351042084e+02 1.632254803717557365e+02
2.245308079928946299e+01 7.413012148945156241e+02 1.855927444351042084e+02 1.632254803717557365e+02
2.245308079928946299e+01 7.413012148945156241e+02 1.855927444351042084e+02 1.632254803717557365e+02
2.245308079928946299e+01 7.413012148945156241e+02 1.855927444351042084e+02 1.632254803717557365e+02
2.241552698661152832e+01 7.425810743585382170e+02 1.854269584342673625e+02 1.647632692782776473e+02
2.241552698661152832e+01 7.425810743585382170e+02 1.854269584342673625e+02 1.647632692782776473e+02
2.241552698661152832e+01 7.425810743585382170e+02 1.854269584342673625e+02 1.647632692782776473e+02
2.241552698661152832e+01 7.425810743585382170e+02 1.854269584342673625e+02 1.647632692782776473e+02
2.241552698661152832e+01 7.425810743585382170e+02 1.854269584342673625e+02 1.647632692782776473e+02
2.241552698661152832e+01 7.425810743585382170e+02 1.854269584342673625e+02 1.647632692782776473e+02
2.241552698661152832e+01 7.425810743585382170e+02 1.854269584342673625e+02 1.647632692782776473e+02
2.241552698661152832e+01 7.425810743585382170e+02 1.854269584342673625e+02 1.647632692782776473e+02
2.241552698661152832e+01 7.425810743585382170e+02 1.854269584342673625e+02 1.647632692782776473e+02
2.241552698661152832e+01 7.425810743585382170e+02 1.854269584342673625e+02 1.647632692782776473e+02
2.241552698661152832e+01 7.425810743585382170e+02 1.854269584342673625e+02 1.647632692782776473e+02
2.241552698661152832e+01 7.425810743585382170e+02 1.854269584342673625e+02 1.647632692782776473e+02
2.241552698661152832e+01 7.425810743585382170e+02 1.854269584342673625e+02 1.647632692782776473e+02
2.241552698661152832e+01 7.425810743585382170e+02 1.854269584342673625e+02 1.647632692782776473e+02
2.241552698661152832e+01 7.425810743585382170e+02 1.854269584342673625e+02 1.647632692782776473e+02
2.241552698661152832e+01 7.425810743585382170e+02 1.854269584342673625e+02 1.647632692782776473e+02
2.241552698661152832e+01 7.425810743585382170e+02 1.854269584342673625e+02 1.647632692782776473e+02
2.241552698661152832e+01 7.425810743585382170e+02 1.854269584342673625e+02 1.647632692782776473e+02
2.241552698661152832e+01 7.425810743585382170e+02 1.854269584342673625e+02 1.647632692782776473e+02
2.241552698661152832e+01 7.425810743585382170e+02 1.854269584342673625e+02 1.647632692782776473e+02
2.241552698661152832e+01 7.425810743585382170e+02 1.854269584342673625e+02 1.647632692782776473e+02
2.241552698661152832e+01 7.425810743585382170e+02 1.854269584342673625e+02 1.647632692782776473e+02
2.241552698661152832e+01 7.425810743585382170e+02 1.854269584342673625e+02 1.647632692782776473e+02
2.241552698661152832e+01 7.425810743585382170e+02 1.854269584342673625e+02 1.647632692782776473e+02
2.241552698661152832e+01 7.425810743585382170e+02 1.854269584342673625e+02 1.647632692782776473e+02
2.241552698661152832e+01 7.425810743585382170e+02 1.854269584342673625e+02 1.647632692782776473e+02
2.241552698661152832e+01 7.425810743585382170e+02 1.854269584342673625e+02 1.647632692782776473e+02
2.247412872840959253e+01 7.377174653414004979e+02 1.849731469312467880e+02 1.663643022493116916e+02
2.247412872840959253e+01 7.377174653414004979e+02 1.849731469312467880e+02 1.663643022493116916e+02
2.247412872840959253e+01 7.377174653414004979e+02 1.849731469312467880e+02 1.663643022493116916e+02
2.247412872840959253e+01 7.377174653414004979e+02 1.849731469312467880e+02 1.663643022493116916e+02
2.247412872840959253e+01 7.377174653414004979e+02 1.849731469312467880e+02 1.663643022493116916e+02
2.247412872840959253e+01 7.377174653414004979e+02 1.849731469312467880e+02 1.663643022493116916e+02
2.247412872840959253e+01 7.377174653414004979e+02 1.849731469312467880e+02 1.663643022493116916e+02
2.247412872840959253e+01 7.377174653414004979e+02 1.849731469312467880e+02 1.663643022493116916e+02
2.247412872840959253e+01 7.377174653414004979e+02 1.849731469312467880e+02 1.663643022493116916e+02
2.274855574931440572e+01 7.398739788049189201e+02 1.836168180097159564e+02 1.645166553017328681e+02
2.249214117362910414e+01 7.412602942034536682e+02 1.833761595948714387e+02 1.645377231907357896e+02
2.249214117362910414e+01 7.412602942034536682e+02 1.833761595948714387e+02 1.645377231907357896e+02
2.249214117362910414e+01 7.412602942034536682e+02 1.833761595948714387e+02 1.645377231907357896e+02
2.249214117362910414e+01 7.412602942034536682e+02 1.833761595948714387e+02 1.645377231907357896e+02
2.249214117362910414e+01 7.412602942034536682e+02 1.833761595948714387e+02 1.645377231907357896e+02
2.249214117362910414e+01 7.412602942034536682e+02 1.833761595948714387e+02 1.645377231907357896e+02
2.249214117362910414e+01 7.412602942034536682e+02 1.833761595948714387e+02 1.645377231907357896e+02
2.249214117362910414e+01 7.412602942034536682e+02 1.833761595948714387e+02 1.645377231907357896e+02
2.249214117362910414e+01 7.412602942034536682e+02 1.833761595948714387e+02 1.645377231907357896e+02
2.249214117362910414e+01 7.412602942034536682e+02 1.833761595948714387e+02 1.645377231907357896e+02
2.249214117362910414e+01 7.412602942034536682e+02 1.833761595948714387e+02 1.645377231907357896e+02
2.249214117362910414e+01 7.412602942034536682e+02 1.833761595948714387e+02 1.645377231907357896e+02
2.249214117362910414e+01 7.412602942034536682e+02 1.833761595948714387e+02 1.645377231907357896e+02
2.249214117362910414e+01 7.412602942034536682e+02 1.833761595948714387e+02 1.645377231907357896e+02
2.249214117362910414e+01 7.412602942034536682e+02 1.833761595948714387e+02 1.645377231907357896e+02
2.249214117362910414e+01 7.412602942034536682e+02 1.833761595948714387e+02 1.645377231907357896e+02
2.249214117362910414e+01 7.412602942034536682e+02 1.833761595948714387e+02 1.645377231907357896e+02
2.249214117362910414e+01 7.412602942034536682e+02 1.833761595948714387e+02 1.645377231907357896e+02
2.249214117362910414e+01 7.412602942034536682e+02 1.833761595948714387e+02 1.645377231907357896e+02
2.249214117362910414e+01 7.412602942034536682e+02 1.833761595948714387e+02 1.645377231907357896e+02
2.249214117362910414e+01 7.412602942034536682e+02 1.833761595948714387e+02 1.645377231907357896e+02
2.249214117362910414e+01 7.412602942034536682e+02 1.833761595948714387e+02 1.645377231907357896e+02
2.249214117362910414e+01 7.412602942034536682e+02 1.833761595948714387e+02 1.645377231907357896e+02
2.218743836594414631e+01 7.404163004412608871e+02 1.835312662413700195e+02 1.654020021518385022e+02
2.218743836594414631e+01 7.404163004412608871e+02 1.835312662413700195e+02 1.654020021518385022e+02
2.218743836594414631e+01 7.404163004412608871e+02 1.835312662413700195e+02 1.654020021518385022e+02
2.218743836594414631e+01 7.404163004412608871e+02 1.835312662413700195e+02 1.654020021518385022e+02
2.218743836594414631e+01 7.404163004412608871e+02 1.835312662413700195e+02 1.654020021518385022e+02
2.218743836594414631e+01 7.404163004412608871e+02 1.835312662413700195e+02 1.654020021518385022e+02
2.218743836594414631e+01 7.404163004412608871e+02 1.835312662413700195e+02 1.654020021518385022e+02
2.218743836594414631e+01 7.404163004412608871e+02 1.835312662413700195e+02 1.654020021518385022e+02
2.218743836594414631e+01 7.404163004412608871e+02 1.835312662413700195e+02 1.654020021518385022e+02
2.218743836594414631e+01 7.404163004412608871e+02 1.835312662413700195e+02 1.654020021518385022e+02
2.218743836594414631e+01 7.404163004412608871e+02 1.835312662413700195e+02 1.654020021518385022e+02
2.219625294207430954e+01 7.409276923905997592e+02 1.835188690715930591e+02 1.647027468405612467e+02
2.219625294207430954e+01 7.409276923905997592e+02 1.835188690715930591e+02 1.647027468405612467e+02
2.219625294207430954e+01 7.409276923905997592e+02 1.835188690715930591e+02 1.647027468405612467e+02
2.219625294207430954e+01 7.409276923905997592e+02 1.835188690715930591e+02 1.647027468405612467e+02
2.219625294207430954e+01 7.409276923905997592e+02 1.835188690715930591e+02 1.647027468405612467e+02
2.219625294207430954e+01 7.409276923905997592e+02 1.835188690715930591e+02 1.647027468405612467e+02
2.219625294207430954e+01 7.409276923905997592e+02 1.835188690715930591e+02 1.647027468405612467e+02
2.219625294207430954e+01 7.409276923905997592e+02 1.835188690715930591e+02 1.647027468405612467e+02
2.219625294207430954e+01 7.409276923905997592e+02 1.835188690715930591e+02 1.647027468405612467e+02
2.219625294207430954e+01 7.409276923905997592e+02 1.835188690715930591e+02 1.647027468405612467e+02
2.219625294207430954e+01 7.409276923905997592e+02 1.835188690715930591e+02 1.647027468405612467e+02
2.219625294207430954e+01 7.409276923905997592e+02 1.835188690715930591e+02 1.647027468405612467e+02
2.219625294207430954e+01 7.409276923905997592e+02 1.835188690715930591e+02 1.647027468405612467e+02
2.219625294207430954e+01 7.409276923905997592e+02 1.835188690715930591e+02 1.647027468405612467e+02
