3.623063595025515497e+03 2.553194166151213722e+03 1.989688473895530682e+06 2.482584326959593568e+01
3.061454638350056030e+03 2.190016706103929209e+03 1.673075438679851126e+06 2.482584326959593568e+01
3.061454638350056030e+03 2.190016706103929209e+03 1.673075438679851126e+06 2.482584326959593568e+01
2.944239084764772542e+03 2.116255234906018813e+03 1.634820141762594227e+06 2.482584326959593568e+01
2.951121668085016609e+03 2.115112352212861879e+03 1.613629752943721833e+06 2.482584326959593568e+01
2.951121668085016609e+03 2.115112352212861879e+03 1.613629752943721833e+06 2.482584326959593568e+01
2.891174192612286788e+03 2.074655233986808980e+03 1.581517976352265105e+06 2.482584326959593568e+01
2.666028064088613064e+03 1.933584892708949837e+03 1.485743918246916030e+06 2.482584326959593568e+01
2.216449725990109982e+03 1.625191054968739536e+03 1.350214876017029863e+06 2.482584326959593568e+01
2.216449725990109982e+03 1.625191054968739536e+03 1.350214876017029863e+06 2.482584326959593568e+01
2.108194022461813347e+03 1.575421841441993365e+03 1.303694668872659095e+06 2.482584326959593568e+01
2.108194022461813347e+03 1.575421841441993365e+03 1.303694668872659095e+06 2.482584326959593568e+01
2.108194022461813347e+03 1.575421841441993365e+03 1.303694668872659095e+06 2.482584326959593568e+01
2.011881401785699381e+03 1.535195296852592946e+03 1.260327871002559317e+06 2.482584326959593568e+01
2.011881401785699381e+03 1.535195296852592946e+03 1.260327871002559317e+06 2.482584326959593568e+01
2.003902851878794309e+03 1.533123330710873006e+03 1.227548909925810993e+06 2.482584326959593568e+01
1.864818104185690345e+03 1.472548718708492061e+03 1.156794534600343090e+06 2.482584326959593568e+01
1.848502015235666704e+03 1.470471028629112425e+03 1.143774827876562951e+06 2.482584326959593568e+01
1.848502015235666704e+03 1.470471028629112425e+03 1.143774827876562951e+06 2.482584326959593568e+01
1.837190537203057602e+03 1.458846126398594151e+03 1.146664325999446446e+06 2.482584326959593568e+01
1.837190537203057602e+03 1.458846126398594151e+03 1.146664325999446446e+06 2.482584326959593568e+01
1.751807608504911059e+03 1.407940347855430446e+03 1.126122303145839600e+06 2.482584326959593568e+01
1.639882010498065256e+03 1.345812617542576390e+03 1.064639133877479006e+06 2.482584326959593568e+01
1.524216970672073785e+03 1.278679672626130923e+03 1.033499476356192958e+06 2.482584326959593568e+01
1.142703477160772536e+03 1.104260341169601361e+03 8.371711651102943579e+05 2.519411698033495384e+01
1.139876968195156905e+03 1.101992994434610864e+03 8.445639039687998593e+05 2.478246104020907126e+01
8.478579531641022413e+02 9.858649220806079256e+02 7.259292893443740904e+05 2.539963278959594106e+01
7.554190757691741283e+02 9.469448839399892677e+02 6.588386255922708660e+05 2.591985239744841607e+01
4.603225086726369568e+02 8.390862402314129440e+02 5.085506474165766267e+05 2.816317130832985782e+01
4.479398512485508377e+02 8.215583857084233159e+02 4.986123627458856790e+05 2.742540922907618040e+01
3.864001220792744675e+02 7.931351664524742091e+02 4.430333689944630023e+05 2.713769114089012646e+01
3.864001220792744675e+02 7.931351664524742091e+02 4.430333689944630023e+05 2.713769114089012646e+01
3.864001220792744675e+02 7.931351664524742091e+02 4.430333689944630023e+05 2.713769114089012646e+01
1.800802651597043678e+02 7.121366517207751485e+02 3.001058102343629580e+05 3.058365357757661229e+01
1.433559442398166652e+02 7.064740255510400857e+02 3.046471212478646194e+05 3.393726101969725306e+01
1.196445918681369847e+02 7.059092518441768789e+02 2.597262587851200078e+05 3.509453119463341864e+01
1.054373325178841583e+02 7.136455207635480065e+02 2.465011831791907898e+05 3.477868313577040738e+01
1.054373325178841583e+02 7.136455207635480065e+02 2.465011831791907898e+05 3.477868313577040738e+01
7.315285259083967162e+01 7.167874195174214265e+02 2.117625604625934502e+05 3.849982382717174545e+01
6.290590457730084495e+01 7.252897338343976799e+02 2.181058941523856483e+05 4.107389080861533159e+01
5.709709767900022115e+01 7.233866107641129020e+02 2.002884546340659144e+05 4.221536258602715463e+01
3.236776783608850394e+01 7.320444600831933712e+02 1.138405156155416917e+05 5.209824062568853975e+01
3.236776783608850394e+01 7.320444600831933712e+02 1.138405156155416917e+05 5.209824062568853975e+01
3.236776783608850394e+01 7.320444600831933712e+02 1.138405156155416917e+05 5.209824062568853975e+01
3.236776783608850394e+01 7.320444600831933712e+02 1.138405156155416917e+05 5.209824062568853975e+01
3.236776783608850394e+01 7.320444600831933712e+02 1.138405156155416917e+05 5.209824062568853975e+01
2.987890214137514633e+01 7.432243792193157788e+02 1.022060277875230677e+05 5.784653563052556535e+01
2.737365646591836921e+01 7.465002027518969498e+02 9.505556105638966255e+04 5.753679972439209678e+01
2.737365646591836921e+01 7.465002027518969498e+02 9.505556105638966255e+04 5.753679972439209678e+01
2.737365646591836921e+01 7.465002027518969498e+02 9.505556105638966255e+04 5.753679972439209678e+01
2.737365646591836921e+01 7.465002027518969498e+02 9.505556105638966255e+04 5.753679972439209678e+01
2.737365646591836921e+01 7.465002027518969498e+02 9.505556105638966255e+04 5.753679972439209678e+01
2.737365646591836921e+01 7.465002027518969498e+02 9.505556105638966255e+04 5.753679972439209678e+01
2.737365646591836921e+01 7.465002027518969498e+02 9.505556105638966255e+04 5.753679972439209678e+01
2.737365646591836921e+01 7.465002027518969498e+02 9.505556105638966255e+04 5.753679972439209678e+01
2.737365646591836921e+01 7.465002027518969498e+02 9.505556105638966255e+04 5.753679972439209678e+01
2.737365646591836921e+01 7.465002027518969498e+02 9.505556105638966255e+04 5.753679972439209678e+01
2.361485294036225469e+01 7.502520501000579998e+02 3.975006545070664288e+04 8.829414976327082343e+01
2.361485294036225469e+01 7.502520501000579998e+02 3.975006545070664288e+04 8.829414976327082343e+01
2.405247886730514040e+01 7.561492884074442600e+02 2.987937558966093638e+04 9.157881928432162510e+01
2.405247886730514040e+01 7.561492884074442600e+02 2.987937558966093638e+04 9.157881928432162510e+01
2.332035744688116452e+01 7.550456628833469495e+02 1.833598437594003553e+04 1.150521025317684405e+02
2.332035744688116452e+01 7.550456628833469495e+02 1.833598437594003553e+04 1.150521025317684405e+02
2.344584055857114890e+01 7.530558466073379122e+02 1.794078069312738444e+04 1.100529343318291495e+02
2.291360007970970258e+01 7.573967892308003229e+02 5.776954997833109701e+03 1.258689187466255248e+02
2.291360007970970258e+01 7.573967892308003229e+02 5.776954997833109701e+03 1.258689187466255248e+02
2.253911903691590979e+01 7.540532353060614241e+02 5.504109086194283918e+03 1.237295458608149943e+02
2.204391942397442605e+01 7.471331253609599798e+02 2.921073377058677579e+03 1.389226435442855632e+02
2.258852184218895687e+01 7.460287410017717775e+02 2.775419127857309377e+03 1.337494699864797951e+02
2.238514772388348106e+01 7.477609559094532869e+02 1.476788166475643266e+03 1.323993809045126397e+02
2.202695474096720929e+01 7.277246863456180108e+02 1.138528978031705947e+03 1.512861681620116201e+02
2.222313924544188879e+01 7.203879322216288301e+02 1.096727046012090113e+03 1.402928368754299981e+02
2.210564673580514850e+01 7.122147966645593442e+02 1.018665001727391655e+03 1.357270443493910932e+02
2.210564673580514850e+01 7.122147966645593442e+02 1.018665001727391655e+03 1.357270443493910932e+02
2.210564673580514850e+01 7.122147966645593442e+02 1.018665001727391655e+03 1.357270443493910932e+02
2.210564673580514850e+01 7.122147966645593442e+02 1.018665001727391655e+03 1.357270443493910932e+02
2.210564673580514850e+01 7.122147966645593442e+02 1.018665001727391655e+03 1.357270443493910932e+02
2.210564673580514850e+01 7.122147966645593442e+02 1.018665001727391655e+03 1.357270443493910932e+02
2.210564673580514850e+01 7.122147966645593442e+02 1.018665001727391655e+03 1.357270443493910932e+02
2.210564673580514850e+01 7.122147966645593442e+02 1.018665001727391655e+03 1.357270443493910932e+02
2.210564673580514850e+01 7.122147966645593442e+02 1.018665001727391655e+03 1.357270443493910932e+02
2.210564673580514850e+01 7.122147966645593442e+02 1.018665001727391655e+03 1.357270443493910932e+02
2.210564673580514850e+01 7.122147966645593442e+02 1.018665001727391655e+03 1.357270443493910932e+02
2.210564673580514850e+01 7.122147966645593442e+02 1.018665001727391655e+03 1.357270443493910932e+02
2.234047353555137860e+01 7.079554840542840566e+02 9.756869956431661421e+02 1.380644441400738742e+02
2.234047353555137860e+01 7.079554840542840566e+02 9.756869956431661421e+02 1.380644441400738742e+02
2.234047353555137860e+01 7.079554840542840566e+02 9.756869956431661421e+02 1.380644441400738742e+02
2.234047353555137860e+01 7.079554840542840566e+02 9.756869956431661421e+02 1.380644441400738742e+02
2.234047353555137860e+01 7.079554840542840566e+02 9.756869956431661421e+02 1.380644441400738742e+02
2.257458332018524771e+01 7.140619667142113940e+02 8.294044618849615063e+02 1.394486892552457107e+02
2.257458332018524771e+01 7.140619667142113940e+02 8.294044618849615063e+02 1.394486892552457107e+02
2.257458332018524771e+01 7.140619667142113940e+02 8.294044618849615063e+02 1.394486892552457107e+02
2.257458332018524771e+01 7.140619667142113940e+02 8.294044618849615063e+02 1.394486892552457107e+02
2.233268900566897130e+01 7.210887502161471048e+02 7.479667796233467243e+02 1.356865973497328923e+02
2.233268900566897130e+01 7.210887502161471048e+02 7.479667796233467243e+02 1.356865973497328923e+02
2.233268900566897130e+01 7.210887502161471048e+02 7.479667796233467243e+02 1.356865973497328923e+02
2.221015613701761993e+01 7.219193636284255717e+02 7.078801610416498988e+02 1.398066614324543480e+02
2.171999626400988603e+01 7.177684654986251189e+02 6.949095767319067818e+02 1.387447101624283050e+02
2.171999626400988603e+01 7.177684654986251189e+02 6.949095767319067818e+02 1.387447101624283050e+02
2.171999626400988603e+01 7.177684654986251189e+02 6.949095767319067818e+02 1.387447101624283050e+02
2.171999626400988603e+01 7.177684654986251189e+02 6.949095767319067818e+02 1.387447101624283050e+02
2.171999626400988603e+01 7.177684654986251189e+02 6.949095767319067818e+02 1.387447101624283050e+02
2.171999626400988603e+01 7.177684654986251189e+02 6.949095767319067818e+02 1.387447101624283050e+02
2.171999626400988603e+01 7.177684654986251189e+02 6.949095767319067818e+02 1.387447101624283050e+02
2.171999626400988603e+01 7.177684654986251189e+02 6.949095767319067818e+02 1.387447101624283050e+02
2.171999626400988603e+01 7.177684654986251189e+02 6.949095767319067818e+02 1.387447101624283050e+02
2.191486397049508383e+01 7.167415190593131911e+02 6.385138765019098628e+02 1.406313364703098330e+02
2.161280728557115793e+01 7.211456284340100638e+02 4.539851188583754151e+02 1.378387503745150298e+02
2.161280728557115793e+01 7.211456284340100638e+02 4.539851188583754151e+02 1.378387503745150298e+02
2.161280728557115793e+01 7.211456284340100638e+02 4.539851188583754151e+02 1.378387503745150298e+02
2.161280728557115793e+01 7.211456284340100638e+02 4.539851188583754151e+02 1.378387503745150298e+02
2.161280728557115793e+01 7.211456284340100638e+02 4.539851188583754151e+02 1.378387503745150298e+02
2.161280728557115793e+01 7.211456284340100638e+02 4.539851188583754151e+02 1.378387503745150298e+02
2.161280728557115793e+01 7.211456284340100638e+02 4.539851188583754151e+02 1.378387503745150298e+02
2.161280728557115793e+01 7.211456284340100638e+02 4.539851188583754151e+02 1.378387503745150298e+02
2.161280728557115793e+01 7.211456284340100638e+02 4.539851188583754151e+02 1.378387503745150298e+02
2.161280728557115793e+01 7.211456284340100638e+02 4.539851188583754151e+02 1.378387503745150298e+02
2.161280728557115793e+01 7.211456284340100638e+02 4.539851188583754151e+02 1.378387503745150298e+02
2.161280728557115793e+01 7.211456284340100638e+02 4.539851188583754151e+02 1.378387503745150298e+02
2.161280728557115793e+01 7.211456284340100638e+02 4.539851188583754151e+02 1.378387503745150298e+02
2.161280728557115793e+01 7.211456284340100638e+02 4.539851188583754151e+02 1.378387503745150298e+02
2.161280728557115793e+01 7.211456284340100638e+02 4.539851188583754151e+02 1.378387503745150298e+02
2.161280728557115793e+01 7.211456284340100638e+02 4.539851188583754151e+02 1.378387503745150298e+02
2.161280728557115793e+01 7.211456284340100638e+02 4.539851188583754151e+02 1.378387503745150298e+02
2.199875529224644310e+01 7.277789841017740855e+02 4.497224604333396201e+02 1.353239727350603516e+02
2.199875529224644310e+01 7.277789841017740855e+02 4.497224604333396201e+02 1.353239727350603516e+02
2.199875529224644310e+01 7.277789841017740855e+02 4.497224604333396201e+02 1.353239727350603516e+02
2.199875529224644310e+01 7.277789841017740855e+02 4.497224604333396201e+02 1.353239727350603516e+02
2.199875529224644310e+01 7.277789841017740855e+02 4.497224604333396201e+02 1.353239727350603516e+02
2.199875529224644310e+01 7.277789841017740855e+02 4.497224604333396201e+02 1.353239727350603516e+02
2.199875529224644310e+01 7.277789841017740855e+02 4.497224604333396201e+02 1.353239727350603516e+02
2.199875529224644310e+01 7.277789841017740855e+02 4.497224604333396201e+02 1.353239727350603516e+02
2.198122611703277229e+01 7.296213605293478395e+02 4.315698847646095260e+02 1.377174889861380223e+02
2.198122611703277229e+01 7.296213605293478395e+02 4.315698847646095260e+02 1.377174889861380223e+02
2.198122611703277229e+01 7.296213605293478395e+02 4.315698847646095260e+02 1.377174889861380223e+02
2.198122611703277229e+01 7.296213605293478395e+02 4.315698847646095260e+02 1.377174889861380223e+02
2.198122611703277229e+01 7.296213605293478395e+02 4.315698847646095260e+02 1.377174889861380223e+02
2.198122611703277229e+01 7.296213605293478395e+02 4.315698847646095260e+02 1.377174889861380223e+02
2.198122611703277229e+01 7.296213605293478395e+02 4.315698847646095260e+02 1.377174889861380223e+02
2.198122611703277229e+01 7.296213605293478395e+02 4.315698847646095260e+02 1.377174889861380223e+02
2.198122611703277229e+01 7.296213605293478395e+02 4.315698847646095260e+02 1.377174889861380223e+02
2.166485360359384416e+01 7.173459772089883018e+02 4.282538290184234029e+02 1.334773709672603843e+02
2.166485360359384416e+01 7.173459772089883018e+02 4.282538290184234029e+02 1.334773709672603843e+02
2.166485360359384416e+01 7.173459772089883018e+02 4.282538290184234029e+02 1.334773709672603843e+02
2.166485360359384416e+01 7.173459772089883018e+02 4.282538290184234029e+02 1.334773709672603843e+02
2.166485360359384416e+01 7.173459772089883018e+02 4.282538290184234029e+02 1.334773709672603843e+02
2.166485360359384416e+01 7.173459772089883018e+02 4.282538290184234029e+02 1.334773709672603843e+02
2.166485360359384416e+01 7.173459772089883018e+02 4.282538290184234029e+02 1.334773709672603843e+02
2.166485360359384416e+01 7.173459772089883018e+02 4.282538290184234029e+02 1.334773709672603843e+02
2.166485360359384416e+01 7.173459772089883018e+02 4.282538290184234029e+02 1.334773709672603843e+02
2.166485360359384416e+01 7.173459772089883018e+02 4.282538290184234029e+02 1.334773709672603843e+02
2.166485360359384416e+01 7.173459772089883018e+02 4.282538290184234029e+02 1.334773709672603843e+02
2.166485360359384416e+01 7.173459772089883018e+02 4.282538290184234029e+02 1.334773709672603843e+02
2.166485360359384416e+01 7.173459772089883018e+02 4.282538290184234029e+02 1.334773709672603843e+02
2.166485360359384416e+01 7.173459772089883018e+02 4.282538290184234029e+02 1.334773709672603843e+02
2.166485360359384416e+01 7.173459772089883018e+02 4.282538290184234029e+02 1.334773709672603843e+02
2.166485360359384416e+01 7.173459772089883018e+02 4.282538290184234029e+02 1.334773709672603843e+02
2.166485360359384416e+01 7.173459772089883018e+02 4.282538290184234029e+02 1.334773709672603843e+02
2.166485360359384416e+01 7.173459772089883018e+02 4.282538290184234029e+02 1.334773709672603843e+02
2.166485360359384416e+01 7.173459772089883018e+02 4.282538290184234029e+02 1.334773709672603843e+02
2.166485360359384416e+01 7.173459772089883018e+02 4.282538290184234029e+02 1.334773709672603843e+02
2.166485360359384416e+01 7.173459772089883018e+02 4.282538290184234029e+02 1.334773709672603843e+02
2.166485360359384416e+01 7.173459772089883018e+02 4.282538290184234029e+02 1.334773709672603843e+02
2.166485360359384416e+01 7.173459772089883018e+02 4.282538290184234029e+02 1.334773709672603843e+02
2.160806228074629942e+01 7.265344893600627074e+02 4.218210072370015951e+02 1.368540196349533460e+02
2.160806228074629942e+01 7.265344893600627074e+02 4.218210072370015951e+02 1.368540196349533460e+02
2.152907529589711899e+01 7.228908977579765178e+02 4.241697356969879706e+02 1.357255843849732742e+02
2.152907529589711899e+01 7.228908977579765178e+02 4.241697356969879706e+02 1.357255843849732742e+02
2.152907529589711899e+01 7.228908977579765178e+02 4.241697356969879706e+02 1.357255843849732742e+02
2.152907529589711899e+01 7.228908977579765178e+02 4.241697356969879706e+02 1.357255843849732742e+02
2.152907529589711899e+01 7.228908977579765178e+02 4.241697356969879706e+02 1.357255843849732742e+02
2.152907529589711899e+01 7.228908977579765178e+02 4.241697356969879706e+02 1.357255843849732742e+02
2.152907529589711899e+01 7.228908977579765178e+02 4.241697356969879706e+02 1.357255843849732742e+02
2.152907529589711899e+01 7.228908977579765178e+02 4.241697356969879706e+02 1.357255843849732742e+02
2.152907529589711899e+01 7.228908977579765178e+02 4.241697356969879706e+02 1.357255843849732742e+02
2.152907529589711899e+01 7.228908977579765178e+02 4.241697356969879706e+02 1.357255843849732742e+02
2.152907529589711899e+01 7.228908977579765178e+02 4.241697356969879706e+02 1.357255843849732742e+02
2.152907529589711899e+01 7.228908977579765178e+02 4.241697356969879706e+02 1.357255843849732742e+02
2.152907529589711899e+01 7.228908977579765178e+02 4.241697356969879706e+02 1.357255843849732742e+02
2.152907529589711899e+01 7.228908977579765178e+02 4.241697356969879706e+02 1.357255843849732742e+02
2.152907529589711899e+01 7.228908977579765178e+02 4.241697356969879706e+02 1.357255843849732742e+02
2.152907529589711899e+01 7.228908977579765178e+02 4.241697356969879706e+02 1.357255843849732742e+02
2.152907529589711899e+01 7.228908977579765178e+02 4.241697356969879706e+02 1.357255843849732742e+02
2.163253991087789530e+01 7.225090371922169652e+02 4.182918602970801203e+02 1.373213762171997132e+02
2.163253991087789530e+01 7.225090371922169652e+02 4.182918602970801203e+02 1.373213762171997132e+02
2.163253991087789530e+01 7.225090371922169652e+02 4.182918602970801203e+02 1.373213762171997132e+02
2.163253991087789530e+01 7.225090371922169652e+02 4.182918602970801203e+02 1.373213762171997132e+02
2.163253991087789530e+01 7.225090371922169652e+02 4.182918602970801203e+02 1.373213762171997132e+02
2.163253991087789530e+01 7.225090371922169652e+02 4.182918602970801203e+02 1.373213762171997132e+02
2.163253991087789530e+01 7.225090371922169652e+02 4.182918602970801203e+02 1.373213762171997132e+02
2.148424407885903520e+01 7.232761599506601442e+02 4.225342266022911986e+02 1.361434845731282621e+02
2.148424407885903520e+01 7.232761599506601442e+02 4.225342266022911986e+02 1.361434845731282621e+02
2.148424407885903520e+01 7.232761599506601442e+02 4.225342266022911986e+02 1.361434845731282621e+02
2.148424407885903520e+01 7.232761599506601442e+02 4.225342266022911986e+02 1.361434845731282621e+02
2.148424407885903520e+01 7.232761599506601442e+02 4.225342266022911986e+02 1.361434845731282621e+02
2.148424407885903520e+01 7.232761599506601442e+02 4.225342266022911986e+02 1.361434845731282621e+02
2.148424407885903520e+01 7.232761599506601442e+02 4.225342266022911986e+02 1.361434845731282621e+02
2.148424407885903520e+01 7.232761599506601442e+02 4.225342266022911986e+02 1.361434845731282621e+02
2.148424407885903520e+01 7.232761599506601442e+02 4.225342266022911986e+02 1.361434845731282621e+02
2.148424407885903520e+01 7.232761599506601442e+02 4.225342266022911986e+02 1.361434845731282621e+02
2.148424407885903520e+01 7.232761599506601442e+02 4.225342266022911986e+02 1.361434845731282621e+02
2.148424407885903520e+01 7.232761599506601442e+02 4.225342266022911986e+02 1.361434845731282621e+02
2.148424407885903520e+01 7.232761599506601442e+02 4.225342266022911986e+02 1.361434845731282621e+02
2.148424407885903520e+01 7.232761599506601442e+02 4.225342266022911986e+02 1.361434845731282621e+02
2.148424407885903520e+01 7.232761599506601442e+02 4.225342266022911986e+02 1.361434845731282621e+02
2.148424407885903520e+01 7.232761599506601442e+02 4.225342266022911986e+02 1.361434845731282621e+02
2.148424407885903520e+01 7.232761599506601442e+02 4.225342266022911986e+02 1.361434845731282621e+02
2.148424407885903520e+01 7.232761599506601442e+02 4.225342266022911986e+02 1.361434845731282621e+02
2.148424407885903520e+01 7.232761599506601442e+02 4.225342266022911986e+02 1.361434845731282621e+02
2.148424407885903520e+01 7.232761599506601442e+02 4.225342266022911986e+02 1.361434845731282621e+02
2.148424407885903520e+01 7.232761599506601442e+02 4.225342266022911986e+02 1.361434845731282621e+02
2.148424407885903520e+01 7.232761599506601442e+02 4.225342266022911986e+02 1.361434845731282621e+02
2.148424407885903520e+01 7.232761599506601442e+02 4.225342266022911986e+02 1.361434845731282621e+02
2.148424407885903520e+01 7.232761599506601442e+02 4.225342266022911986e+02 1.361434845731282621e+02
2.148424407885903520e+01 7.232761599506601442e+02 4.225342266022911986e+02 1.361434845731282621e+02
2.148424407885903520e+01 7.232761599506601442e+02 4.225342266022911986e+02 1.361434845731282621e+02
2.148424407885903520e+01 7.232761599506601442e+02 4.225342266022911986e+02 1.361434845731282621e+02
2.148424407885903520e+01 7.232761599506601442e+02 4.225342266022911986e+02 1.361434845731282621e+02
2.148424407885903520e+01 7.232761599506601442e+02 4.225342266022911986e+02 1.361434845731282621e+02
2.148424407885903520e+01 7.232761599506601442e+02 4.225342266022911986e+02 1.361434845731282621e+02
2.148424407885903520e+01 7.232761599506601442e+02 4.225342266022911986e+02 1.361434845731282621e+02
2.148424407885903520e+01 7.232761599506601442e+02 4.225342266022911986e+02 1.361434845731282621e+02
2.148424407885903520e+01 7.232761599506601442e+02 4.225342266022911986e+02 1.361434845731282621e+02
2.148424407885903520e+01 7.232761599506601442e+02 4.225342266022911986e+02 1.361434845731282621e+02
2.148424407885903520e+01 7.232761599506601442e+02 4.225342266022911986e+02 1.361434845731282621e+02
2.148424407885903520e+01 7.232761599506601442e+02 4.225342266022911986e+02 1.361434845731282621e+02
2.148424407885903520e+01 7.232761599506601442e+02 4.225342266022911986e+02 1.361434845731282621e+02
2.148424407885903520e+01 7.232761599506601442e+02 4.225342266022911986e+02 1.361434845731282621e+02
2.148424407885903520e+01 7.232761599506601442e+02 4.225342266022911986e+02 1.361434845731282621e+02
2.148424407885903520e+01 7.232761599506601442e+02 4.225342266022911986e+02 1.361434845731282621e+02
2.148424407885903520e+01 7.232761599506601442e+02 4.225342266022911986e+02 1.361434845731282621e+02
2.148424407885903520e+01 7.232761599506601442e+02 4.225342266022911986e+02 1.361434845731282621e+02
2.148424407885903520e+01 7.232761599506601442e+02 4.225342266022911986e+02 1.361434845731282621e+02
2.148424407885903520e+01 7.232761599506601442e+02 4.225342266022911986e+02 1.361434845731282621e+02
2.148424407885903520e+01 7.232761599506601442e+02 4.225342266022911986e+02 1.361434845731282621e+02
2.148424407885903520e+01 7.232761599506601442e+02 4.225342266022911986e+02 1.361434845731282621e+02
2.148424407885903520e+01 7.232761599506601442e+02 4.225342266022911986e+02 1.361434845731282621e+02
2.148424407885903520e+01 7.232761599506601442e+02 4.225342266022911986e+02 1.361434845731282621e+02
2.148424407885903520e+01 7.232761599506601442e+02 4.225342266022911986e+02 1.361434845731282621e+02
2.148424407885903520e+01 7.232761599506601442e+02 4.225342266022911986e+02 1.361434845731282621e+02
2.148424407885903520e+01 7.232761599506601442e+02 4.225342266022911986e+02 1.361434845731282621e+02
2.148424407885903520e+01 7.232761599506601442e+02 4.225342266022911986e+02 1.361434845731282621e+02
2.148424407885903520e+01 7.232761599506601442e+02 4.225342266022911986e+02 1.361434845731282621e+02
2.148424407885903520e+01 7.232761599506601442e+02 4.225342266022911986e+02 1.361434845731282621e+02
2.148424407885903520e+01 7.232761599506601442e+02 4.225342266022911986e+02 1.361434845731282621e+02
2.148424407885903520e+01 7.232761599506601442e+02 4.225342266022911986e+02 1.361434845731282621e+02
2.148424407885903520e+01 7.232761599506601442e+02 4.225342266022911986e+02 1.361434845731282621e+02
2.148424407885903520e+01 7.232761599506601442e+02 4.225342266022911986e+02 1.361434845731282621e+02
2.148424407885903520e+01 7.232761599506601442e+02 4.225342266022911986e+02 1.361434845731282621e+02
2.148424407885903520e+01 7.232761599506601442e+02 4.225342266022911986e+02 1.361434845731282621e+02
2.148424407885903520e+01 7.232761599506601442e+02 4.225342266022911986e+02 1.361434845731282621e+02
2.148424407885903520e+01 7.232761599506601442e+02 4.225342266022911986e+02 1.361434845731282621e+02
2.148424407885903520e+01 7.232761599506601442e+02 4.225342266022911986e+02 1.361434845731282621e+02
2.148424407885903520e+01 7.232761599506601442e+02 4.225342266022911986e+02 1.361434845731282621e+02
2.148424407885903520e+01 7.232761599506601442e+02 4.225342266022911986e+02 1.361434845731282621e+02
2.148424407885903520e+01 7.232761599506601442e+02 4.225342266022911986e+02 1.361434845731282621e+02
2.148424407885903520e+01 7.232761599506601442e+02 4.225342266022911986e+02 1.361434845731282621e+02
2.148424407885903520e+01 7.232761599506601442e+02 4.225342266022911986e+02 1.361434845731282621e+02
2.148424407885903520e+01 7.232761599506601442e+02 4.225342266022911986e+02 1.361434845731282621e+02
2.148424407885903520e+01 7.232761599506601442e+02 4.225342266022911986e+02 1.361434845731282621e+02
2.148424407885903520e+01 7.232761599506601442e+02 4.225342266022911986e+02 1.361434845731282621e+02
2.148424407885903520e+01 7.232761599506601442e+02 4.225342266022911986e+02 1.361434845731282621e+02
2.148424407885903520e+01 7.232761599506601442e+02 4.225342266022911986e+02 1.361434845731282621e+02
2.148424407885903520e+01 7.232761599506601442e+02 4.225342266022911986e+02 1.361434845731282621e+02
2.148424407885903520e+01 7.232761599506601442e+02 4.225342266022911986e+02 1.361434845731282621e+02
2.148424407885903520e+01 7.232761599506601442e+02 4.225342266022911986e+02 1.361434845731282621e+02
2.148424407885903520e+01 7.232761599506601442e+02 4.225342266022911986e+02 1.361434845731282621e+02
2.148424407885903520e+01 7.232761599506601442e+02 4.225342266022911986e+02 1.361434845731282621e+02
2.148424407885903520e+01 7.232761599506601442e+02 4.225342266022911986e+02 1.361434845731282621e+02
2.148424407885903520e+01 7.232761599506601442e+02 4.225342266022911986e+02 1.361434845731282621e+02
2.148424407885903520e+01 7.232761599506601442e+02 4.225342266022911986e+02 1.361434845731282621e+02
2.148424407885903520e+01 7.232761599506601442e+02 4.225342266022911986e+02 1.361434845731282621e+02
2.178693861068092019e+01 7.224599504730706485e+02 4.225127238644319050e+02 1.343256145970153739e+02
2.178693861068092019e+01 7.224599504730706485e+02 4.225127238644319050e+02 1.343256145970153739e+02
2.178693861068092019e+01 7.224599504730706485e+02 4.225127238644319050e+02 1.343256145970153739e+02
2.178693861068092019e+01 7.224599504730706485e+02 4.225127238644319050e+02 1.343256145970153739e+02
2.178693861068092019e+01 7.224599504730706485e+02 4.225127238644319050e+02 1.343256145970153739e+02
2.178693861068092019e+01 7.224599504730706485e+02 4.225127238644319050e+02 1.343256145970153739e+02
2.178693861068092019e+01 7.224599504730706485e+02 4.225127238644319050e+02 1.343256145970153739e+02
2.178693861068092019e+01 7.224599504730706485e+02 4.225127238644319050e+02 1.343256145970153739e+02
2.178693861068092019e+01 7.224599504730706485e+02 4.225127238644319050e+02 1.343256145970153739e+02
2.178693861068092019e+01 7.224599504730706485e+02 4.225127238644319050e+02 1.343256145970153739e+02
2.178693861068092019e+01 7.224599504730706485e+02 4.225127238644319050e+02 1.343256145970153739e+02
2.178693861068092019e+01 7.224599504730706485e+02 4.225127238644319050e+02 1.343256145970153739e+02
2.178693861068092019e+01 7.224599504730706485e+02 4.225127238644319050e+02 1.343256145970153739e+02
2.178693861068092019e+01 7.224599504730706485e+02 4.225127238644319050e+02 1.343256145970153739e+02
2.178693861068092019e+01 7.224599504730706485e+02 4.225127238644319050e+02 1.343256145970153739e+02
2.179012785670131791e+01 7.196629623958506272e+02 4.225243939190384594e+02 1.345344164538263101e+02
2.179012785670131791e+01 7.196629623958506272e+02 4.225243939190384594e+02 1.345344164538263101e+02
2.164411374228010843e+01 7.210531855435709758e+02 4.219733663858083332e+02 1.347185858809540093e+02
2.164411374228010843e+01 7.210531855435709758e+02 4.219733663858083332e+02 1.347185858809540093e+02
2.164411374228010843e+01 7.210531855435709758e+02 4.219733663858083332e+02 1.347185858809540093e+02
2.164411374228010843e+01 7.210531855435709758e+02 4.219733663858083332e+02 1.347185858809540093e+02
2.164411374228010843e+01 7.210531855435709758e+02 4.219733663858083332e+02 1.347185858809540093e+02
2.164411374228010843e+01 7.210531855435709758e+02 4.219733663858083332e+02 1.347185858809540093e+02
2.164411374228010843e+01 7.210531855435709758e+02 4.219733663858083332e+02 1.347185858809540093e+02
2.164411374228010843e+01 7.210531855435709758e+02 4.219733663858083332e+02 1.347185858809540093e+02
2.164411374228010843e+01 7.210531855435709758e+02 4.219733663858083332e+02 1.347185858809540093e+02
2.164411374228010843e+01 7.210531855435709758e+02 4.219733663858083332e+02 1.347185858809540093e+02
2.164411374228010843e+01 7.210531855435709758e+02 4.219733663858083332e+02 1.347185858809540093e+02
2.164411374228010843e+01 7.210531855435709758e+02 4.219733663858083332e+02 1.347185858809540093e+02
2.164411374228010843e+01 7.210531855435709758e+02 4.219733663858083332e+02 1.347185858809540093e+02
2.164411374228010843e+01 7.210531855435709758e+02 4.219733663858083332e+02 1.347185858809540093e+02
2.164411374228010843e+01 7.210531855435709758e+02 4.219733663858083332e+02 1.347185858809540093e+02
2.164411374228010843e+01 7.210531855435709758e+02 4.219733663858083332e+02 1.347185858809540093e+02
2.164411374228010843e+01 7.210531855435709758e+02 4.219733663858083332e+02 1.347185858809540093e+02
2.164411374228010843e+01 7.210531855435709758e+02 4.219733663858083332e+02 1.347185858809540093e+02
2.164411374228010843e+01 7.210531855435709758e+02 4.219733663858083332e+02 1.347185858809540093e+02
2.164411374228010843e+01 7.210531855435709758e+02 4.219733663858083332e+02 1.347185858809540093e+02
2.164411374228010843e+01 7.210531855435709758e+02 4.219733663858083332e+02 1.347185858809540093e+02
2.164411374228010843e+01 7.210531855435709758e+02 4.219733663858083332e+02 1.347185858809540093e+02
2.164411374228010843e+01 7.210531855435709758e+02 4.219733663858083332e+02 1.347185858809540093e+02
2.164411374228010843e+01 7.210531855435709758e+02 4.219733663858083332e+02 1.347185858809540093e+02
2.161471611054061981e+01 7.198591854988681007e+02 4.232287239544931481e+02 1.317217784649718908e+02
2.161471611054061981e+01 7.198591854988681007e+02 4.232287239544931481e+02 1.317217784649718908e+02
2.161471611054061981e+01 7.198591854988681007e+02 4.232287239544931481e+02 1.317217784649718908e+02
2.161471611054061981e+01 7.198591854988681007e+02 4.232287239544931481e+02 1.317217784649718908e+02
2.147048181862242089e+01 7.165178784662402904e+02 4.226911040108931275e+02 1.327991665479201231e+02
2.147048181862242089e+01 7.165178784662402904e+02 4.226911040108931275e+02 1.327991665479201231e+02
2.147048181862242089e+01 7.165178784662402904e+02 4.226911040108931275e+02 1.327991665479201231e+02
2.147048181862242089e+01 7.165178784662402904e+02 4.226911040108931275e+02 1.327991665479201231e+02
2.147048181862242089e+01 7.165178784662402904e+02 4.226911040108931275e+02 1.327991665479201231e+02
2.147048181862242089e+01 7.165178784662402904e+02 4.226911040108931275e+02 1.327991665479201231e+02
2.147048181862242089e+01 7.165178784662402904e+02 4.226911040108931275e+02 1.327991665479201231e+02
2.147048181862242089e+01 7.165178784662402904e+02 4.226911040108931275e+02 1.327991665479201231e+02
2.147048181862242089e+01 7.165178784662402904e+02 4.226911040108931275e+02 1.327991665479201231e+02
2.147048181862242089e+01 7.165178784662402904e+02 4.226911040108931275e+02 1.327991665479201231e+02
2.147048181862242089e+01 7.165178784662402904e+02 4.226911040108931275e+02 1.327991665479201231e+02
2.147048181862242089e+01 7.165178784662402904e+02 4.226911040108931275e+02 1.327991665479201231e+02
2.147048181862242089e+01 7.165178784662402904e+02 4.226911040108931275e+02 1.327991665479201231e+02
2.147048181862242089e+01 7.165178784662402904e+02 4.226911040108931275e+02 1.327991665479201231e+02
2.167307375611112974e+01 7.156406946492943462e+02 4.253065764625869747e+02 1.294111330328863403e+02
2.167307375611112974e+01 7.156406946492943462e+02 4.253065764625869747e+02 1.294111330328863403e+02
2.167307375611112974e+01 7.156406946492943462e+02 4.253065764625869747e+02 1.294111330328863403e+02
2.167307375611112974e+01 7.156406946492943462e+02 4.253065764625869747e+02 1.294111330328863403e+02
2.167307375611112974e+01 7.156406946492943462e+02 4.253065764625869747e+02 1.294111330328863403e+02
2.167307375611112974e+01 7.156406946492943462e+02 4.253065764625869747e+02 1.294111330328863403e+02
2.167307375611112974e+01 7.156406946492943462e+02 4.253065764625869747e+02 1.294111330328863403e+02
2.167307375611112974e+01 7.156406946492943462e+02 4.253065764625869747e+02 1.294111330328863403e+02
2.167307375611112974e+01 7.156406946492943462e+02 4.253065764625869747e+02 1.294111330328863403e+02
2.167307375611112974e+01 7.156406946492943462e+02 4.253065764625869747e+02 1.294111330328863403e+02
2.167307375611112974e+01 7.156406946492943462e+02 4.253065764625869747e+02 1.294111330328863403e+02
2.167307375611112974e+01 7.156406946492943462e+02 4.253065764625869747e+02 1.294111330328863403e+02
2.167307375611112974e+01 7.156406946492943462e+02 4.253065764625869747e+02 1.294111330328863403e+02
2.167307375611112974e+01 7.156406946492943462e+02 4.253065764625869747e+02 1.294111330328863403e+02
2.167307375611112974e+01 7.156406946492943462e+02 4.253065764625869747e+02 1.294111330328863403e+02
2.167307375611112974e+01 7.156406946492943462e+02 4.253065764625869747e+02 1.294111330328863403e+02
2.167307375611112974e+01 7.156406946492943462e+02 4.253065764625869747e+02 1.294111330328863403e+02
2.167307375611112974e+01 7.156406946492943462e+02 4.253065764625869747e+02 1.294111330328863403e+02
2.167307375611112974e+01 7.156406946492943462e+02 4.253065764625869747e+02 1.294111330328863403e+02
2.167307375611112974e+01 7.156406946492943462e+02 4.253065764625869747e+02 1.294111330328863403e+02
2.167307375611112974e+01 7.156406946492943462e+02 4.253065764625869747e+02 1.294111330328863403e+02
2.167307375611112974e+01 7.156406946492943462e+02 4.253065764625869747e+02 1.294111330328863403e+02
2.167307375611112974e+01 7.156406946492943462e+02 4.253065764625869747e+02 1.294111330328863403e+02
2.167307375611112974e+01 7.156406946492943462e+02 4.253065764625869747e+02 1.294111330328863403e+02
2.167307375611112974e+01 7.156406946492943462e+02 4.253065764625869747e+02 1.294111330328863403e+02
2.167307375611112974e+01 7.156406946492943462e+02 4.253065764625869747e+02 1.294111330328863403e+02
2.167307375611112974e+01 7.156406946492943462e+02 4.253065764625869747e+02 1.294111330328863403e+02
2.167307375611112974e+01 7.156406946492943462e+02 4.253065764625869747e+02 1.294111330328863403e+02
2.167307375611112974e+01 7.156406946492943462e+02 4.253065764625869747e+02 1.294111330328863403e+02
2.167307375611112974e+01 7.156406946492943462e+02 4.253065764625869747e+02 1.294111330328863403e+02
2.167307375611112974e+01 7.156406946492943462e+02 4.253065764625869747e+02 1.294111330328863403e+02
2.167307375611112974e+01 7.156406946492943462e+02 4.253065764625869747e+02 1.294111330328863403e+02
2.167307375611112974e+01 7.156406946492943462e+02 4.253065764625869747e+02 1.294111330328863403e+02
2.167307375611112974e+01 7.156406946492943462e+02 4.253065764625869747e+02 1.294111330328863403e+02
2.167307375611112974e+01 7.156406946492943462e+02 4.253065764625869747e+02 1.294111330328863403e+02
2.167307375611112974e+01 7.156406946492943462e+02 4.253065764625869747e+02 1.294111330328863403e+02
2.167307375611112974e+01 7.156406946492943462e+02 4.253065764625869747e+02 1.294111330328863403e+02
2.167307375611112974e+01 7.156406946492943462e+02 4.253065764625869747e+02 1.294111330328863403e+02
2.167307375611112974e+01 7.156406946492943462e+02 4.253065764625869747e+02 1.294111330328863403e+02
2.167307375611112974e+01 7.156406946492943462e+02 4.253065764625869747e+02 1.294111330328863403e+02
2.167307375611112974e+01 7.156406946492943462e+02 4.253065764625869747e+02 1.294111330328863403e+02
2.167307375611112974e+01 7.156406946492943462e+02 4.253065764625869747e+02 1.294111330328863403e+02
2.167307375611112974e+01 7.156406946492943462e+02 4.253065764625869747e+02 1.294111330328863403e+02
2.167307375611112974e+01 7.156406946492943462e+02 4.253065764625869747e+02 1.294111330328863403e+02
2.167307375611112974e+01 7.156406946492943462e+02 4.253065764625869747e+02 1.294111330328863403e+02
2.167307375611112974e+01 7.156406946492943462e+02 4.253065764625869747e+02 1.294111330328863403e+02
2.167307375611112974e+01 7.156406946492943462e+02 4.253065764625869747e+02 1.294111330328863403e+02
2.167307375611112974e+01 7.156406946492943462e+02 4.253065764625869747e+02 1.294111330328863403e+02
2.167307375611112974e+01 7.156406946492943462e+02 4.253065764625869747e+02 1.294111330328863403e+02
2.167307375611112974e+01 7.156406946492943462e+02 4.253065764625869747e+02 1.294111330328863403e+02
2.167307375611112974e+01 7.156406946492943462e+02 4.253065764625869747e+02 1.294111330328863403e+02
2.167307375611112974e+01 7.156406946492943462e+02 4.253065764625869747e+02 1.294111330328863403e+02
2.167307375611112974e+01 7.156406946492943462e+02 4.253065764625869747e+02 1.294111330328863403e+02
2.167307375611112974e+01 7.156406946492943462e+02 4.253065764625869747e+02 1.294111330328863403e+02
2.167307375611112974e+01 7.156406946492943462e+02 4.253065764625869747e+02 1.294111330328863403e+02
2.167307375611112974e+01 7.156406946492943462e+02 4.253065764625869747e+02 1.294111330328863403e+02
2.167307375611112974e+01 7.156406946492943462e+02 4.253065764625869747e+02 1.294111330328863403e+02
2.167307375611112974e+01 7.156406946492943462e+02 4.253065764625869747e+02 1.294111330328863403e+02
2.167307375611112974e+01 7.156406946492943462e+02 4.253065764625869747e+02 1.294111330328863403e+02
2.167307375611112974e+01 7.156406946492943462e+02 4.253065764625869747e+02 1.294111330328863403e+02
2.167307375611112974e+01 7.156406946492943462e+02 4.253065764625869747e+02 1.294111330328863403e+02
2.167307375611112974e+01 7.156406946492943462e+02 4.253065764625869747e+02 1.294111330328863403e+02
2.167307375611112974e+01 7.156406946492943462e+02 4.253065764625869747e+02 1.294111330328863403e+02
2.167307375611112974e+01 7.156406946492943462e+02 4.253065764625869747e+02 1.294111330328863403e+02
2.167307375611112974e+01 7.156406946492943462e+02 4.253065764625869747e+02 1.294111330328863403e+02
2.167307375611112974e+01 7.156406946492943462e+02 4.253065764625869747e+02 1.294111330328863403e+02
2.167307375611112974e+01 7.156406946492943462e+02 4.253065764625869747e+02 1.294111330328863403e+02
2.167307375611112974e+01 7.156406946492943462e+02 4.253065764625869747e+02 1.294111330328863403e+02
2.167307375611112974e+01 7.156406946492943462e+02 4.253065764625869747e+02 1.294111330328863403e+02
2.167307375611112974e+01 7.156406946492943462e+02 4.253065764625869747e+02 1.294111330328863403e+02
2.167307375611112974e+01 7.156406946492943462e+02 4.253065764625869747e+02 1.294111330328863403e+02
2.167307375611112974e+01 7.156406946492943462e+02 4.253065764625869747e+02 1.294111330328863403e+02
2.167307375611112974e+01 7.156406946492943462e+02 4.253065764625869747e+02 1.294111330328863403e+02
2.167307375611112974e+01 7.156406946492943462e+02 4.253065764625869747e+02 1.294111330328863403e+02
2.167307375611112974e+01 7.156406946492943462e+02 4.253065764625869747e+02 1.294111330328863403e+02
2.167307375611112974e+01 7.156406946492943462e+02 4.253065764625869747e+02 1.294111330328863403e+02
2.167307375611112974e+01 7.156406946492943462e+02 4.253065764625869747e+02 1.294111330328863403e+02
2.167307375611112974e+01 7.156406946492943462e+02 4.253065764625869747e+02 1.294111330328863403e+02
2.167307375611112974e+01 7.156406946492943462e+02 4.253065764625869747e+02 1.294111330328863403e+02
2.167307375611112974e+01 7.156406946492943462e+02 4.253065764625869747e+02 1.294111330328863403e+02
2.167307375611112974e+01 7.156406946492943462e+02 4.253065764625869747e+02 1.294111330328863403e+02
2.167307375611112974e+01 7.156406946492943462e+02 4.253065764625869747e+02 1.294111330328863403e+02
2.167307375611112974e+01 7.156406946492943462e+02 4.253065764625869747e+02 1.294111330328863403e+02
2.167307375611112974e+01 7.156406946492943462e+02 4.253065764625869747e+02 1.294111330328863403e+02
2.167307375611112974e+01 7.156406946492943462e+02 4.253065764625869747e+02 1.294111330328863403e+02
2.167307375611112974e+01 7.156406946492943462e+02 4.253065764625869747e+02 1.294111330328863403e+02
2.167307375611112974e+01 7.156406946492943462e+02 4.253065764625869747e+02 1.294111330328863403e+02
2.167307375611112974e+01 7.156406946492943462e+02 4.253065764625869747e+02 1.294111330328863403e+02
2.167307375611112974e+01 7.156406946492943462e+02 4.253065764625869747e+02 1.294111330328863403e+02
2.167307375611112974e+01 7.156406946492943462e+02 4.253065764625869747e+02 1.294111330328863403e+02
2.167307375611112974e+01 7.156406946492943462e+02 4.253065764625869747e+02 1.294111330328863403e+02
2.167307375611112974e+01 7.156406946492943462e+02 4.253065764625869747e+02 1.294111330328863403e+02
2.167307375611112974e+01 7.156406946492943462e+02 4.253065764625869747e+02 1.294111330328863403e+02
2.167307375611112974e+01 7.156406946492943462e+02 4.253065764625869747e+02 1.294111330328863403e+02
2.167307375611112974e+01 7.156406946492943462e+02 4.253065764625869747e+02 1.294111330328863403e+02
2.167307375611112974e+01 7.156406946492943462e+02 4.253065764625869747e+02 1.294111330328863403e+02
2.167307375611112974e+01 7.156406946492943462e+02 4.253065764625869747e+02 1.294111330328863403e+02
2.167307375611112974e+01 7.156406946492943462e+02 4.253065764625869747e+02 1.294111330328863403e+02
2.167307375611112974e+01 7.156406946492943462e+02 4.253065764625869747e+02 1.294111330328863403e+02
2.167307375611112974e+01 7.156406946492943462e+02 4.253065764625869747e+02 1.294111330328863403e+02
2.167307375611112974e+01 7.156406946492943462e+02 4.253065764625869747e+02 1.294111330328863403e+02
2.167307375611112974e+01 7.156406946492943462e+02 4.253065764625869747e+02 1.294111330328863403e+02
2.167307375611112974e+01 7.156406946492943462e+02 4.253065764625869747e+02 1.294111330328863403e+02
2.167307375611112974e+01 7.156406946492943462e+02 4.253065764625869747e+02 1.294111330328863403e+02
2.167307375611112974e+01 7.156406946492943462e+02 4.253065764625869747e+02 1.294111330328863403e+02
2.167307375611112974e+01 7.156406946492943462e+02 4.253065764625869747e+02 1.294111330328863403e+02
2.167307375611112974e+01 7.156406946492943462e+02 4.253065764625869747e+02 1.294111330328863403e+02
2.167307375611112974e+01 7.156406946492943462e+02 4.253065764625869747e+02 1.294111330328863403e+02
2.167307375611112974e+01 7.156406946492943462e+02 4.253065764625869747e+02 1.294111330328863403e+02
2.167307375611112974e+01 7.156406946492943462e+02 4.253065764625869747e+02 1.294111330328863403e+02
2.167307375611112974e+01 7.156406946492943462e+02 4.253065764625869747e+02 1.294111330328863403e+02
2.167307375611112974e+01 7.156406946492943462e+02 4.253065764625869747e+02 1.294111330328863403e+02
2.167307375611112974e+01 7.156406946492943462e+02 4.253065764625869747e+02 1.294111330328863403e+02
2.167307375611112974e+01 7.156406946492943462e+02 4.253065764625869747e+02 1.294111330328863403e+02
2.167307375611112974e+01 7.156406946492943462e+02 4.253065764625869747e+02 1.294111330328863403e+02
2.167307375611112974e+01 7.156406946492943462e+02 4.253065764625869747e+02 1.294111330328863403e+02
2.167307375611112974e+01 7.156406946492943462e+02 4.253065764625869747e+02 1.294111330328863403e+02
2.167307375611112974e+01 7.156406946492943462e+02 4.253065764625869747e+02 1.294111330328863403e+02
2.167307375611112974e+01 7.156406946492943462e+02 4.253065764625869747e+02 1.294111330328863403e+02
2.167307375611112974e+01 7.156406946492943462e+02 4.253065764625869747e+02 1.294111330328863403e+02
2.167307375611112974e+01 7.156406946492943462e+02 4.253065764625869747e+02 1.294111330328863403e+02
2.167307375611112974e+01 7.156406946492943462e+02 4.253065764625869747e+02 1.294111330328863403e+02
2.167307375611112974e+01 7.156406946492943462e+02 4.253065764625869747e+02 1.294111330328863403e+02
2.167307375611112974e+01 7.156406946492943462e+02 4.253065764625869747e+02 1.294111330328863403e+02
2.167307375611112974e+01 7.156406946492943462e+02 4.253065764625869747e+02 1.294111330328863403e+02
2.167307375611112974e+01 7.156406946492943462e+02 4.253065764625869747e+02 1.294111330328863403e+02
2.167307375611112974e+01 7.156406946492943462e+02 4.253065764625869747e+02 1.294111330328863403e+02
2.167307375611112974e+01 7.156406946492943462e+02 4.253065764625869747e+02 1.294111330328863403e+02
2.167307375611112974e+01 7.156406946492943462e+02 4.253065764625869747e+02 1.294111330328863403e+02
2.167307375611112974e+01 7.156406946492943462e+02 4.253065764625869747e+02 1.294111330328863403e+02
2.167307375611112974e+01 7.156406946492943462e+02 4.253065764625869747e+02 1.294111330328863403e+02
2.167307375611112974e+01 7.156406946492943462e+02 4.253065764625869747e+02 1.294111330328863403e+02
2.167307375611112974e+01 7.156406946492943462e+02 4.253065764625869747e+02 1.294111330328863403e+02
2.167307375611112974e+01 7.156406946492943462e+02 4.253065764625869747e+02 1.294111330328863403e+02
2.167307375611112974e+01 7.156406946492943462e+02 4.253065764625869747e+02 1.294111330328863403e+02
2.167307375611112974e+01 7.156406946492943462e+02 4.253065764625869747e+02 1.294111330328863403e+02
2.167307375611112974e+01 7.156406946492943462e+02 4.253065764625869747e+02 1.294111330328863403e+02
2.167307375611112974e+01 7.156406946492943462e+02 4.253065764625869747e+02 1.294111330328863403e+02
2.167307375611112974e+01 7.156406946492943462e+02 4.253065764625869747e+02 1.294111330328863403e+02
2.167307375611112974e+01 7.156406946492943462e+02 4.253065764625869747e+02 1.294111330328863403e+02
2.167307375611112974e+01 7.156406946492943462e+02 4.253065764625869747e+02 1.294111330328863403e+02
2.167307375611112974e+01 7.156406946492943462e+02 4.253065764625869747e+02 1.294111330328863403e+02
2.167307375611112974e+01 7.156406946492943462e+02 4.253065764625869747e+02 1.294111330328863403e+02
2.167307375611112974e+01 7.156406946492943462e+02 4.253065764625869747e+02 1.294111330328863403e+02
2.167307375611112974e+01 7.156406946492943462e+02 4.253065764625869747e+02 1.294111330328863403e+02
2.167307375611112974e+01 7.156406946492943462e+02 4.253065764625869747e+02 1.294111330328863403e+02
2.167307375611112974e+01 7.156406946492943462e+02 4.253065764625869747e+02 1.294111330328863403e+02
2.167307375611112974e+01 7.156406946492943462e+02 4.253065764625869747e+02 1.294111330328863403e+02
2.167307375611112974e+01 7.156406946492943462e+02 4.253065764625869747e+02 1.294111330328863403e+02
2.167307375611112974e+01 7.156406946492943462e+02 4.253065764625869747e+02 1.294111330328863403e+02
2.167307375611112974e+01 7.156406946492943462e+02 4.253065764625869747e+02 1.294111330328863403e+02
2.167307375611112974e+01 7.156406946492943462e+02 4.253065764625869747e+02 1.294111330328863403e+02
2.167307375611112974e+01 7.156406946492943462e+02 4.253065764625869747e+02 1.294111330328863403e+02
2.167307375611112974e+01 7.156406946492943462e+02 4.253065764625869747e+02 1.294111330328863403e+02
2.167307375611112974e+01 7.156406946492943462e+02 4.253065764625869747e+02 1.294111330328863403e+02
2.167307375611112974e+01 7.156406946492943462e+02 4.253065764625869747e+02 1.294111330328863403e+02
2.167307375611112974e+01 7.156406946492943462e+02 4.253065764625869747e+02 1.294111330328863403e+02
2.167307375611112974e+01 7.156406946492943462e+02 4.253065764625869747e+02 1.294111330328863403e+02
2.167307375611112974e+01 7.156406946492943462e+02 4.253065764625869747e+02 1.294111330328863403e+02
2.167307375611112974e+01 7.156406946492943462e+02 4.253065764625869747e+02 1.294111330328863403e+02
2.167307375611112974e+01 7.156406946492943462e+02 4.253065764625869747e+02 1.294111330328863403e+02
2.167307375611112974e+01 7.156406946492943462e+02 4.253065764625869747e+02 1.294111330328863403e+02
2.167307375611112974e+01 7.156406946492943462e+02 4.253065764625869747e+02 1.294111330328863403e+02
2.167307375611112974e+01 7.156406946492943462e+02 4.253065764625869747e+02 1.294111330328863403e+02
2.167307375611112974e+01 7.156406946492943462e+02 4.253065764625869747e+02 1.294111330328863403e+02
2.167307375611112974e+01 7.156406946492943462e+02 4.253065764625869747e+02 1.294111330328863403e+02
2.167307375611112974e+01 7.156406946492943462e+02 4.253065764625869747e+02 1.294111330328863403e+02
2.167307375611112974e+01 7.156406946492943462e+02 4.253065764625869747e+02 1.294111330328863403e+02
2.167307375611112974e+01 7.156406946492943462e+02 4.253065764625869747e+02 1.294111330328863403e+02
