2.604068324212305470e+02 6.083461020804899135e+02 3.262639547393802204e+05 2.400726102609537804e+01
2.604068324212305470e+02 6.083461020804899135e+02 3.262639547393802204e+05 2.400726102609537804e+01
2.604068324212305470e+02 6.083461020804899135e+02 3.262639547393802204e+05 2.400726102609537804e+01
2.604068324212305470e+02 6.083461020804899135e+02 3.262639547393802204e+05 2.400726102609537804e+01
1.471295838006633971e+02 5.414822805304914937e+02 2.659212409401900368e+05 2.395499548741698703e+01
1.471295838006633971e+02 5.414822805304914937e+02 2.659212409401900368e+05 2.395499548741698703e+01
1.386782939734477793e+02 5.008899739032835896e+02 2.500339850262061809e+05 2.396337432803309042e+01
1.301553343668230980e+02 5.096175981448926109e+02 2.463590320615744276e+05 2.433926411266401146e+01
6.400297829264201255e+01 4.537155522131566272e+02 1.825720955901691050e+05 2.528510327103380817e+01
6.372491951555732470e+01 4.908797342144542881e+02 1.701784037679989706e+05 2.440879221880947370e+01
6.400382000290886708e+01 4.782259184656396656e+02 1.706309374720153282e+05 2.469375005732492667e+01
6.400382000290886708e+01 4.782259184656396656e+02 1.706309374720153282e+05 2.469375005732492667e+01
6.047498647090409918e+01 4.890399797159305990e+02 1.756843313007492980e+05 2.436939931994095687e+01
5.964640969546414340e+01 4.984697650171235637e+02 1.723560558523748477e+05 2.390362059686889395e+01
5.964640969546414340e+01 4.984697650171235637e+02 1.723560558523748477e+05 2.390362059686889395e+01
5.009981505183092310e+01 4.766006301905226223e+02 1.535836647492827615e+05 2.528939887983424839e+01
4.450403758541845889e+01 4.966266539640621431e+02 1.364440241653004778e+05 2.331890620995788410e+01
4.255024101923860513e+01 5.079557319542672644e+02 1.354094664911647560e+05 2.362503575586276483e+01
4.255024101923860513e+01 5.079557319542672644e+02 1.354094664911647560e+05 2.362503575586276483e+01
4.199023599555562214e+01 4.796111564400171687e+02 1.353245649473386875e+05 2.343120189230172912e+01
4.199023599555562214e+01 4.796111564400171687e+02 1.353245649473386875e+05 2.343120189230172912e+01
4.154430860130934633e+01 4.689003987902811446e+02 1.222042665630708798e+05 2.393543130476028225e+01
4.154430860130934633e+01 4.689003987902811446e+02 1.222042665630708798e+05 2.393543130476028225e+01
4.022979638158004434e+01 4.595035752614888906e+02 1.248196368852800952e+05 2.476829143455531934e+01
4.050225478520206224e+01 4.303194432130114819e+02 1.174631712502568407e+05 2.327122960926789474e+01
4.050225478520206224e+01 4.303194432130114819e+02 1.174631712502568407e+05 2.327122960926789474e+01
4.050225478520206224e+01 4.303194432130114819e+02 1.174631712502568407e+05 2.327122960926789474e+01
4.050225478520206224e+01 4.303194432130114819e+02 1.174631712502568407e+05 2.327122960926789474e+01
4.050225478520206224e+01 4.303194432130114819e+02 1.174631712502568407e+05 2.327122960926789474e+01
4.050225478520206224e+01 4.303194432130114819e+02 1.174631712502568407e+05 2.327122960926789474e+01
3.538921311951600046e+01 4.558856463506783712e+02 1.005411055717331619e+05 2.411738750899602479e+01
3.446355182285505236e+01 4.373152284223610877e+02 9.763586391797279066e+04 2.302819866665443627e+01
3.446355182285505236e+01 4.373152284223610877e+02 9.763586391797279066e+04 2.302819866665443627e+01
3.446355182285505236e+01 4.373152284223610877e+02 9.763586391797279066e+04 2.302819866665443627e+01
3.446355182285505236e+01 4.373152284223610877e+02 9.763586391797279066e+04 2.302819866665443627e+01
3.259310169773566201e+01 4.716891923441910421e+02 9.361573735593007586e+04 2.319480279935762468e+01
3.259310169773566201e+01 4.716891923441910421e+02 9.361573735593007586e+04 2.319480279935762468e+01
3.424580639973586926e+01 4.123636730880476762e+02 5.144971195435393747e+04 2.744149332326837865e+01
3.240128254504679717e+01 4.326407977303040866e+02 5.116829675137755112e+04 2.548573929059135423e+01
3.370388983402371963e+01 4.033899199767365644e+02 5.385785548769023444e+04 2.323029987607622715e+01
3.370388983402371963e+01 4.033899199767365644e+02 5.385785548769023444e+04 2.323029987607622715e+01
3.370388983402371963e+01 4.033899199767365644e+02 5.385785548769023444e+04 2.323029987607622715e+01
3.370388983402371963e+01 4.033899199767365644e+02 5.385785548769023444e+04 2.323029987607622715e+01
3.370388983402371963e+01 4.033899199767365644e+02 5.385785548769023444e+04 2.323029987607622715e+01
3.370388983402371963e+01 4.033899199767365644e+02 5.385785548769023444e+04 2.323029987607622715e+01
3.370388983402371963e+01 4.033899199767365644e+02 5.385785548769023444e+04 2.323029987607622715e+01
3.370388983402371963e+01 4.033899199767365644e+02 5.385785548769023444e+04 2.323029987607622715e+01
3.219175081775936320e+01 4.010426380240821800e+02 3.201342847066823379e+04 2.792649523414105417e+01
3.219175081775936320e+01 4.010426380240821800e+02 3.201342847066823379e+04 2.792649523414105417e+01
3.219175081775936320e+01 4.010426380240821800e+02 3.201342847066823379e+04 2.792649523414105417e+01
3.219175081775936320e+01 4.010426380240821800e+02 3.201342847066823379e+04 2.792649523414105417e+01
3.219175081775936320e+01 4.010426380240821800e+02 3.201342847066823379e+04 2.792649523414105417e+01
3.219175081775936320e+01 4.010426380240821800e+02 3.201342847066823379e+04 2.792649523414105417e+01
3.219175081775936320e+01 4.010426380240821800e+02 3.201342847066823379e+04 2.792649523414105417e+01
3.238714647375417144e+01 4.068523853396494587e+02 3.146976645739550440e+04 2.732889869408520767e+01
3.238714647375417144e+01 4.068523853396494587e+02 3.146976645739550440e+04 2.732889869408520767e+01
3.238714647375417144e+01 4.068523853396494587e+02 3.146976645739550440e+04 2.732889869408520767e+01
3.238714647375417144e+01 4.068523853396494587e+02 3.146976645739550440e+04 2.732889869408520767e+01
3.238714647375417144e+01 4.068523853396494587e+02 3.146976645739550440e+04 2.732889869408520767e+01
3.238714647375417144e+01 4.068523853396494587e+02 3.146976645739550440e+04 2.732889869408520767e+01
3.238714647375417144e+01 4.068523853396494587e+02 3.146976645739550440e+04 2.732889869408520767e+01
3.238714647375417144e+01 4.068523853396494587e+02 3.146976645739550440e+04 2.732889869408520767e+01
3.238714647375417144e+01 4.068523853396494587e+02 3.146976645739550440e+04 2.732889869408520767e+01
3.238714647375417144e+01 4.068523853396494587e+02 3.146976645739550440e+04 2.732889869408520767e+01
3.238714647375417144e+01 4.068523853396494587e+02 3.146976645739550440e+04 2.732889869408520767e+01
3.238714647375417144e+01 4.068523853396494587e+02 3.146976645739550440e+04 2.732889869408520767e+01
3.238714647375417144e+01 4.068523853396494587e+02 3.146976645739550440e+04 2.732889869408520767e+01
3.238714647375417144e+01 4.068523853396494587e+02 3.146976645739550440e+04 2.732889869408520767e+01
3.238714647375417144e+01 4.068523853396494587e+02 3.146976645739550440e+04 2.732889869408520767e+01
3.167688211663019260e+01 4.169523756732441484e+02 3.093628549037376797e+04 2.636737343833676306e+01
3.167688211663019260e+01 4.169523756732441484e+02 3.093628549037376797e+04 2.636737343833676306e+01
3.167688211663019260e+01 4.169523756732441484e+02 3.093628549037376797e+04 2.636737343833676306e+01
3.167688211663019260e+01 4.169523756732441484e+02 3.093628549037376797e+04 2.636737343833676306e+01
3.167688211663019260e+01 4.169523756732441484e+02 3.093628549037376797e+04 2.636737343833676306e+01
3.167688211663019260e+01 4.169523756732441484e+02 3.093628549037376797e+04 2.636737343833676306e+01
3.167688211663019260e+01 4.169523756732441484e+02 3.093628549037376797e+04 2.636737343833676306e+01
3.167688211663019260e+01 4.169523756732441484e+02 3.093628549037376797e+04 2.636737343833676306e+01
3.167688211663019260e+01 4.169523756732441484e+02 3.093628549037376797e+04 2.636737343833676306e+01
2.954696426351868865e+01 4.266561712070316048e+02 2.997171843984273437e+04 2.717454766878025652e+01
2.954696426351868865e+01 4.266561712070316048e+02 2.997171843984273437e+04 2.717454766878025652e+01
2.954696426351868865e+01 4.266561712070316048e+02 2.997171843984273437e+04 2.717454766878025652e+01
2.954696426351868865e+01 4.266561712070316048e+02 2.997171843984273437e+04 2.717454766878025652e+01
2.954696426351868865e+01 4.266561712070316048e+02 2.997171843984273437e+04 2.717454766878025652e+01
3.256734541620872392e+01 4.061367617646766348e+02 1.392347917546997269e+04 3.556808403200420088e+01
3.311353836952849150e+01 4.007738735896588196e+02 1.269419957673221506e+04 3.550721224991579561e+01
3.185267445467266256e+01 3.952257237958187375e+02 1.190448929018542003e+04 3.872171610539689368e+01
3.185267445467266256e+01 3.952257237958187375e+02 1.190448929018542003e+04 3.872171610539689368e+01
3.228286054973312957e+01 3.988823991247165281e+02 1.162032207682870830e+04 3.184579564319892953e+01
3.330327961572473328e+01 3.744729779456138772e+02 6.069273486609505198e+03 3.651398365022403425e+01
3.330327961572473328e+01 3.744729779456138772e+02 6.069273486609505198e+03 3.651398365022403425e+01
3.290603134693328968e+01 3.626995057159271028e+02 5.813185901195866791e+03 3.648387527381001405e+01
3.151849129611046862e+01 3.760201492124776905e+02 8.168619166549921147e+02 4.210328216094836762e+01
3.151849129611046862e+01 3.760201492124776905e+02 8.168619166549921147e+02 4.210328216094836762e+01
3.083246436473318752e+01 3.875199404226560773e+02 6.945266460007842397e+02 4.658703418251459993e+01
3.049467338163126939e+01 3.792013186331839165e+02 6.879970325795643475e+02 4.716089163496582870e+01
3.049467338163126939e+01 3.792013186331839165e+02 6.879970325795643475e+02 4.716089163496582870e+01
3.049467338163126939e+01 3.792013186331839165e+02 6.879970325795643475e+02 4.716089163496582870e+01
3.049467338163126939e+01 3.792013186331839165e+02 6.879970325795643475e+02 4.716089163496582870e+01
3.049467338163126939e+01 3.792013186331839165e+02 6.879970325795643475e+02 4.716089163496582870e+01
3.049467338163126939e+01 3.792013186331839165e+02 6.879970325795643475e+02 4.716089163496582870e+01
3.049467338163126939e+01 3.792013186331839165e+02 6.879970325795643475e+02 4.716089163496582870e+01
3.049467338163126939e+01 3.792013186331839165e+02 6.879970325795643475e+02 4.716089163496582870e+01
3.130135078131295145e+01 3.880595916374660987e+02 6.909656749314539184e+02 3.728350671934913407e+01
3.104273700741278574e+01 3.622050704073700444e+02 4.167238483947409122e+02 3.824113220666963286e+01
3.104273700741278574e+01 3.622050704073700444e+02 4.167238483947409122e+02 3.824113220666963286e+01
3.104273700741278574e+01 3.622050704073700444e+02 4.167238483947409122e+02 3.824113220666963286e+01
3.093494524793963052e+01 3.601013750684877550e+02 4.052167452688647700e+02 3.873064745462349379e+01
3.093494524793963052e+01 3.601013750684877550e+02 4.052167452688647700e+02 3.873064745462349379e+01
3.047257994580865059e+01 3.682065505078130059e+02 3.835499878240765952e+02 3.849224455396893063e+01
3.108371936710846128e+01 3.680825653388056367e+02 3.695437593203370170e+02 3.458937090910354328e+01
3.108371936710846128e+01 3.680825653388056367e+02 3.695437593203370170e+02 3.458937090910354328e+01
3.108371936710846128e+01 3.680825653388056367e+02 3.695437593203370170e+02 3.458937090910354328e+01
3.108371936710846128e+01 3.680825653388056367e+02 3.695437593203370170e+02 3.458937090910354328e+01
3.108371936710846128e+01 3.680825653388056367e+02 3.695437593203370170e+02 3.458937090910354328e+01
3.051793539872551619e+01 3.702079174233077765e+02 4.179306760085514156e+02 3.053116615931283206e+01
3.051793539872551619e+01 3.702079174233077765e+02 4.179306760085514156e+02 3.053116615931283206e+01
3.051793539872551619e+01 3.702079174233077765e+02 4.179306760085514156e+02 3.053116615931283206e+01
3.051793539872551619e+01 3.702079174233077765e+02 4.179306760085514156e+02 3.053116615931283206e+01
3.051793539872551619e+01 3.702079174233077765e+02 4.179306760085514156e+02 3.053116615931283206e+01
3.051793539872551619e+01 3.702079174233077765e+02 4.179306760085514156e+02 3.053116615931283206e+01
3.051793539872551619e+01 3.702079174233077765e+02 4.179306760085514156e+02 3.053116615931283206e+01
3.051793539872551619e+01 3.702079174233077765e+02 4.179306760085514156e+02 3.053116615931283206e+01
3.051793539872551619e+01 3.702079174233077765e+02 4.179306760085514156e+02 3.053116615931283206e+01
3.051793539872551619e+01 3.702079174233077765e+02 4.179306760085514156e+02 3.053116615931283206e+01
3.051793539872551619e+01 3.702079174233077765e+02 4.179306760085514156e+02 3.053116615931283206e+01
3.051793539872551619e+01 3.702079174233077765e+02 4.179306760085514156e+02 3.053116615931283206e+01
3.188854727546528878e+01 3.545910563403182323e+02 3.634355279978295243e+02 3.470673866882447811e+01
3.188854727546528878e+01 3.545910563403182323e+02 3.634355279978295243e+02 3.470673866882447811e+01
3.188854727546528878e+01 3.545910563403182323e+02 3.634355279978295243e+02 3.470673866882447811e+01
3.188854727546528878e+01 3.545910563403182323e+02 3.634355279978295243e+02 3.470673866882447811e+01
3.188854727546528878e+01 3.545910563403182323e+02 3.634355279978295243e+02 3.470673866882447811e+01
3.188854727546528878e+01 3.545910563403182323e+02 3.634355279978295243e+02 3.470673866882447811e+01
3.188854727546528878e+01 3.545910563403182323e+02 3.634355279978295243e+02 3.470673866882447811e+01
3.188854727546528878e+01 3.545910563403182323e+02 3.634355279978295243e+02 3.470673866882447811e+01
3.188854727546528878e+01 3.545910563403182323e+02 3.634355279978295243e+02 3.470673866882447811e+01
3.188854727546528878e+01 3.545910563403182323e+02 3.634355279978295243e+02 3.470673866882447811e+01
3.188854727546528878e+01 3.545910563403182323e+02 3.634355279978295243e+02 3.470673866882447811e+01
3.188854727546528878e+01 3.545910563403182323e+02 3.634355279978295243e+02 3.470673866882447811e+01
3.188854727546528878e+01 3.545910563403182323e+02 3.634355279978295243e+02 3.470673866882447811e+01
3.188854727546528878e+01 3.545910563403182323e+02 3.634355279978295243e+02 3.470673866882447811e+01
3.188854727546528878e+01 3.545910563403182323e+02 3.634355279978295243e+02 3.470673866882447811e+01
3.188854727546528878e+01 3.545910563403182323e+02 3.634355279978295243e+02 3.470673866882447811e+01
3.188854727546528878e+01 3.545910563403182323e+02 3.634355279978295243e+02 3.470673866882447811e+01
3.188854727546528878e+01 3.545910563403182323e+02 3.634355279978295243e+02 3.470673866882447811e+01
3.188854727546528878e+01 3.545910563403182323e+02 3.634355279978295243e+02 3.470673866882447811e+01
3.188854727546528878e+01 3.545910563403182323e+02 3.634355279978295243e+02 3.470673866882447811e+01
3.188854727546528878e+01 3.545910563403182323e+02 3.634355279978295243e+02 3.470673866882447811e+01
3.188854727546528878e+01 3.545910563403182323e+02 3.634355279978295243e+02 3.470673866882447811e+01
3.188854727546528878e+01 3.545910563403182323e+02 3.634355279978295243e+02 3.470673866882447811e+01
3.188854727546528878e+01 3.545910563403182323e+02 3.634355279978295243e+02 3.470673866882447811e+01
3.016946501012731474e+01 3.544076703382562528e+02 3.628103330369986566e+02 3.341843634243272021e+01
3.016946501012731474e+01 3.544076703382562528e+02 3.628103330369986566e+02 3.341843634243272021e+01
3.016946501012731474e+01 3.544076703382562528e+02 3.628103330369986566e+02 3.341843634243272021e+01
3.016946501012731474e+01 3.544076703382562528e+02 3.628103330369986566e+02 3.341843634243272021e+01
3.016946501012731474e+01 3.544076703382562528e+02 3.628103330369986566e+02 3.341843634243272021e+01
3.016946501012731474e+01 3.544076703382562528e+02 3.628103330369986566e+02 3.341843634243272021e+01
3.016946501012731474e+01 3.544076703382562528e+02 3.628103330369986566e+02 3.341843634243272021e+01
3.016946501012731474e+01 3.544076703382562528e+02 3.628103330369986566e+02 3.341843634243272021e+01
3.016946501012731474e+01 3.544076703382562528e+02 3.628103330369986566e+02 3.341843634243272021e+01
3.016946501012731474e+01 3.544076703382562528e+02 3.628103330369986566e+02 3.341843634243272021e+01
3.016946501012731474e+01 3.544076703382562528e+02 3.628103330369986566e+02 3.341843634243272021e+01
3.016946501012731474e+01 3.544076703382562528e+02 3.628103330369986566e+02 3.341843634243272021e+01
3.016946501012731474e+01 3.544076703382562528e+02 3.628103330369986566e+02 3.341843634243272021e+01
3.016946501012731474e+01 3.544076703382562528e+02 3.628103330369986566e+02 3.341843634243272021e+01
3.016946501012731474e+01 3.544076703382562528e+02 3.628103330369986566e+02 3.341843634243272021e+01
3.016946501012731474e+01 3.544076703382562528e+02 3.628103330369986566e+02 3.341843634243272021e+01
3.016946501012731474e+01 3.544076703382562528e+02 3.628103330369986566e+02 3.341843634243272021e+01
3.016946501012731474e+01 3.544076703382562528e+02 3.628103330369986566e+02 3.341843634243272021e+01
3.016946501012731474e+01 3.544076703382562528e+02 3.628103330369986566e+02 3.341843634243272021e+01
3.016946501012731474e+01 3.544076703382562528e+02 3.628103330369986566e+02 3.341843634243272021e+01
3.016946501012731474e+01 3.544076703382562528e+02 3.628103330369986566e+02 3.341843634243272021e+01
3.016946501012731474e+01 3.544076703382562528e+02 3.628103330369986566e+02 3.341843634243272021e+01
3.219477132180805512e+01 3.726551473976332431e+02 3.119718179813997949e+02 3.252074058600040019e+01
3.219477132180805512e+01 3.726551473976332431e+02 3.119718179813997949e+02 3.252074058600040019e+01
3.219477132180805512e+01 3.726551473976332431e+02 3.119718179813997949e+02 3.252074058600040019e+01
3.219477132180805512e+01 3.726551473976332431e+02 3.119718179813997949e+02 3.252074058600040019e+01
3.219477132180805512e+01 3.726551473976332431e+02 3.119718179813997949e+02 3.252074058600040019e+01
3.219477132180805512e+01 3.726551473976332431e+02 3.119718179813997949e+02 3.252074058600040019e+01
3.219477132180805512e+01 3.726551473976332431e+02 3.119718179813997949e+02 3.252074058600040019e+01
3.219477132180805512e+01 3.726551473976332431e+02 3.119718179813997949e+02 3.252074058600040019e+01
3.219477132180805512e+01 3.726551473976332431e+02 3.119718179813997949e+02 3.252074058600040019e+01
3.219477132180805512e+01 3.726551473976332431e+02 3.119718179813997949e+02 3.252074058600040019e+01
3.219477132180805512e+01 3.726551473976332431e+02 3.119718179813997949e+02 3.252074058600040019e+01
3.219477132180805512e+01 3.726551473976332431e+02 3.119718179813997949e+02 3.252074058600040019e+01
3.219477132180805512e+01 3.726551473976332431e+02 3.119718179813997949e+02 3.252074058600040019e+01
3.219477132180805512e+01 3.726551473976332431e+02 3.119718179813997949e+02 3.252074058600040019e+01
3.365884177389077792e+01 3.458155303059999142e+02 3.014104312004505459e+02 3.241888348199980641e+01
3.365884177389077792e+01 3.458155303059999142e+02 3.014104312004505459e+02 3.241888348199980641e+01
3.365884177389077792e+01 3.458155303059999142e+02 3.014104312004505459e+02 3.241888348199980641e+01
3.365884177389077792e+01 3.458155303059999142e+02 3.014104312004505459e+02 3.241888348199980641e+01
3.365884177389077792e+01 3.458155303059999142e+02 3.014104312004505459e+02 3.241888348199980641e+01
3.365884177389077792e+01 3.458155303059999142e+02 3.014104312004505459e+02 3.241888348199980641e+01
3.365884177389077792e+01 3.458155303059999142e+02 3.014104312004505459e+02 3.241888348199980641e+01
3.186193244066270935e+01 3.562868591490813515e+02 2.979145444990704164e+02 2.878090281623570945e+01
3.186193244066270935e+01 3.562868591490813515e+02 2.979145444990704164e+02 2.878090281623570945e+01
3.186193244066270935e+01 3.562868591490813515e+02 2.979145444990704164e+02 2.878090281623570945e+01
3.186193244066270935e+01 3.562868591490813515e+02 2.979145444990704164e+02 2.878090281623570945e+01
3.186193244066270935e+01 3.562868591490813515e+02 2.979145444990704164e+02 2.878090281623570945e+01
3.186193244066270935e+01 3.562868591490813515e+02 2.979145444990704164e+02 2.878090281623570945e+01
3.186193244066270935e+01 3.562868591490813515e+02 2.979145444990704164e+02 2.878090281623570945e+01
3.186193244066270935e+01 3.562868591490813515e+02 2.979145444990704164e+02 2.878090281623570945e+01
3.186193244066270935e+01 3.562868591490813515e+02 2.979145444990704164e+02 2.878090281623570945e+01
3.186193244066270935e+01 3.562868591490813515e+02 2.979145444990704164e+02 2.878090281623570945e+01
3.186193244066270935e+01 3.562868591490813515e+02 2.979145444990704164e+02 2.878090281623570945e+01
3.186193244066270935e+01 3.562868591490813515e+02 2.979145444990704164e+02 2.878090281623570945e+01
3.186193244066270935e+01 3.562868591490813515e+02 2.979145444990704164e+02 2.878090281623570945e+01
3.186193244066270935e+01 3.562868591490813515e+02 2.979145444990704164e+02 2.878090281623570945e+01
3.186193244066270935e+01 3.562868591490813515e+02 2.979145444990704164e+02 2.878090281623570945e+01
3.186193244066270935e+01 3.562868591490813515e+02 2.979145444990704164e+02 2.878090281623570945e+01
3.186193244066270935e+01 3.562868591490813515e+02 2.979145444990704164e+02 2.878090281623570945e+01
3.186193244066270935e+01 3.562868591490813515e+02 2.979145444990704164e+02 2.878090281623570945e+01
3.186193244066270935e+01 3.562868591490813515e+02 2.979145444990704164e+02 2.878090281623570945e+01
3.186193244066270935e+01 3.562868591490813515e+02 2.979145444990704164e+02 2.878090281623570945e+01
3.186193244066270935e+01 3.562868591490813515e+02 2.979145444990704164e+02 2.878090281623570945e+01
3.186193244066270935e+01 3.562868591490813515e+02 2.979145444990704164e+02 2.878090281623570945e+01
3.186193244066270935e+01 3.562868591490813515e+02 2.979145444990704164e+02 2.878090281623570945e+01
3.186193244066270935e+01 3.562868591490813515e+02 2.979145444990704164e+02 2.878090281623570945e+01
3.186193244066270935e+01 3.562868591490813515e+02 2.979145444990704164e+02 2.878090281623570945e+01
3.186193244066270935e+01 3.562868591490813515e+02 2.979145444990704164e+02 2.878090281623570945e+01
3.186193244066270935e+01 3.562868591490813515e+02 2.979145444990704164e+02 2.878090281623570945e+01
3.186193244066270935e+01 3.562868591490813515e+02 2.979145444990704164e+02 2.878090281623570945e+01
3.186193244066270935e+01 3.562868591490813515e+02 2.979145444990704164e+02 2.878090281623570945e+01
3.186193244066270935e+01 3.562868591490813515e+02 2.979145444990704164e+02 2.878090281623570945e+01
3.186193244066270935e+01 3.562868591490813515e+02 2.979145444990704164e+02 2.878090281623570945e+01
3.186193244066270935e+01 3.562868591490813515e+02 2.979145444990704164e+02 2.878090281623570945e+01
3.186193244066270935e+01 3.562868591490813515e+02 2.979145444990704164e+02 2.878090281623570945e+01
3.186193244066270935e+01 3.562868591490813515e+02 2.979145444990704164e+02 2.878090281623570945e+01
3.186193244066270935e+01 3.562868591490813515e+02 2.979145444990704164e+02 2.878090281623570945e+01
3.186193244066270935e+01 3.562868591490813515e+02 2.979145444990704164e+02 2.878090281623570945e+01
3.186193244066270935e+01 3.562868591490813515e+02 2.979145444990704164e+02 2.878090281623570945e+01
3.186193244066270935e+01 3.562868591490813515e+02 2.979145444990704164e+02 2.878090281623570945e+01
3.186193244066270935e+01 3.562868591490813515e+02 2.979145444990704164e+02 2.878090281623570945e+01
3.186193244066270935e+01 3.562868591490813515e+02 2.979145444990704164e+02 2.878090281623570945e+01
3.186193244066270935e+01 3.562868591490813515e+02 2.979145444990704164e+02 2.878090281623570945e+01
3.186193244066270935e+01 3.562868591490813515e+02 2.979145444990704164e+02 2.878090281623570945e+01
3.186193244066270935e+01 3.562868591490813515e+02 2.979145444990704164e+02 2.878090281623570945e+01
2.898461653064592980e+01 3.591166249394820511e+02 3.015158826943750228e+02 2.702758008881902185e+01
2.898461653064592980e+01 3.591166249394820511e+02 3.015158826943750228e+02 2.702758008881902185e+01
2.898461653064592980e+01 3.591166249394820511e+02 3.015158826943750228e+02 2.702758008881902185e+01
2.898461653064592980e+01 3.591166249394820511e+02 3.015158826943750228e+02 2.702758008881902185e+01
2.898461653064592980e+01 3.591166249394820511e+02 3.015158826943750228e+02 2.702758008881902185e+01
2.898461653064592980e+01 3.591166249394820511e+02 3.015158826943750228e+02 2.702758008881902185e+01
2.898461653064592980e+01 3.591166249394820511e+02 3.015158826943750228e+02 2.702758008881902185e+01
2.898461653064592980e+01 3.591166249394820511e+02 3.015158826943750228e+02 2.702758008881902185e+01
2.898461653064592980e+01 3.591166249394820511e+02 3.015158826943750228e+02 2.702758008881902185e+01
2.898461653064592980e+01 3.591166249394820511e+02 3.015158826943750228e+02 2.702758008881902185e+01
2.898461653064592980e+01 3.591166249394820511e+02 3.015158826943750228e+02 2.702758008881902185e+01
2.898461653064592980e+01 3.591166249394820511e+02 3.015158826943750228e+02 2.702758008881902185e+01
2.898461653064592980e+01 3.591166249394820511e+02 3.015158826943750228e+02 2.702758008881902185e+01
2.898461653064592980e+01 3.591166249394820511e+02 3.015158826943750228e+02 2.702758008881902185e+01
2.898461653064592980e+01 3.591166249394820511e+02 3.015158826943750228e+02 2.702758008881902185e+01
2.898461653064592980e+01 3.591166249394820511e+02 3.015158826943750228e+02 2.702758008881902185e+01
2.898461653064592980e+01 3.591166249394820511e+02 3.015158826943750228e+02 2.702758008881902185e+01
2.898461653064592980e+01 3.591166249394820511e+02 3.015158826943750228e+02 2.702758008881902185e+01
2.898461653064592980e+01 3.591166249394820511e+02 3.015158826943750228e+02 2.702758008881902185e+01
2.898461653064592980e+01 3.591166249394820511e+02 3.015158826943750228e+02 2.702758008881902185e+01
2.898461653064592980e+01 3.591166249394820511e+02 3.015158826943750228e+02 2.702758008881902185e+01
2.898461653064592980e+01 3.591166249394820511e+02 3.015158826943750228e+02 2.702758008881902185e+01
2.898461653064592980e+01 3.591166249394820511e+02 3.015158826943750228e+02 2.702758008881902185e+01
2.898461653064592980e+01 3.591166249394820511e+02 3.015158826943750228e+02 2.702758008881902185e+01
2.898461653064592980e+01 3.591166249394820511e+02 3.015158826943750228e+02 2.702758008881902185e+01
2.898461653064592980e+01 3.591166249394820511e+02 3.015158826943750228e+02 2.702758008881902185e+01
2.898461653064592980e+01 3.591166249394820511e+02 3.015158826943750228e+02 2.702758008881902185e+01
2.898461653064592980e+01 3.591166249394820511e+02 3.015158826943750228e+02 2.702758008881902185e+01
2.898461653064592980e+01 3.591166249394820511e+02 3.015158826943750228e+02 2.702758008881902185e+01
2.898461653064592980e+01 3.591166249394820511e+02 3.015158826943750228e+02 2.702758008881902185e+01
2.898461653064592980e+01 3.591166249394820511e+02 3.015158826943750228e+02 2.702758008881902185e+01
2.898461653064592980e+01 3.591166249394820511e+02 3.015158826943750228e+02 2.702758008881902185e+01
2.898461653064592980e+01 3.591166249394820511e+02 3.015158826943750228e+02 2.702758008881902185e+01
2.898461653064592980e+01 3.591166249394820511e+02 3.015158826943750228e+02 2.702758008881902185e+01
2.898461653064592980e+01 3.591166249394820511e+02 3.015158826943750228e+02 2.702758008881902185e+01
2.898461653064592980e+01 3.591166249394820511e+02 3.015158826943750228e+02 2.702758008881902185e+01
2.898461653064592980e+01 3.591166249394820511e+02 3.015158826943750228e+02 2.702758008881902185e+01
2.898461653064592980e+01 3.591166249394820511e+02 3.015158826943750228e+02 2.702758008881902185e+01
2.898461653064592980e+01 3.591166249394820511e+02 3.015158826943750228e+02 2.702758008881902185e+01
2.898461653064592980e+01 3.591166249394820511e+02 3.015158826943750228e+02 2.702758008881902185e+01
2.898461653064592980e+01 3.591166249394820511e+02 3.015158826943750228e+02 2.702758008881902185e+01
2.898461653064592980e+01 3.591166249394820511e+02 3.015158826943750228e+02 2.702758008881902185e+01
2.898461653064592980e+01 3.591166249394820511e+02 3.015158826943750228e+02 2.702758008881902185e+01
2.898461653064592980e+01 3.591166249394820511e+02 3.015158826943750228e+02 2.702758008881902185e+01
2.898461653064592980e+01 3.591166249394820511e+02 3.015158826943750228e+02 2.702758008881902185e+01
2.898461653064592980e+01 3.591166249394820511e+02 3.015158826943750228e+02 2.702758008881902185e+01
2.898461653064592980e+01 3.591166249394820511e+02 3.015158826943750228e+02 2.702758008881902185e+01
2.898461653064592980e+01 3.591166249394820511e+02 3.015158826943750228e+02 2.702758008881902185e+01
2.898461653064592980e+01 3.591166249394820511e+02 3.015158826943750228e+02 2.702758008881902185e+01
2.898461653064592980e+01 3.591166249394820511e+02 3.015158826943750228e+02 2.702758008881902185e+01
2.898461653064592980e+01 3.591166249394820511e+02 3.015158826943750228e+02 2.702758008881902185e+01
2.898461653064592980e+01 3.591166249394820511e+02 3.015158826943750228e+02 2.702758008881902185e+01
2.898461653064592980e+01 3.591166249394820511e+02 3.015158826943750228e+02 2.702758008881902185e+01
2.898461653064592980e+01 3.591166249394820511e+02 3.015158826943750228e+02 2.702758008881902185e+01
2.898461653064592980e+01 3.591166249394820511e+02 3.015158826943750228e+02 2.702758008881902185e+01
2.898461653064592980e+01 3.591166249394820511e+02 3.015158826943750228e+02 2.702758008881902185e+01
2.898461653064592980e+01 3.591166249394820511e+02 3.015158826943750228e+02 2.702758008881902185e+01
2.898461653064592980e+01 3.591166249394820511e+02 3.015158826943750228e+02 2.702758008881902185e+01
2.898461653064592980e+01 3.591166249394820511e+02 3.015158826943750228e+02 2.702758008881902185e+01
2.898461653064592980e+01 3.591166249394820511e+02 3.015158826943750228e+02 2.702758008881902185e+01
2.898461653064592980e+01 3.591166249394820511e+02 3.015158826943750228e+02 2.702758008881902185e+01
2.898461653064592980e+01 3.591166249394820511e+02 3.015158826943750228e+02 2.702758008881902185e+01
2.898461653064592980e+01 3.591166249394820511e+02 3.015158826943750228e+02 2.702758008881902185e+01
2.898461653064592980e+01 3.591166249394820511e+02 3.015158826943750228e+02 2.702758008881902185e+01
2.898461653064592980e+01 3.591166249394820511e+02 3.015158826943750228e+02 2.702758008881902185e+01
2.898461653064592980e+01 3.591166249394820511e+02 3.015158826943750228e+02 2.702758008881902185e+01
2.898461653064592980e+01 3.591166249394820511e+02 3.015158826943750228e+02 2.702758008881902185e+01
2.898461653064592980e+01 3.591166249394820511e+02 3.015158826943750228e+02 2.702758008881902185e+01
2.898461653064592980e+01 3.591166249394820511e+02 3.015158826943750228e+02 2.702758008881902185e+01
2.898461653064592980e+01 3.591166249394820511e+02 3.015158826943750228e+02 2.702758008881902185e+01
2.898461653064592980e+01 3.591166249394820511e+02 3.015158826943750228e+02 2.702758008881902185e+01
2.898461653064592980e+01 3.591166249394820511e+02 3.015158826943750228e+02 2.702758008881902185e+01
2.898461653064592980e+01 3.591166249394820511e+02 3.015158826943750228e+02 2.702758008881902185e+01
2.898461653064592980e+01 3.591166249394820511e+02 3.015158826943750228e+02 2.702758008881902185e+01
2.898461653064592980e+01 3.591166249394820511e+02 3.015158826943750228e+02 2.702758008881902185e+01
2.898461653064592980e+01 3.591166249394820511e+02 3.015158826943750228e+02 2.702758008881902185e+01
2.898461653064592980e+01 3.591166249394820511e+02 3.015158826943750228e+02 2.702758008881902185e+01
2.898461653064592980e+01 3.591166249394820511e+02 3.015158826943750228e+02 2.702758008881902185e+01
2.898461653064592980e+01 3.591166249394820511e+02 3.015158826943750228e+02 2.702758008881902185e+01
2.898461653064592980e+01 3.591166249394820511e+02 3.015158826943750228e+02 2.702758008881902185e+01
2.898461653064592980e+01 3.591166249394820511e+02 3.015158826943750228e+02 2.702758008881902185e+01
2.898461653064592980e+01 3.591166249394820511e+02 3.015158826943750228e+02 2.702758008881902185e+01
2.898461653064592980e+01 3.591166249394820511e+02 3.015158826943750228e+02 2.702758008881902185e+01
2.898461653064592980e+01 3.591166249394820511e+02 3.015158826943750228e+02 2.702758008881902185e+01
2.898461653064592980e+01 3.591166249394820511e+02 3.015158826943750228e+02 2.702758008881902185e+01
2.898461653064592980e+01 3.591166249394820511e+02 3.015158826943750228e+02 2.702758008881902185e+01
2.898461653064592980e+01 3.591166249394820511e+02 3.015158826943750228e+02 2.702758008881902185e+01
2.898461653064592980e+01 3.591166249394820511e+02 3.015158826943750228e+02 2.702758008881902185e+01
2.898461653064592980e+01 3.591166249394820511e+02 3.015158826943750228e+02 2.702758008881902185e+01
2.898461653064592980e+01 3.591166249394820511e+02 3.015158826943750228e+02 2.702758008881902185e+01
2.898461653064592980e+01 3.591166249394820511e+02 3.015158826943750228e+02 2.702758008881902185e+01
2.898461653064592980e+01 3.591166249394820511e+02 3.015158826943750228e+02 2.702758008881902185e+01
2.898461653064592980e+01 3.591166249394820511e+02 3.015158826943750228e+02 2.702758008881902185e+01
2.898461653064592980e+01 3.591166249394820511e+02 3.015158826943750228e+02 2.702758008881902185e+01
2.898461653064592980e+01 3.591166249394820511e+02 3.015158826943750228e+02 2.702758008881902185e+01
2.898461653064592980e+01 3.591166249394820511e+02 3.015158826943750228e+02 2.702758008881902185e+01
2.898461653064592980e+01 3.591166249394820511e+02 3.015158826943750228e+02 2.702758008881902185e+01
2.898461653064592980e+01 3.591166249394820511e+02 3.015158826943750228e+02 2.702758008881902185e+01
2.898461653064592980e+01 3.591166249394820511e+02 3.015158826943750228e+02 2.702758008881902185e+01
2.898461653064592980e+01 3.591166249394820511e+02 3.015158826943750228e+02 2.702758008881902185e+01
2.898461653064592980e+01 3.591166249394820511e+02 3.015158826943750228e+02 2.702758008881902185e+01
2.898461653064592980e+01 3.591166249394820511e+02 3.015158826943750228e+02 2.702758008881902185e+01
2.898461653064592980e+01 3.591166249394820511e+02 3.015158826943750228e+02 2.702758008881902185e+01
2.898461653064592980e+01 3.591166249394820511e+02 3.015158826943750228e+02 2.702758008881902185e+01
2.898461653064592980e+01 3.591166249394820511e+02 3.015158826943750228e+02 2.702758008881902185e+01
2.898461653064592980e+01 3.591166249394820511e+02 3.015158826943750228e+02 2.702758008881902185e+01
2.898461653064592980e+01 3.591166249394820511e+02 3.015158826943750228e+02 2.702758008881902185e+01
2.898461653064592980e+01 3.591166249394820511e+02 3.015158826943750228e+02 2.702758008881902185e+01
2.898461653064592980e+01 3.591166249394820511e+02 3.015158826943750228e+02 2.702758008881902185e+01
2.898461653064592980e+01 3.591166249394820511e+02 3.015158826943750228e+02 2.702758008881902185e+01
2.898461653064592980e+01 3.591166249394820511e+02 3.015158826943750228e+02 2.702758008881902185e+01
2.898461653064592980e+01 3.591166249394820511e+02 3.015158826943750228e+02 2.702758008881902185e+01
2.898461653064592980e+01 3.591166249394820511e+02 3.015158826943750228e+02 2.702758008881902185e+01
2.898461653064592980e+01 3.591166249394820511e+02 3.015158826943750228e+02 2.702758008881902185e+01
2.898461653064592980e+01 3.591166249394820511e+02 3.015158826943750228e+02 2.702758008881902185e+01
2.898461653064592980e+01 3.591166249394820511e+02 3.015158826943750228e+02 2.702758008881902185e+01
2.898461653064592980e+01 3.591166249394820511e+02 3.015158826943750228e+02 2.702758008881902185e+01
2.898461653064592980e+01 3.591166249394820511e+02 3.015158826943750228e+02 2.702758008881902185e+01
2.898461653064592980e+01 3.591166249394820511e+02 3.015158826943750228e+02 2.702758008881902185e+01
2.898461653064592980e+01 3.591166249394820511e+02 3.015158826943750228e+02 2.702758008881902185e+01
2.898461653064592980e+01 3.591166249394820511e+02 3.015158826943750228e+02 2.702758008881902185e+01
2.898461653064592980e+01 3.591166249394820511e+02 3.015158826943750228e+02 2.702758008881902185e+01
2.898461653064592980e+01 3.591166249394820511e+02 3.015158826943750228e+02 2.702758008881902185e+01
2.898461653064592980e+01 3.591166249394820511e+02 3.015158826943750228e+02 2.702758008881902185e+01
2.898461653064592980e+01 3.591166249394820511e+02 3.015158826943750228e+02 2.702758008881902185e+01
2.898461653064592980e+01 3.591166249394820511e+02 3.015158826943750228e+02 2.702758008881902185e+01
2.898461653064592980e+01 3.591166249394820511e+02 3.015158826943750228e+02 2.702758008881902185e+01
2.898461653064592980e+01 3.591166249394820511e+02 3.015158826943750228e+02 2.702758008881902185e+01
2.898461653064592980e+01 3.591166249394820511e+02 3.015158826943750228e+02 2.702758008881902185e+01
2.898461653064592980e+01 3.591166249394820511e+02 3.015158826943750228e+02 2.702758008881902185e+01
2.898461653064592980e+01 3.591166249394820511e+02 3.015158826943750228e+02 2.702758008881902185e+01
2.898461653064592980e+01 3.591166249394820511e+02 3.015158826943750228e+02 2.702758008881902185e+01
2.898461653064592980e+01 3.591166249394820511e+02 3.015158826943750228e+02 2.702758008881902185e+01
2.898461653064592980e+01 3.591166249394820511e+02 3.015158826943750228e+02 2.702758008881902185e+01
2.898461653064592980e+01 3.591166249394820511e+02 3.015158826943750228e+02 2.702758008881902185e+01
2.898461653064592980e+01 3.591166249394820511e+02 3.015158826943750228e+02 2.702758008881902185e+01
2.898461653064592980e+01 3.591166249394820511e+02 3.015158826943750228e+02 2.702758008881902185e+01
2.898461653064592980e+01 3.591166249394820511e+02 3.015158826943750228e+02 2.702758008881902185e+01
2.898461653064592980e+01 3.591166249394820511e+02 3.015158826943750228e+02 2.702758008881902185e+01
2.898461653064592980e+01 3.591166249394820511e+02 3.015158826943750228e+02 2.702758008881902185e+01
2.898461653064592980e+01 3.591166249394820511e+02 3.015158826943750228e+02 2.702758008881902185e+01
2.898461653064592980e+01 3.591166249394820511e+02 3.015158826943750228e+02 2.702758008881902185e+01
2.898461653064592980e+01 3.591166249394820511e+02 3.015158826943750228e+02 2.702758008881902185e+01
2.898461653064592980e+01 3.591166249394820511e+02 3.015158826943750228e+02 2.702758008881902185e+01
2.898461653064592980e+01 3.591166249394820511e+02 3.015158826943750228e+02 2.702758008881902185e+01
2.898461653064592980e+01 3.591166249394820511e+02 3.015158826943750228e+02 2.702758008881902185e+01
2.898461653064592980e+01 3.591166249394820511e+02 3.015158826943750228e+02 2.702758008881902185e+01
2.898461653064592980e+01 3.591166249394820511e+02 3.015158826943750228e+02 2.702758008881902185e+01
2.898461653064592980e+01 3.591166249394820511e+02 3.015158826943750228e+02 2.702758008881902185e+01
2.898461653064592980e+01 3.591166249394820511e+02 3.015158826943750228e+02 2.702758008881902185e+01
2.898461653064592980e+01 3.591166249394820511e+02 3.015158826943750228e+02 2.702758008881902185e+01
2.898461653064592980e+01 3.591166249394820511e+02 3.015158826943750228e+02 2.702758008881902185e+01
2.898461653064592980e+01 3.591166249394820511e+02 3.015158826943750228e+02 2.702758008881902185e+01
2.898461653064592980e+01 3.591166249394820511e+02 3.015158826943750228e+02 2.702758008881902185e+01
2.898461653064592980e+01 3.591166249394820511e+02 3.015158826943750228e+02 2.702758008881902185e+01
2.898461653064592980e+01 3.591166249394820511e+02 3.015158826943750228e+02 2.702758008881902185e+01
2.898461653064592980e+01 3.591166249394820511e+02 3.015158826943750228e+02 2.702758008881902185e+01
2.898461653064592980e+01 3.591166249394820511e+02 3.015158826943750228e+02 2.702758008881902185e+01
2.898461653064592980e+01 3.591166249394820511e+02 3.015158826943750228e+02 2.702758008881902185e+01
2.898461653064592980e+01 3.591166249394820511e+02 3.015158826943750228e+02 2.702758008881902185e+01
2.898461653064592980e+01 3.591166249394820511e+02 3.015158826943750228e+02 2.702758008881902185e+01
2.898461653064592980e+01 3.591166249394820511e+02 3.015158826943750228e+02 2.702758008881902185e+01
2.898461653064592980e+01 3.591166249394820511e+02 3.015158826943750228e+02 2.702758008881902185e+01
2.898461653064592980e+01 3.591166249394820511e+02 3.015158826943750228e+02 2.702758008881902185e+01
2.898461653064592980e+01 3.591166249394820511e+02 3.015158826943750228e+02 2.702758008881902185e+01
2.898461653064592980e+01 3.591166249394820511e+02 3.015158826943750228e+02 2.702758008881902185e+01
2.898461653064592980e+01 3.591166249394820511e+02 3.015158826943750228e+02 2.702758008881902185e+01
2.898461653064592980e+01 3.591166249394820511e+02 3.015158826943750228e+02 2.702758008881902185e+01
2.898461653064592980e+01 3.591166249394820511e+02 3.015158826943750228e+02 2.702758008881902185e+01
2.898461653064592980e+01 3.591166249394820511e+02 3.015158826943750228e+02 2.702758008881902185e+01
2.898461653064592980e+01 3.591166249394820511e+02 3.015158826943750228e+02 2.702758008881902185e+01
2.898461653064592980e+01 3.591166249394820511e+02 3.015158826943750228e+02 2.702758008881902185e+01
2.898461653064592980e+01 3.591166249394820511e+02 3.015158826943750228e+02 2.702758008881902185e+01
2.898461653064592980e+01 3.591166249394820511e+02 3.015158826943750228e+02 2.702758008881902185e+01
2.898461653064592980e+01 3.591166249394820511e+02 3.015158826943750228e+02 2.702758008881902185e+01
2.898461653064592980e+01 3.591166249394820511e+02 3.015158826943750228e+02 2.702758008881902185e+01
2.898461653064592980e+01 3.591166249394820511e+02 3.015158826943750228e+02 2.702758008881902185e+01
2.898461653064592980e+01 3.591166249394820511e+02 3.015158826943750228e+02 2.702758008881902185e+01
2.898461653064592980e+01 3.591166249394820511e+02 3.015158826943750228e+02 2.702758008881902185e+01
2.898461653064592980e+01 3.591166249394820511e+02 3.015158826943750228e+02 2.702758008881902185e+01
2.898461653064592980e+01 3.591166249394820511e+02 3.015158826943750228e+02 2.702758008881902185e+01
2.898461653064592980e+01 3.591166249394820511e+02 3.015158826943750228e+02 2.702758008881902185e+01
2.898461653064592980e+01 3.591166249394820511e+02 3.015158826943750228e+02 2.702758008881902185e+01
2.898461653064592980e+01 3.591166249394820511e+02 3.015158826943750228e+02 2.702758008881902185e+01
2.898461653064592980e+01 3.591166249394820511e+02 3.015158826943750228e+02 2.702758008881902185e+01
2.898461653064592980e+01 3.591166249394820511e+02 3.015158826943750228e+02 2.702758008881902185e+01
2.898461653064592980e+01 3.591166249394820511e+02 3.015158826943750228e+02 2.702758008881902185e+01
2.898461653064592980e+01 3.591166249394820511e+02 3.015158826943750228e+02 2.702758008881902185e+01
2.898461653064592980e+01 3.591166249394820511e+02 3.015158826943750228e+02 2.702758008881902185e+01
2.898461653064592980e+01 3.591166249394820511e+02 3.015158826943750228e+02 2.702758008881902185e+01
2.898461653064592980e+01 3.591166249394820511e+02 3.015158826943750228e+02 2.702758008881902185e+01
2.898461653064592980e+01 3.591166249394820511e+02 3.015158826943750228e+02 2.702758008881902185e+01
2.898461653064592980e+01 3.591166249394820511e+02 3.015158826943750228e+02 2.702758008881902185e+01
2.898461653064592980e+01 3.591166249394820511e+02 3.015158826943750228e+02 2.702758008881902185e+01
2.898461653064592980e+01 3.591166249394820511e+02 3.015158826943750228e+02 2.702758008881902185e+01
2.898461653064592980e+01 3.591166249394820511e+02 3.015158826943750228e+02 2.702758008881902185e+01
2.898461653064592980e+01 3.591166249394820511e+02 3.015158826943750228e+02 2.702758008881902185e+01
2.898461653064592980e+01 3.591166249394820511e+02 3.015158826943750228e+02 2.702758008881902185e+01
2.898461653064592980e+01 3.591166249394820511e+02 3.015158826943750228e+02 2.702758008881902185e+01
2.898461653064592980e+01 3.591166249394820511e+02 3.015158826943750228e+02 2.702758008881902185e+01
2.898461653064592980e+01 3.591166249394820511e+02 3.015158826943750228e+02 2.702758008881902185e+01
2.898461653064592980e+01 3.591166249394820511e+02 3.015158826943750228e+02 2.702758008881902185e+01
2.898461653064592980e+01 3.591166249394820511e+02 3.015158826943750228e+02 2.702758008881902185e+01
2.898461653064592980e+01 3.591166249394820511e+02 3.015158826943750228e+02 2.702758008881902185e+01
2.898461653064592980e+01 3.591166249394820511e+02 3.015158826943750228e+02 2.702758008881902185e+01
2.898461653064592980e+01 3.591166249394820511e+02 3.015158826943750228e+02 2.702758008881902185e+01
2.898461653064592980e+01 3.591166249394820511e+02 3.015158826943750228e+02 2.702758008881902185e+01
2.898461653064592980e+01 3.591166249394820511e+02 3.015158826943750228e+02 2.702758008881902185e+01
2.898461653064592980e+01 3.591166249394820511e+02 3.015158826943750228e+02 2.702758008881902185e+01
2.898461653064592980e+01 3.591166249394820511e+02 3.015158826943750228e+02 2.702758008881902185e+01
2.898461653064592980e+01 3.591166249394820511e+02 3.015158826943750228e+02 2.702758008881902185e+01
2.898461653064592980e+01 3.591166249394820511e+02 3.015158826943750228e+02 2.702758008881902185e+01
2.898461653064592980e+01 3.591166249394820511e+02 3.015158826943750228e+02 2.702758008881902185e+01
2.898461653064592980e+01 3.591166249394820511e+02 3.015158826943750228e+02 2.702758008881902185e+01
2.898461653064592980e+01 3.591166249394820511e+02 3.015158826943750228e+02 2.702758008881902185e+01
2.898461653064592980e+01 3.591166249394820511e+02 3.015158826943750228e+02 2.702758008881902185e+01
2.898461653064592980e+01 3.591166249394820511e+02 3.015158826943750228e+02 2.702758008881902185e+01
2.898461653064592980e+01 3.591166249394820511e+02 3.015158826943750228e+02 2.702758008881902185e+01
2.898461653064592980e+01 3.591166249394820511e+02 3.015158826943750228e+02 2.702758008881902185e+01
2.898461653064592980e+01 3.591166249394820511e+02 3.015158826943750228e+02 2.702758008881902185e+01
2.898461653064592980e+01 3.591166249394820511e+02 3.015158826943750228e+02 2.702758008881902185e+01
2.898461653064592980e+01 3.591166249394820511e+02 3.015158826943750228e+02 2.702758008881902185e+01
2.898461653064592980e+01 3.591166249394820511e+02 3.015158826943750228e+02 2.702758008881902185e+01
2.898461653064592980e+01 3.591166249394820511e+02 3.015158826943750228e+02 2.702758008881902185e+01
2.898461653064592980e+01 3.591166249394820511e+02 3.015158826943750228e+02 2.702758008881902185e+01
2.898461653064592980e+01 3.591166249394820511e+02 3.015158826943750228e+02 2.702758008881902185e+01
2.898461653064592980e+01 3.591166249394820511e+02 3.015158826943750228e+02 2.702758008881902185e+01
2.898461653064592980e+01 3.591166249394820511e+02 3.015158826943750228e+02 2.702758008881902185e+01
2.898461653064592980e+01 3.591166249394820511e+02 3.015158826943750228e+02 2.702758008881902185e+01
2.898461653064592980e+01 3.591166249394820511e+02 3.015158826943750228e+02 2.702758008881902185e+01
2.898461653064592980e+01 3.591166249394820511e+02 3.015158826943750228e+02 2.702758008881902185e+01
2.898461653064592980e+01 3.591166249394820511e+02 3.015158826943750228e+02 2.702758008881902185e+01
2.898461653064592980e+01 3.591166249394820511e+02 3.015158826943750228e+02 2.702758008881902185e+01
2.898461653064592980e+01 3.591166249394820511e+02 3.015158826943750228e+02 2.702758008881902185e+01
2.898461653064592980e+01 3.591166249394820511e+02 3.015158826943750228e+02 2.702758008881902185e+01
2.898461653064592980e+01 3.591166249394820511e+02 3.015158826943750228e+02 2.702758008881902185e+01
2.898461653064592980e+01 3.591166249394820511e+02 3.015158826943750228e+02 2.702758008881902185e+01
2.898461653064592980e+01 3.591166249394820511e+02 3.015158826943750228e+02 2.702758008881902185e+01
2.898461653064592980e+01 3.591166249394820511e+02 3.015158826943750228e+02 2.702758008881902185e+01
2.898461653064592980e+01 3.591166249394820511e+02 3.015158826943750228e+02 2.702758008881902185e+01
2.898461653064592980e+01 3.591166249394820511e+02 3.015158826943750228e+02 2.702758008881902185e+01
2.898461653064592980e+01 3.591166249394820511e+02 3.015158826943750228e+02 2.702758008881902185e+01
2.898461653064592980e+01 3.591166249394820511e+02 3.015158826943750228e+02 2.702758008881902185e+01
2.898461653064592980e+01 3.591166249394820511e+02 3.015158826943750228e+02 2.702758008881902185e+01
2.898461653064592980e+01 3.591166249394820511e+02 3.015158826943750228e+02 2.702758008881902185e+01
2.898461653064592980e+01 3.591166249394820511e+02 3.015158826943750228e+02 2.702758008881902185e+01
2.898461653064592980e+01 3.591166249394820511e+02 3.015158826943750228e+02 2.702758008881902185e+01
2.898461653064592980e+01 3.591166249394820511e+02 3.015158826943750228e+02 2.702758008881902185e+01
2.898461653064592980e+01 3.591166249394820511e+02 3.015158826943750228e+02 2.702758008881902185e+01
2.898461653064592980e+01 3.591166249394820511e+02 3.015158826943750228e+02 2.702758008881902185e+01
2.898461653064592980e+01 3.591166249394820511e+02 3.015158826943750228e+02 2.702758008881902185e+01
2.898461653064592980e+01 3.591166249394820511e+02 3.015158826943750228e+02 2.702758008881902185e+01
2.898461653064592980e+01 3.591166249394820511e+02 3.015158826943750228e+02 2.702758008881902185e+01
2.898461653064592980e+01 3.591166249394820511e+02 3.015158826943750228e+02 2.702758008881902185e+01
2.898461653064592980e+01 3.591166249394820511e+02 3.015158826943750228e+02 2.702758008881902185e+01
2.898461653064592980e+01 3.591166249394820511e+02 3.015158826943750228e+02 2.702758008881902185e+01
2.898461653064592980e+01 3.591166249394820511e+02 3.015158826943750228e+02 2.702758008881902185e+01
2.898461653064592980e+01 3.591166249394820511e+02 3.015158826943750228e+02 2.702758008881902185e+01
2.898461653064592980e+01 3.591166249394820511e+02 3.015158826943750228e+02 2.702758008881902185e+01
2.898461653064592980e+01 3.591166249394820511e+02 3.015158826943750228e+02 2.702758008881902185e+01
2.898461653064592980e+01 3.591166249394820511e+02 3.015158826943750228e+02 2.702758008881902185e+01
2.898461653064592980e+01 3.591166249394820511e+02 3.015158826943750228e+02 2.702758008881902185e+01
2.898461653064592980e+01 3.591166249394820511e+02 3.015158826943750228e+02 2.702758008881902185e+01
2.898461653064592980e+01 3.591166249394820511e+02 3.015158826943750228e+02 2.702758008881902185e+01
