7.963500633290175756e+03 1.448324328666520523e+04 3.020646170539333485e+06 2.482584326959593568e+01
7.963500633290175756e+03 1.448324328666520523e+04 3.020646170539333485e+06 2.482584326959593568e+01
7.963500633290175756e+03 1.448324328666520523e+04 3.020646170539333485e+06 2.482584326959593568e+01
7.868106808752974757e+03 1.439582497249027801e+04 2.978699640645855572e+06 2.482584326959593568e+01
7.868106808752974757e+03 1.439582497249027801e+04 2.978699640645855572e+06 2.482584326959593568e+01
7.868106808752974757e+03 1.439582497249027801e+04 2.978699640645855572e+06 2.482584326959593568e+01
8.208911053643034393e+03 4.325446764102594898e+03 2.992968290666738991e+06 2.482584326959593568e+01
8.208911053643034393e+03 4.325446764102594898e+03 2.992968290666738991e+06 2.482584326959593568e+01
7.965037329449150093e+03 4.121526296298269699e+03 2.935884623929273337e+06 2.482584326959593568e+01
7.260153512042795228e+03 3.569378034215243133e+03 2.665479079831033945e+06 2.482584326959593568e+01
7.260153512042795228e+03 3.569378034215243133e+03 2.665479079831033945e+06 2.482584326959593568e+01
7.239781450441101697e+03 3.476062149607756055e+03 2.660608801570820156e+06 2.482584326959593568e+01
7.239781450441101697e+03 3.476062149607756055e+03 2.660608801570820156e+06 2.482584326959593568e+01
7.239781450441101697e+03 3.476062149607756055e+03 2.660608801570820156e+06 2.482584326959593568e+01
7.102766386933520153e+03 3.425735988414490294e+03 2.627785708118547220e+06 2.482584326959593568e+01
6.903110066589953931e+03 3.315959597483587913e+03 2.626022707159215119e+06 2.482584326959593568e+01
6.854481418463560658e+03 3.282290505119410227e+03 2.584995340073231142e+06 2.482584326959593568e+01
6.854481418463560658e+03 3.282290505119410227e+03 2.584995340073231142e+06 2.482584326959593568e+01
6.854481418463560658e+03 3.282290505119410227e+03 2.584995340073231142e+06 2.482584326959593568e+01
6.196193410836905969e+03 3.029803116002186471e+03 2.369775484615616500e+06 2.482584326959593568e+01
5.972050007177644147e+03 2.869606446189725375e+03 2.291020358746333979e+06 2.482584326959593568e+01
5.972050007177644147e+03 2.869606446189725375e+03 2.291020358746333979e+06 2.482584326959593568e+01
5.746644487943607601e+03 2.781807532559284937e+03 2.210028594991480466e+06 2.482584326959593568e+01
5.746644487943607601e+03 2.781807532559284937e+03 2.210028594991480466e+06 2.482584326959593568e+01
5.758460581046881998e+03 2.738692641092509803e+03 2.208629707212460693e+06 2.482584326959593568e+01
5.758460581046881998e+03 2.738692641092509803e+03 2.208629707212460693e+06 2.482584326959593568e+01
5.758460581046881998e+03 2.738692641092509803e+03 2.208629707212460693e+06 2.482584326959593568e+01
5.758460581046881998e+03 2.738692641092509803e+03 2.208629707212460693e+06 2.482584326959593568e+01
5.758460581046881998e+03 2.738692641092509803e+03 2.208629707212460693e+06 2.482584326959593568e+01
5.683879743070116092e+03 2.713948725176619973e+03 2.199414906551827677e+06 2.482584326959593568e+01
3.833179798222909994e+03 1.849998641689225224e+03 1.720213724973175442e+06 2.482584326959593568e+01
3.676199594859302579e+03 1.806078899854177735e+03 1.693072745129532181e+06 2.482584326959593568e+01
3.676199594859302579e+03 1.806078899854177735e+03 1.693072745129532181e+06 2.482584326959593568e+01
3.676199594859302579e+03 1.806078899854177735e+03 1.693072745129532181e+06 2.482584326959593568e+01
3.689190776468620697e+03 1.795239180293281152e+03 1.677902744622870581e+06 2.482584326959593568e+01
2.186612994853132022e+03 1.069974414889506988e+03 1.188651044777628733e+06 2.482584326959593568e+01
2.186612994853132022e+03 1.069974414889506988e+03 1.188651044777628733e+06 2.482584326959593568e+01
2.186612994853132022e+03 1.069974414889506988e+03 1.188651044777628733e+06 2.482584326959593568e+01
2.186612994853132022e+03 1.069974414889506988e+03 1.188651044777628733e+06 2.482584326959593568e+01
2.010384676488853529e+03 9.918347359109637864e+02 1.122081633949380368e+06 2.482584326959593568e+01
2.010384676488853529e+03 9.918347359109637864e+02 1.122081633949380368e+06 2.482584326959593568e+01
2.010384676488853529e+03 9.918347359109637864e+02 1.122081633949380368e+06 2.482584326959593568e+01
2.010384676488853529e+03 9.918347359109637864e+02 1.122081633949380368e+06 2.482584326959593568e+01
2.010384676488853529e+03 9.918347359109637864e+02 1.122081633949380368e+06 2.482584326959593568e+01
1.984350905440559245e+03 9.895276202685188309e+02 1.105290079645587364e+06 2.482584326959593568e+01
1.953487732257054404e+03 9.584737049902936405e+02 1.097523368348502321e+06 2.482584326959593568e+01
1.756530941795523631e+03 9.074840042271130187e+02 1.029866612258115318e+06 2.482584326959593568e+01
1.756530941795523631e+03 9.074840042271130187e+02 1.029866612258115318e+06 2.482584326959593568e+01
1.756530941795523631e+03 9.074840042271130187e+02 1.029866612258115318e+06 2.482584326959593568e+01
1.756530941795523631e+03 9.074840042271130187e+02 1.029866612258115318e+06 2.482584326959593568e+01
1.732416881369357725e+03 8.740190436263618494e+02 1.021015707212533453e+06 2.482584326959593568e+01
1.732416881369357725e+03 8.740190436263618494e+02 1.021015707212533453e+06 2.482584326959593568e+01
1.720094025512106100e+03 8.742938682088959013e+02 1.008640060710741673e+06 2.482584326959593568e+01
1.675836334263906338e+03 8.441947227613452469e+02 9.944706037964094430e+05 2.482584326959593568e+01
1.675836334263906338e+03 8.441947227613452469e+02 9.944706037964094430e+05 2.482584326959593568e+01
1.675836334263906338e+03 8.441947227613452469e+02 9.944706037964094430e+05 2.482584326959593568e+01
1.426319644078037072e+03 6.922124444970212380e+02 9.760949976969443960e+05 2.463354515196336791e+01
1.310425684739719600e+03 5.857632450976561813e+02 8.510391744728895137e+05 2.483806131595511602e+01
1.291959440959810991e+03 5.704515693124423024e+02 8.499452535897562047e+05 2.549470262125264952e+01
1.259198198624903625e+03 5.661864244404207511e+02 8.425549623372318456e+05 2.594498038552512753e+01
1.230661773647753989e+03 5.378870985560228064e+02 8.390206620941266883e+05 2.499285564520025105e+01
1.072311694596907955e+03 4.420764374813227278e+02 7.706383081737072207e+05 2.831663617798289323e+01
1.072311694596907955e+03 4.420764374813227278e+02 7.706383081737072207e+05 2.831663617798289323e+01
9.785221755997292803e+02 4.179244525601193345e+02 6.859105012346010190e+05 2.741133142089775987e+01
9.215434643911625017e+02 3.606065797373418036e+02 6.325133348441931885e+05 2.885392988786218638e+01
9.215434643911625017e+02 3.606065797373418036e+02 6.325133348441931885e+05 2.885392988786218638e+01
8.993160301968680415e+02 3.468057374806083999e+02 6.252060081222687149e+05 2.993978892199019981e+01
8.993160301968680415e+02 3.468057374806083999e+02 6.252060081222687149e+05 2.993978892199019981e+01
8.993160301968680415e+02 3.468057374806083999e+02 6.252060081222687149e+05 2.993978892199019981e+01
8.059847847344851743e+02 3.152635696367444211e+02 6.147943723237290978e+05 2.904196707933636645e+01
8.059847847344851743e+02 3.152635696367444211e+02 6.147943723237290978e+05 2.904196707933636645e+01
7.771922232428311190e+02 3.076815557990897787e+02 5.659795694444476394e+05 2.974621900416580189e+01
7.771922232428311190e+02 3.076815557990897787e+02 5.659795694444476394e+05 2.974621900416580189e+01
7.771922232428311190e+02 3.076815557990897787e+02 5.659795694444476394e+05 2.974621900416580189e+01
6.430372848715304599e+02 2.730285176180590270e+02 5.095657998518858221e+05 2.948002115348524654e+01
6.430372848715304599e+02 2.730285176180590270e+02 5.095657998518858221e+05 2.948002115348524654e+01
6.261924204782277457e+02 2.657725146093660555e+02 5.013766516543563921e+05 2.928109334049602097e+01
6.261924204782277457e+02 2.657725146093660555e+02 5.013766516543563921e+05 2.928109334049602097e+01
6.261924204782277457e+02 2.657725146093660555e+02 5.013766516543563921e+05 2.928109334049602097e+01
6.261924204782277457e+02 2.657725146093660555e+02 5.013766516543563921e+05 2.928109334049602097e+01
5.294886952841104630e+02 2.208728112155277188e+02 4.474724003245629719e+05 3.047397301982090312e+01
5.294886952841104630e+02 2.208728112155277188e+02 4.474724003245629719e+05 3.047397301982090312e+01
5.122659774825959857e+02 2.056278950676310728e+02 4.402279409937440068e+05 3.048007971041689501e+01
4.780374450588794275e+02 1.939256814669560924e+02 4.158322143346790108e+05 3.214921952459710752e+01
4.780374450588794275e+02 1.939256814669560924e+02 4.158322143346790108e+05 3.214921952459710752e+01
4.780374450588794275e+02 1.939256814669560924e+02 4.158322143346790108e+05 3.214921952459710752e+01
4.780374450588794275e+02 1.939256814669560924e+02 4.158322143346790108e+05 3.214921952459710752e+01
4.780374450588794275e+02 1.939256814669560924e+02 4.158322143346790108e+05 3.214921952459710752e+01
4.686919619171917475e+02 1.916759963601270726e+02 4.129950642884974950e+05 3.071360386307739532e+01
4.686919619171917475e+02 1.916759963601270726e+02 4.129950642884974950e+05 3.071360386307739532e+01
4.686919619171917475e+02 1.916759963601270726e+02 4.129950642884974950e+05 3.071360386307739532e+01
4.686919619171917475e+02 1.916759963601270726e+02 4.129950642884974950e+05 3.071360386307739532e+01
4.686919619171917475e+02 1.916759963601270726e+02 4.129950642884974950e+05 3.071360386307739532e+01
3.852304056854108012e+02 1.530965571317281331e+02 3.904516871778077330e+05 3.451137083614917600e+01
2.163864352060353440e+02 1.067733315828633351e+02 2.644597325692976592e+05 6.017939384145324766e+01
1.533419774994020770e+02 1.014916004774428160e+02 2.155081731976041920e+05 7.329587511241591358e+01
1.604024669621486510e+02 9.876663774813725638e+01 2.185569900752856629e+05 6.877295053278750459e+01
1.122209052956343101e+02 7.375328640708514172e+01 1.663729599906428484e+05 6.994786630545620199e+01
1.122209052956343101e+02 7.375328640708514172e+01 1.663729599906428484e+05 6.994786630545620199e+01
1.122209052956343101e+02 7.375328640708514172e+01 1.663729599906428484e+05 6.994786630545620199e+01
1.122209052956343101e+02 7.375328640708514172e+01 1.663729599906428484e+05 6.994786630545620199e+01
1.122209052956343101e+02 7.375328640708514172e+01 1.663729599906428484e+05 6.994786630545620199e+01
1.122209052956343101e+02 7.375328640708514172e+01 1.663729599906428484e+05 6.994786630545620199e+01
1.122209052956343101e+02 7.375328640708514172e+01 1.663729599906428484e+05 6.994786630545620199e+01
1.122209052956343101e+02 7.375328640708514172e+01 1.663729599906428484e+05 6.994786630545620199e+01
1.122209052956343101e+02 7.375328640708514172e+01 1.663729599906428484e+05 6.994786630545620199e+01
1.122209052956343101e+02 7.375328640708514172e+01 1.663729599906428484e+05 6.994786630545620199e+01
1.122209052956343101e+02 7.375328640708514172e+01 1.663729599906428484e+05 6.994786630545620199e+01
1.122209052956343101e+02 7.375328640708514172e+01 1.663729599906428484e+05 6.994786630545620199e+01
1.122209052956343101e+02 7.375328640708514172e+01 1.663729599906428484e+05 6.994786630545620199e+01
8.781557671139469790e+01 7.233262668221689751e+01 1.403931085133714951e+05 8.217529962249473385e+01
6.296391242157753254e+01 8.710957479067008080e+01 1.097130299482443515e+05 1.065392818112840416e+02
6.109582572579774506e+01 8.562645469706174595e+01 1.053503290686796536e+05 1.165700026973823782e+02
6.109582572579774506e+01 8.562645469706174595e+01 1.053503290686796536e+05 1.165700026973823782e+02
5.469309180280216509e+01 8.949748953967250031e+01 9.637317550851304259e+04 1.238098239265801794e+02
5.469309180280216509e+01 8.949748953967250031e+01 9.637317550851304259e+04 1.238098239265801794e+02
5.708994160442390609e+01 8.092592821378036660e+01 1.003490502278625645e+05 1.166636053776414741e+02
5.708994160442390609e+01 8.092592821378036660e+01 1.003490502278625645e+05 1.166636053776414741e+02
5.708994160442390609e+01 8.092592821378036660e+01 1.003490502278625645e+05 1.166636053776414741e+02
5.708994160442390609e+01 8.092592821378036660e+01 1.003490502278625645e+05 1.166636053776414741e+02
5.708994160442390609e+01 8.092592821378036660e+01 1.003490502278625645e+05 1.166636053776414741e+02
5.708994160442390609e+01 8.092592821378036660e+01 1.003490502278625645e+05 1.166636053776414741e+02
5.708994160442390609e+01 8.092592821378036660e+01 1.003490502278625645e+05 1.166636053776414741e+02
5.708994160442390609e+01 8.092592821378036660e+01 1.003490502278625645e+05 1.166636053776414741e+02
5.595429161127375295e+01 8.412138137913784419e+01 9.827616519617561426e+04 1.131506718605101298e+02
5.595429161127375295e+01 8.412138137913784419e+01 9.827616519617561426e+04 1.131506718605101298e+02
5.595429161127375295e+01 8.412138137913784419e+01 9.827616519617561426e+04 1.131506718605101298e+02
5.595429161127375295e+01 8.412138137913784419e+01 9.827616519617561426e+04 1.131506718605101298e+02
5.770826385256306423e+01 7.552383137592536855e+01 1.029969716705110040e+05 1.089342423816187448e+02
5.770826385256306423e+01 7.552383137592536855e+01 1.029969716705110040e+05 1.089342423816187448e+02
5.770826385256306423e+01 7.552383137592536855e+01 1.029969716705110040e+05 1.089342423816187448e+02
5.770826385256306423e+01 7.552383137592536855e+01 1.029969716705110040e+05 1.089342423816187448e+02
5.770826385256306423e+01 7.552383137592536855e+01 1.029969716705110040e+05 1.089342423816187448e+02
4.665498131666799964e+01 7.183945078161073639e+01 9.292172343756965711e+04 1.459583529778331012e+02
4.665498131666799964e+01 7.183945078161073639e+01 9.292172343756965711e+04 1.459583529778331012e+02
4.603262354588584060e+01 6.936313611888179764e+01 9.441954732680530287e+04 1.454506764440644133e+02
4.603262354588584060e+01 6.936313611888179764e+01 9.441954732680530287e+04 1.454506764440644133e+02
3.596047458154271226e+01 7.396043926707223193e+01 7.633914290400645405e+04 1.972633356563210043e+02
3.596047458154271226e+01 7.396043926707223193e+01 7.633914290400645405e+04 1.972633356563210043e+02
3.690573109722521394e+01 7.012540633600144702e+01 7.777548120454997115e+04 1.855381387497498906e+02
3.690573109722521394e+01 7.012540633600144702e+01 7.777548120454997115e+04 1.855381387497498906e+02
3.690573109722521394e+01 7.012540633600144702e+01 7.777548120454997115e+04 1.855381387497498906e+02
3.690573109722521394e+01 7.012540633600144702e+01 7.777548120454997115e+04 1.855381387497498906e+02
3.690573109722521394e+01 7.012540633600144702e+01 7.777548120454997115e+04 1.855381387497498906e+02
3.690573109722521394e+01 7.012540633600144702e+01 7.777548120454997115e+04 1.855381387497498906e+02
3.654019262665817536e+01 6.717791297417872443e+01 7.269821658429248782e+04 1.919175332858124250e+02
3.654019262665817536e+01 6.717791297417872443e+01 7.269821658429248782e+04 1.919175332858124250e+02
3.654019262665817536e+01 6.717791297417872443e+01 7.269821658429248782e+04 1.919175332858124250e+02
3.654019262665817536e+01 6.717791297417872443e+01 7.269821658429248782e+04 1.919175332858124250e+02
3.654019262665817536e+01 6.717791297417872443e+01 7.269821658429248782e+04 1.919175332858124250e+02
3.654019262665817536e+01 6.717791297417872443e+01 7.269821658429248782e+04 1.919175332858124250e+02
3.654019262665817536e+01 6.717791297417872443e+01 7.269821658429248782e+04 1.919175332858124250e+02
3.969846596439686692e+01 5.692101331665979558e+01 8.148431216891751683e+04 1.561384340256535666e+02
3.773479524544036678e+01 4.777170819047031358e+01 8.059078358818126435e+04 1.608885865470631131e+02
3.773479524544036678e+01 4.777170819047031358e+01 8.059078358818126435e+04 1.608885865470631131e+02
3.773479524544036678e+01 4.777170819047031358e+01 8.059078358818126435e+04 1.608885865470631131e+02
3.773479524544036678e+01 4.777170819047031358e+01 8.059078358818126435e+04 1.608885865470631131e+02
3.200292614978804551e+01 4.650530814462972984e+01 6.231623089513082232e+04 2.070497670860497692e+02
3.499083707468103910e+01 3.952831821945087398e+01 7.780451511413145636e+04 1.496660250229888334e+02
3.179439098876108716e+01 4.202667555804676880e+01 6.786444787546378211e+04 1.594731968034550675e+02
3.179439098876108716e+01 4.202667555804676880e+01 6.786444787546378211e+04 1.594731968034550675e+02
2.774487236178813632e+01 3.362840780435547572e+01 5.287381616991311603e+04 2.035181063810792637e+02
2.787010453309832769e+01 3.226081281939254808e+01 5.544988185726977827e+04 1.987205603176753925e+02
2.715396077116766449e+01 2.930761243346540112e+01 4.913516540145649196e+04 2.136702383190206547e+02
2.692376710909709914e+01 2.801502070197472705e+01 4.785392421188011213e+04 2.188076450738560652e+02
2.698372832636303187e+01 2.798766982929290847e+01 4.580007608365133638e+04 2.125709869168770467e+02
2.766258209098676701e+01 2.480838309857540480e+01 2.600806237539299400e+04 2.562109477046109873e+02
2.752470534500212906e+01 1.946521673926526930e+01 2.734884801743171556e+04 2.470866801280712934e+02
3.100188288963376593e+01 1.784347909343992811e+01 1.700371381494808884e+04 2.902514247478667357e+02
3.100188288963376593e+01 1.784347909343992811e+01 1.700371381494808884e+04 2.902514247478667357e+02
3.174155053008480465e+01 1.748238375106055997e+01 1.543346417254994594e+04 2.851867682640896078e+02
3.248153336135144542e+01 1.478357214061005287e+01 1.348140755369470935e+04 3.050855100309897239e+02
3.512738863166869407e+01 1.355316741970280958e+01 1.157091717421765679e+04 3.208003473187265513e+02
3.512738863166869407e+01 1.355316741970280958e+01 1.157091717421765679e+04 3.208003473187265513e+02
4.523240317949985467e+01 6.344013177774421308e+00 3.217805791778643652e+03 3.665062624368365505e+02
4.523240317949985467e+01 6.344013177774421308e+00 3.217805791778643652e+03 3.665062624368365505e+02
4.523240317949985467e+01 6.344013177774421308e+00 3.217805791778643652e+03 3.665062624368365505e+02
4.791884156116303473e+01 6.160064290610042903e+00 2.838409129415589177e+03 3.708143502027677982e+02
4.762026225149568859e+01 5.909938398581970453e+00 2.906491663773596429e+03 3.706584117613078888e+02
4.762026225149568859e+01 5.909938398581970453e+00 2.906491663773596429e+03 3.706584117613078888e+02
4.762026225149568859e+01 5.909938398581970453e+00 2.906491663773596429e+03 3.706584117613078888e+02
4.762026225149568859e+01 5.909938398581970453e+00 2.906491663773596429e+03 3.706584117613078888e+02
4.976821652674999541e+01 6.092528756439647530e+00 2.562551883610530240e+03 3.806625756073734692e+02
4.976821652674999541e+01 6.092528756439647530e+00 2.562551883610530240e+03 3.806625756073734692e+02
5.039625968717551530e+01 5.853648759730600837e+00 2.644721584060077475e+03 3.725194801563145575e+02
5.039625968717551530e+01 5.853648759730600837e+00 2.644721584060077475e+03 3.725194801563145575e+02
5.039625968717551530e+01 5.853648759730600837e+00 2.644721584060077475e+03 3.725194801563145575e+02
5.039625968717551530e+01 5.853648759730600837e+00 2.644721584060077475e+03 3.725194801563145575e+02
5.039625968717551530e+01 5.853648759730600837e+00 2.644721584060077475e+03 3.725194801563145575e+02
4.660840451199415213e+01 6.130141256492810165e+00 2.638526393161434044e+03 3.671522978041795682e+02
4.789022304960435150e+01 5.894003790081313809e+00 2.559798256682701322e+03 3.613092222586084858e+02
4.789022304960435150e+01 5.894003790081313809e+00 2.559798256682701322e+03 3.613092222586084858e+02
4.789022304960435150e+01 5.894003790081313809e+00 2.559798256682701322e+03 3.613092222586084858e+02
4.789022304960435150e+01 5.894003790081313809e+00 2.559798256682701322e+03 3.613092222586084858e+02
4.789022304960435150e+01 5.894003790081313809e+00 2.559798256682701322e+03 3.613092222586084858e+02
4.789022304960435150e+01 5.894003790081313809e+00 2.559798256682701322e+03 3.613092222586084858e+02
4.789022304960435150e+01 5.894003790081313809e+00 2.559798256682701322e+03 3.613092222586084858e+02
4.789022304960435150e+01 5.894003790081313809e+00 2.559798256682701322e+03 3.613092222586084858e+02
4.725052243683862940e+01 6.073209790228935034e+00 2.473664611879324639e+03 3.677574238037439045e+02
4.523833850294877124e+01 6.066593623791036727e+00 2.600782112264349507e+03 3.555943553596016500e+02
4.523833850294877124e+01 6.066593623791036727e+00 2.600782112264349507e+03 3.555943553596016500e+02
4.523833850294877124e+01 6.066593623791036727e+00 2.600782112264349507e+03 3.555943553596016500e+02
4.523833850294877124e+01 6.066593623791036727e+00 2.600782112264349507e+03 3.555943553596016500e+02
4.724642074643705314e+01 5.621380720921314911e+00 2.574056413804668409e+03 3.685808013805943801e+02
4.724642074643705314e+01 5.621380720921314911e+00 2.574056413804668409e+03 3.685808013805943801e+02
4.724642074643705314e+01 5.621380720921314911e+00 2.574056413804668409e+03 3.685808013805943801e+02
4.724642074643705314e+01 5.621380720921314911e+00 2.574056413804668409e+03 3.685808013805943801e+02
4.724642074643705314e+01 5.621380720921314911e+00 2.574056413804668409e+03 3.685808013805943801e+02
4.724642074643705314e+01 5.621380720921314911e+00 2.574056413804668409e+03 3.685808013805943801e+02
4.724642074643705314e+01 5.621380720921314911e+00 2.574056413804668409e+03 3.685808013805943801e+02
4.724642074643705314e+01 5.621380720921314911e+00 2.574056413804668409e+03 3.685808013805943801e+02
4.724642074643705314e+01 5.621380720921314911e+00 2.574056413804668409e+03 3.685808013805943801e+02
4.724642074643705314e+01 5.621380720921314911e+00 2.574056413804668409e+03 3.685808013805943801e+02
4.724642074643705314e+01 5.621380720921314911e+00 2.574056413804668409e+03 3.685808013805943801e+02
4.724642074643705314e+01 5.621380720921314911e+00 2.574056413804668409e+03 3.685808013805943801e+02
4.724642074643705314e+01 5.621380720921314911e+00 2.574056413804668409e+03 3.685808013805943801e+02
4.724642074643705314e+01 5.621380720921314911e+00 2.574056413804668409e+03 3.685808013805943801e+02
4.724642074643705314e+01 5.621380720921314911e+00 2.574056413804668409e+03 3.685808013805943801e+02
4.724642074643705314e+01 5.621380720921314911e+00 2.574056413804668409e+03 3.685808013805943801e+02
4.724642074643705314e+01 5.621380720921314911e+00 2.574056413804668409e+03 3.685808013805943801e+02
4.724642074643705314e+01 5.621380720921314911e+00 2.574056413804668409e+03 3.685808013805943801e+02
4.760139506000243159e+01 5.508881492739116759e+00 2.548005062560569968e+03 3.716171092708192987e+02
4.753031933373654994e+01 5.763106839134613857e+00 2.400939460487197721e+03 3.722209981620684403e+02
4.753031933373654994e+01 5.763106839134613857e+00 2.400939460487197721e+03 3.722209981620684403e+02
4.994198584275417829e+01 5.644709618501250858e+00 2.288724823326909700e+03 3.730763159997587763e+02
4.994198584275417829e+01 5.644709618501250858e+00 2.288724823326909700e+03 3.730763159997587763e+02
4.777413993779734369e+01 5.713600091914896595e+00 2.366741194023233220e+03 3.715523948084070867e+02
4.777413993779734369e+01 5.713600091914896595e+00 2.366741194023233220e+03 3.715523948084070867e+02
4.777413993779734369e+01 5.713600091914896595e+00 2.366741194023233220e+03 3.715523948084070867e+02
4.777413993779734369e+01 5.713600091914896595e+00 2.366741194023233220e+03 3.715523948084070867e+02
4.777413993779734369e+01 5.713600091914896595e+00 2.366741194023233220e+03 3.715523948084070867e+02
4.971946517437811508e+01 5.807942328248917541e+00 2.041711416311867197e+03 3.743773669436279761e+02
4.971946517437811508e+01 5.807942328248917541e+00 2.041711416311867197e+03 3.743773669436279761e+02
4.971946517437811508e+01 5.807942328248917541e+00 2.041711416311867197e+03 3.743773669436279761e+02
5.154802600387124301e+01 5.648617835870916259e+00 1.975080468162757370e+03 3.791383033316769229e+02
5.154802600387124301e+01 5.648617835870916259e+00 1.975080468162757370e+03 3.791383033316769229e+02
5.154802600387124301e+01 5.648617835870916259e+00 1.975080468162757370e+03 3.791383033316769229e+02
5.154802600387124301e+01 5.648617835870916259e+00 1.975080468162757370e+03 3.791383033316769229e+02
5.154802600387124301e+01 5.648617835870916259e+00 1.975080468162757370e+03 3.791383033316769229e+02
5.154802600387124301e+01 5.648617835870916259e+00 1.975080468162757370e+03 3.791383033316769229e+02
4.656041853973224676e+01 6.081306513006058623e+00 1.769483980930715688e+03 3.599750927062343067e+02
4.937855264428123547e+01 5.554497252833987098e+00 1.513697724368519403e+03 3.618746558076054498e+02
4.937855264428123547e+01 5.554497252833987098e+00 1.513697724368519403e+03 3.618746558076054498e+02
4.937855264428123547e+01 5.554497252833987098e+00 1.513697724368519403e+03 3.618746558076054498e+02
5.018254454741686033e+01 5.302350607471461252e+00 1.394659120414674362e+03 3.642608562842276001e+02
5.018254454741686033e+01 5.302350607471461252e+00 1.394659120414674362e+03 3.642608562842276001e+02
5.018254454741686033e+01 5.302350607471461252e+00 1.394659120414674362e+03 3.642608562842276001e+02
5.018254454741686033e+01 5.302350607471461252e+00 1.394659120414674362e+03 3.642608562842276001e+02
5.018254454741686033e+01 5.302350607471461252e+00 1.394659120414674362e+03 3.642608562842276001e+02
5.018254454741686033e+01 5.302350607471461252e+00 1.394659120414674362e+03 3.642608562842276001e+02
5.018254454741686033e+01 5.302350607471461252e+00 1.394659120414674362e+03 3.642608562842276001e+02
5.018254454741686033e+01 5.302350607471461252e+00 1.394659120414674362e+03 3.642608562842276001e+02
5.018254454741686033e+01 5.302350607471461252e+00 1.394659120414674362e+03 3.642608562842276001e+02
5.018254454741686033e+01 5.302350607471461252e+00 1.394659120414674362e+03 3.642608562842276001e+02
5.018254454741686033e+01 5.302350607471461252e+00 1.394659120414674362e+03 3.642608562842276001e+02
5.018254454741686033e+01 5.302350607471461252e+00 1.394659120414674362e+03 3.642608562842276001e+02
5.018254454741686033e+01 5.302350607471461252e+00 1.394659120414674362e+03 3.642608562842276001e+02
5.018254454741686033e+01 5.302350607471461252e+00 1.394659120414674362e+03 3.642608562842276001e+02
5.018254454741686033e+01 5.302350607471461252e+00 1.394659120414674362e+03 3.642608562842276001e+02
5.018254454741686033e+01 5.302350607471461252e+00 1.394659120414674362e+03 3.642608562842276001e+02
5.018254454741686033e+01 5.302350607471461252e+00 1.394659120414674362e+03 3.642608562842276001e+02
5.024949392206472965e+01 5.415089382629554748e+00 1.326150773944488947e+03 3.584574079361352119e+02
5.096563057918597650e+01 6.237797953132230511e+00 1.069485817750458864e+03 3.627553928542438939e+02
5.114582755061357489e+01 5.770454841699924842e+00 1.057849953948874145e+03 3.604703069418608266e+02
5.114582755061357489e+01 5.770454841699924842e+00 1.057849953948874145e+03 3.604703069418608266e+02
5.114582755061357489e+01 5.770454841699924842e+00 1.057849953948874145e+03 3.604703069418608266e+02
5.114582755061357489e+01 5.770454841699924842e+00 1.057849953948874145e+03 3.604703069418608266e+02
5.114582755061357489e+01 5.770454841699924842e+00 1.057849953948874145e+03 3.604703069418608266e+02
5.114582755061357489e+01 5.770454841699924842e+00 1.057849953948874145e+03 3.604703069418608266e+02
5.114582755061357489e+01 5.770454841699924842e+00 1.057849953948874145e+03 3.604703069418608266e+02
5.114582755061357489e+01 5.770454841699924842e+00 1.057849953948874145e+03 3.604703069418608266e+02
5.114582755061357489e+01 5.770454841699924842e+00 1.057849953948874145e+03 3.604703069418608266e+02
5.114582755061357489e+01 5.770454841699924842e+00 1.057849953948874145e+03 3.604703069418608266e+02
5.114582755061357489e+01 5.770454841699924842e+00 1.057849953948874145e+03 3.604703069418608266e+02
5.114582755061357489e+01 5.770454841699924842e+00 1.057849953948874145e+03 3.604703069418608266e+02
5.114582755061357489e+01 5.770454841699924842e+00 1.057849953948874145e+03 3.604703069418608266e+02
5.114582755061357489e+01 5.770454841699924842e+00 1.057849953948874145e+03 3.604703069418608266e+02
5.114582755061357489e+01 5.770454841699924842e+00 1.057849953948874145e+03 3.604703069418608266e+02
5.114582755061357489e+01 5.770454841699924842e+00 1.057849953948874145e+03 3.604703069418608266e+02
5.114582755061357489e+01 5.770454841699924842e+00 1.057849953948874145e+03 3.604703069418608266e+02
5.114582755061357489e+01 5.770454841699924842e+00 1.057849953948874145e+03 3.604703069418608266e+02
5.114582755061357489e+01 5.770454841699924842e+00 1.057849953948874145e+03 3.604703069418608266e+02
5.114582755061357489e+01 5.770454841699924842e+00 1.057849953948874145e+03 3.604703069418608266e+02
5.114582755061357489e+01 5.770454841699924842e+00 1.057849953948874145e+03 3.604703069418608266e+02
5.114582755061357489e+01 5.770454841699924842e+00 1.057849953948874145e+03 3.604703069418608266e+02
5.114582755061357489e+01 5.770454841699924842e+00 1.057849953948874145e+03 3.604703069418608266e+02
5.114582755061357489e+01 5.770454841699924842e+00 1.057849953948874145e+03 3.604703069418608266e+02
5.114582755061357489e+01 5.770454841699924842e+00 1.057849953948874145e+03 3.604703069418608266e+02
5.114582755061357489e+01 5.770454841699924842e+00 1.057849953948874145e+03 3.604703069418608266e+02
5.114582755061357489e+01 5.770454841699924842e+00 1.057849953948874145e+03 3.604703069418608266e+02
5.114582755061357489e+01 5.770454841699924842e+00 1.057849953948874145e+03 3.604703069418608266e+02
5.114582755061357489e+01 5.770454841699924842e+00 1.057849953948874145e+03 3.604703069418608266e+02
5.114582755061357489e+01 5.770454841699924842e+00 1.057849953948874145e+03 3.604703069418608266e+02
5.114582755061357489e+01 5.770454841699924842e+00 1.057849953948874145e+03 3.604703069418608266e+02
5.114582755061357489e+01 5.770454841699924842e+00 1.057849953948874145e+03 3.604703069418608266e+02
5.114582755061357489e+01 5.770454841699924842e+00 1.057849953948874145e+03 3.604703069418608266e+02
5.114582755061357489e+01 5.770454841699924842e+00 1.057849953948874145e+03 3.604703069418608266e+02
5.114582755061357489e+01 5.770454841699924842e+00 1.057849953948874145e+03 3.604703069418608266e+02
5.114582755061357489e+01 5.770454841699924842e+00 1.057849953948874145e+03 3.604703069418608266e+02
5.114582755061357489e+01 5.770454841699924842e+00 1.057849953948874145e+03 3.604703069418608266e+02
5.114582755061357489e+01 5.770454841699924842e+00 1.057849953948874145e+03 3.604703069418608266e+02
5.114582755061357489e+01 5.770454841699924842e+00 1.057849953948874145e+03 3.604703069418608266e+02
5.114582755061357489e+01 5.770454841699924842e+00 1.057849953948874145e+03 3.604703069418608266e+02
5.114582755061357489e+01 5.770454841699924842e+00 1.057849953948874145e+03 3.604703069418608266e+02
5.114582755061357489e+01 5.770454841699924842e+00 1.057849953948874145e+03 3.604703069418608266e+02
5.114582755061357489e+01 5.770454841699924842e+00 1.057849953948874145e+03 3.604703069418608266e+02
5.114582755061357489e+01 5.770454841699924842e+00 1.057849953948874145e+03 3.604703069418608266e+02
5.114582755061357489e+01 5.770454841699924842e+00 1.057849953948874145e+03 3.604703069418608266e+02
5.114582755061357489e+01 5.770454841699924842e+00 1.057849953948874145e+03 3.604703069418608266e+02
5.114582755061357489e+01 5.770454841699924842e+00 1.057849953948874145e+03 3.604703069418608266e+02
5.114582755061357489e+01 5.770454841699924842e+00 1.057849953948874145e+03 3.604703069418608266e+02
5.114582755061357489e+01 5.770454841699924842e+00 1.057849953948874145e+03 3.604703069418608266e+02
5.114582755061357489e+01 5.770454841699924842e+00 1.057849953948874145e+03 3.604703069418608266e+02
5.114582755061357489e+01 5.770454841699924842e+00 1.057849953948874145e+03 3.604703069418608266e+02
5.114582755061357489e+01 5.770454841699924842e+00 1.057849953948874145e+03 3.604703069418608266e+02
5.114582755061357489e+01 5.770454841699924842e+00 1.057849953948874145e+03 3.604703069418608266e+02
5.114582755061357489e+01 5.770454841699924842e+00 1.057849953948874145e+03 3.604703069418608266e+02
5.114582755061357489e+01 5.770454841699924842e+00 1.057849953948874145e+03 3.604703069418608266e+02
5.114582755061357489e+01 5.770454841699924842e+00 1.057849953948874145e+03 3.604703069418608266e+02
5.114582755061357489e+01 5.770454841699924842e+00 1.057849953948874145e+03 3.604703069418608266e+02
5.114582755061357489e+01 5.770454841699924842e+00 1.057849953948874145e+03 3.604703069418608266e+02
5.114582755061357489e+01 5.770454841699924842e+00 1.057849953948874145e+03 3.604703069418608266e+02
5.114582755061357489e+01 5.770454841699924842e+00 1.057849953948874145e+03 3.604703069418608266e+02
5.114582755061357489e+01 5.770454841699924842e+00 1.057849953948874145e+03 3.604703069418608266e+02
5.114582755061357489e+01 5.770454841699924842e+00 1.057849953948874145e+03 3.604703069418608266e+02
5.114582755061357489e+01 5.770454841699924842e+00 1.057849953948874145e+03 3.604703069418608266e+02
5.114582755061357489e+01 5.770454841699924842e+00 1.057849953948874145e+03 3.604703069418608266e+02
5.114582755061357489e+01 5.770454841699924842e+00 1.057849953948874145e+03 3.604703069418608266e+02
5.314512876144878106e+01 5.713595792620278502e+00 9.258002446115808652e+02 3.654605466155956037e+02
5.418382021613407318e+01 5.512301242283551339e+00 8.885150548044806555e+02 3.657588146810582543e+02
5.418382021613407318e+01 5.512301242283551339e+00 8.885150548044806555e+02 3.657588146810582543e+02
5.347704428776103214e+01 6.329939212114019220e+00 7.560765349839980445e+02 3.697364244697620279e+02
5.347704428776103214e+01 6.329939212114019220e+00 7.560765349839980445e+02 3.697364244697620279e+02
5.294091702228921292e+01 6.380426524828290091e+00 7.401550383056192004e+02 3.672094859259789814e+02
5.294091702228921292e+01 6.380426524828290091e+00 7.401550383056192004e+02 3.672094859259789814e+02
5.367455347745801220e+01 6.345388154161966554e+00 7.250529961538868520e+02 3.675464083587339701e+02
5.367455347745801220e+01 6.345388154161966554e+00 7.250529961538868520e+02 3.675464083587339701e+02
5.367455347745801220e+01 6.345388154161966554e+00 7.250529961538868520e+02 3.675464083587339701e+02
5.545694812099070248e+01 5.902703028998652179e+00 6.993913918730818295e+02 3.739465468037655000e+02
5.545694812099070248e+01 5.902703028998652179e+00 6.993913918730818295e+02 3.739465468037655000e+02
5.545694812099070248e+01 5.902703028998652179e+00 6.993913918730818295e+02 3.739465468037655000e+02
5.545694812099070248e+01 5.902703028998652179e+00 6.993913918730818295e+02 3.739465468037655000e+02
5.545694812099070248e+01 5.902703028998652179e+00 6.993913918730818295e+02 3.739465468037655000e+02
5.435892714219454547e+01 5.780714474209969644e+00 7.317707681020870041e+02 3.713449544613819171e+02
5.435892714219454547e+01 5.780714474209969644e+00 7.317707681020870041e+02 3.713449544613819171e+02
5.435892714219454547e+01 5.780714474209969644e+00 7.317707681020870041e+02 3.713449544613819171e+02
5.435892714219454547e+01 5.780714474209969644e+00 7.317707681020870041e+02 3.713449544613819171e+02
5.518329218845469342e+01 5.850263388798891739e+00 6.884892999464381091e+02 3.802411722923311004e+02
5.760118901361178700e+01 5.533844095411072139e+00 6.536017073415282539e+02 3.847048189917306331e+02
5.446829056435695549e+01 5.561459574923309113e+00 6.479815572310852758e+02 3.698014523770893334e+02
5.446829056435695549e+01 5.561459574923309113e+00 6.479815572310852758e+02 3.698014523770893334e+02
5.446829056435695549e+01 5.561459574923309113e+00 6.479815572310852758e+02 3.698014523770893334e+02
5.446829056435695549e+01 5.561459574923309113e+00 6.479815572310852758e+02 3.698014523770893334e+02
5.446829056435695549e+01 5.561459574923309113e+00 6.479815572310852758e+02 3.698014523770893334e+02
5.446829056435695549e+01 5.561459574923309113e+00 6.479815572310852758e+02 3.698014523770893334e+02
5.446829056435695549e+01 5.561459574923309113e+00 6.479815572310852758e+02 3.698014523770893334e+02
5.446829056435695549e+01 5.561459574923309113e+00 6.479815572310852758e+02 3.698014523770893334e+02
5.452250208399518527e+01 5.758014016622708731e+00 5.927205520370268914e+02 3.734147977167147587e+02
5.452250208399518527e+01 5.758014016622708731e+00 5.927205520370268914e+02 3.734147977167147587e+02
5.452250208399518527e+01 5.758014016622708731e+00 5.927205520370268914e+02 3.734147977167147587e+02
5.452250208399518527e+01 5.758014016622708731e+00 5.927205520370268914e+02 3.734147977167147587e+02
5.452250208399518527e+01 5.758014016622708731e+00 5.927205520370268914e+02 3.734147977167147587e+02
5.396010189483491359e+01 5.844956674390774154e+00 5.905184036859052412e+02 3.748510304296256663e+02
5.623331605323677707e+01 5.466882363948574408e+00 4.584682177583649718e+02 3.748053695014738764e+02
5.623331605323677707e+01 5.466882363948574408e+00 4.584682177583649718e+02 3.748053695014738764e+02
5.623331605323677707e+01 5.466882363948574408e+00 4.584682177583649718e+02 3.748053695014738764e+02
5.623331605323677707e+01 5.466882363948574408e+00 4.584682177583649718e+02 3.748053695014738764e+02
5.623331605323677707e+01 5.466882363948574408e+00 4.584682177583649718e+02 3.748053695014738764e+02
5.623331605323677707e+01 5.466882363948574408e+00 4.584682177583649718e+02 3.748053695014738764e+02
5.623331605323677707e+01 5.466882363948574408e+00 4.584682177583649718e+02 3.748053695014738764e+02
5.644241664549829096e+01 5.416320946740017739e+00 4.374891299855990496e+02 3.731855300994320146e+02
5.644241664549829096e+01 5.416320946740017739e+00 4.374891299855990496e+02 3.731855300994320146e+02
5.644241664549829096e+01 5.416320946740017739e+00 4.374891299855990496e+02 3.731855300994320146e+02
5.644241664549829096e+01 5.416320946740017739e+00 4.374891299855990496e+02 3.731855300994320146e+02
5.644241664549829096e+01 5.416320946740017739e+00 4.374891299855990496e+02 3.731855300994320146e+02
5.644241664549829096e+01 5.416320946740017739e+00 4.374891299855990496e+02 3.731855300994320146e+02
5.644241664549829096e+01 5.416320946740017739e+00 4.374891299855990496e+02 3.731855300994320146e+02
5.644241664549829096e+01 5.416320946740017739e+00 4.374891299855990496e+02 3.731855300994320146e+02
5.644241664549829096e+01 5.416320946740017739e+00 4.374891299855990496e+02 3.731855300994320146e+02
5.644241664549829096e+01 5.416320946740017739e+00 4.374891299855990496e+02 3.731855300994320146e+02
5.681677246167627260e+01 5.819426362342870362e+00 3.640054469494094747e+02 3.789169635019575253e+02
5.598628181380972535e+01 5.438974046676070984e+00 3.608840355724336177e+02 3.689387233133759310e+02
5.598628181380972535e+01 5.438974046676070984e+00 3.608840355724336177e+02 3.689387233133759310e+02
5.598628181380972535e+01 5.438974046676070984e+00 3.608840355724336177e+02 3.689387233133759310e+02
5.598628181380972535e+01 5.438974046676070984e+00 3.608840355724336177e+02 3.689387233133759310e+02
5.598628181380972535e+01 5.438974046676070984e+00 3.608840355724336177e+02 3.689387233133759310e+02
5.598628181380972535e+01 5.438974046676070984e+00 3.608840355724336177e+02 3.689387233133759310e+02
5.598628181380972535e+01 5.438974046676070984e+00 3.608840355724336177e+02 3.689387233133759310e+02
5.598628181380972535e+01 5.438974046676070984e+00 3.608840355724336177e+02 3.689387233133759310e+02
5.598628181380972535e+01 5.438974046676070984e+00 3.608840355724336177e+02 3.689387233133759310e+02
5.598628181380972535e+01 5.438974046676070984e+00 3.608840355724336177e+02 3.689387233133759310e+02
5.598628181380972535e+01 5.438974046676070984e+00 3.608840355724336177e+02 3.689387233133759310e+02
5.598628181380972535e+01 5.438974046676070984e+00 3.608840355724336177e+02 3.689387233133759310e+02
5.598628181380972535e+01 5.438974046676070984e+00 3.608840355724336177e+02 3.689387233133759310e+02
5.598628181380972535e+01 5.438974046676070984e+00 3.608840355724336177e+02 3.689387233133759310e+02
5.598628181380972535e+01 5.438974046676070984e+00 3.608840355724336177e+02 3.689387233133759310e+02
5.696316580714379540e+01 5.383422339338146401e+00 3.246750768093057218e+02 3.755237602564816939e+02
5.804767875709601554e+01 5.374774631044131112e+00 3.107491932339347613e+02 3.810343613707411237e+02
5.870612406719730814e+01 5.052422193820377494e+00 3.122819051294122232e+02 3.820987258045584554e+02
5.870612406719730814e+01 5.052422193820377494e+00 3.122819051294122232e+02 3.820987258045584554e+02
5.870612406719730814e+01 5.052422193820377494e+00 3.122819051294122232e+02 3.820987258045584554e+02
5.834177345711509588e+01 5.319854519280648120e+00 2.972528916083654167e+02 3.820464761745820965e+02
5.784396839856643879e+01 5.185710863973623574e+00 2.919565966658414027e+02 3.825386490862188680e+02
5.773056559959104561e+01 5.266879193555242367e+00 2.883666233319051457e+02 3.814727912298221213e+02
5.928440093381960452e+01 5.388543079298082183e+00 2.477013629376301935e+02 3.823310079823298793e+02
5.956256439948842996e+01 5.257006306423368081e+00 2.466330155481747681e+02 3.845043305110949063e+02
5.956256439948842996e+01 5.257006306423368081e+00 2.466330155481747681e+02 3.845043305110949063e+02
5.929618956882866598e+01 5.418449716889591983e+00 2.266950991718994430e+02 3.823686303004569140e+02
6.016240418964859060e+01 5.692459621872393960e+00 1.988871370934393497e+02 3.801861425614193877e+02
6.016240418964859060e+01 5.692459621872393960e+00 1.988871370934393497e+02 3.801861425614193877e+02
6.038161593772095870e+01 5.643902938316148088e+00 1.984118365938265356e+02 3.832768204102397362e+02
5.926928428626806067e+01 5.473401504027195941e+00 1.877435290886566293e+02 3.794763954009110876e+02
5.926928428626806067e+01 5.473401504027195941e+00 1.877435290886566293e+02 3.794763954009110876e+02
5.926928428626806067e+01 5.473401504027195941e+00 1.877435290886566293e+02 3.794763954009110876e+02
5.926928428626806067e+01 5.473401504027195941e+00 1.877435290886566293e+02 3.794763954009110876e+02
5.926928428626806067e+01 5.473401504027195941e+00 1.877435290886566293e+02 3.794763954009110876e+02
5.909713933513614847e+01 5.458689901050829185e+00 1.870476321724815421e+02 3.812746277736627576e+02
5.909713933513614847e+01 5.458689901050829185e+00 1.870476321724815421e+02 3.812746277736627576e+02
5.951149822598004135e+01 5.356844765646515683e+00 1.869535648214965704e+02 3.846096995339457862e+02
5.873059890654423043e+01 6.042144692349633139e+00 1.501592481587316854e+02 3.805428209135689031e+02
5.873059890654423043e+01 6.042144692349633139e+00 1.501592481587316854e+02 3.805428209135689031e+02
5.808212505865780884e+01 5.770210249393668889e+00 1.600131759739948905e+02 3.770089422265987196e+02
5.808212505865780884e+01 5.770210249393668889e+00 1.600131759739948905e+02 3.770089422265987196e+02
5.808212505865780884e+01 5.770210249393668889e+00 1.600131759739948905e+02 3.770089422265987196e+02
5.808212505865780884e+01 5.770210249393668889e+00 1.600131759739948905e+02 3.770089422265987196e+02
5.808212505865780884e+01 5.770210249393668889e+00 1.600131759739948905e+02 3.770089422265987196e+02
5.979830336912542066e+01 5.578679077068446013e+00 1.549320021922228534e+02 3.884937676270593556e+02
5.979830336912542066e+01 5.578679077068446013e+00 1.549320021922228534e+02 3.884937676270593556e+02
5.979830336912542066e+01 5.578679077068446013e+00 1.549320021922228534e+02 3.884937676270593556e+02
5.979830336912542066e+01 5.578679077068446013e+00 1.549320021922228534e+02 3.884937676270593556e+02
5.979830336912542066e+01 5.578679077068446013e+00 1.549320021922228534e+02 3.884937676270593556e+02
5.979830336912542066e+01 5.578679077068446013e+00 1.549320021922228534e+02 3.884937676270593556e+02
5.979830336912542066e+01 5.578679077068446013e+00 1.549320021922228534e+02 3.884937676270593556e+02
5.979830336912542066e+01 5.578679077068446013e+00 1.549320021922228534e+02 3.884937676270593556e+02
5.980051974907970447e+01 6.241663009682300256e+00 1.337417042971065086e+02 3.860818471028463819e+02
5.995102759980723306e+01 6.226042197440609272e+00 1.342205037711299553e+02 3.847303549568433141e+02
5.995102759980723306e+01 6.226042197440609272e+00 1.342205037711299553e+02 3.847303549568433141e+02
5.983114938108900560e+01 6.219467618900599959e+00 1.292941709985886405e+02 3.861138287362023789e+02
5.983114938108900560e+01 6.219467618900599959e+00 1.292941709985886405e+02 3.861138287362023789e+02
6.004392793155177088e+01 6.113208611453609720e+00 1.279405221148982577e+02 3.895660937263234018e+02
5.874466600272644001e+01 5.627268565805021439e+00 1.346613676322655238e+02 3.733241053285352677e+02
5.874466600272644001e+01 5.627268565805021439e+00 1.346613676322655238e+02 3.733241053285352677e+02
5.874466600272644001e+01 5.627268565805021439e+00 1.346613676322655238e+02 3.733241053285352677e+02
5.874466600272644001e+01 5.627268565805021439e+00 1.346613676322655238e+02 3.733241053285352677e+02
5.874466600272644001e+01 5.627268565805021439e+00 1.346613676322655238e+02 3.733241053285352677e+02
5.874466600272644001e+01 5.627268565805021439e+00 1.346613676322655238e+02 3.733241053285352677e+02
5.874466600272644001e+01 5.627268565805021439e+00 1.346613676322655238e+02 3.733241053285352677e+02
5.834673064242799967e+01 5.566113715931247263e+00 1.367128759998201417e+02 3.687948779221094355e+02
5.834673064242799967e+01 5.566113715931247263e+00 1.367128759998201417e+02 3.687948779221094355e+02
5.834673064242799967e+01 5.566113715931247263e+00 1.367128759998201417e+02 3.687948779221094355e+02
5.834673064242799967e+01 5.566113715931247263e+00 1.367128759998201417e+02 3.687948779221094355e+02
5.872594127689784926e+01 5.674954858126503687e+00 1.136537324989512996e+02 3.721221071685686184e+02
5.872594127689784926e+01 5.674954858126503687e+00 1.136537324989512996e+02 3.721221071685686184e+02
5.872594127689784926e+01 5.674954858126503687e+00 1.136537324989512996e+02 3.721221071685686184e+02
5.871675724590580359e+01 5.792213126232778286e+00 1.112132874385025474e+02 3.677072400093104534e+02
5.913047573441674132e+01 5.696598446476590638e+00 1.097775002208351509e+02 3.697341181632535836e+02
5.890156423933427732e+01 5.836450155746173429e+00 1.057768700677290212e+02 3.674532501430934985e+02
5.890156423933427732e+01 5.836450155746173429e+00 1.057768700677290212e+02 3.674532501430934985e+02
5.872824063874487877e+01 5.870058221315623825e+00 9.631282587623726954e+01 3.736426798644091605e+02
5.872824063874487877e+01 5.870058221315623825e+00 9.631282587623726954e+01 3.736426798644091605e+02
5.872824063874487877e+01 5.870058221315623825e+00 9.631282587623726954e+01 3.736426798644091605e+02
5.872824063874487877e+01 5.870058221315623825e+00 9.631282587623726954e+01 3.736426798644091605e+02
5.872824063874487877e+01 5.870058221315623825e+00 9.631282587623726954e+01 3.736426798644091605e+02
5.872824063874487877e+01 5.870058221315623825e+00 9.631282587623726954e+01 3.736426798644091605e+02
5.872824063874487877e+01 5.870058221315623825e+00 9.631282587623726954e+01 3.736426798644091605e+02
5.872824063874487877e+01 5.870058221315623825e+00 9.631282587623726954e+01 3.736426798644091605e+02
5.872824063874487877e+01 5.870058221315623825e+00 9.631282587623726954e+01 3.736426798644091605e+02
5.872824063874487877e+01 5.870058221315623825e+00 9.631282587623726954e+01 3.736426798644091605e+02
5.872824063874487877e+01 5.870058221315623825e+00 9.631282587623726954e+01 3.736426798644091605e+02
5.872824063874487877e+01 5.870058221315623825e+00 9.631282587623726954e+01 3.736426798644091605e+02
5.872824063874487877e+01 5.870058221315623825e+00 9.631282587623726954e+01 3.736426798644091605e+02
5.872824063874487877e+01 5.870058221315623825e+00 9.631282587623726954e+01 3.736426798644091605e+02
5.985625480727366465e+01 5.912696309672286432e+00 8.359881802705935172e+01 3.734721874756810962e+02
6.021045012945420893e+01 6.293424381351399255e+00 7.188542504980253511e+01 3.699197898836672493e+02
6.082040469030980034e+01 6.280415292901365021e+00 6.775921710430652922e+01 3.793181900537484239e+02
6.118491684150316701e+01 6.130462999818170111e+00 6.958668422664196385e+01 3.725124922818543496e+02
6.078431847892304773e+01 6.068718095162803472e+00 6.869165910435616240e+01 3.764935910564900041e+02
6.078431847892304773e+01 6.068718095162803472e+00 6.869165910435616240e+01 3.764935910564900041e+02
6.078431847892304773e+01 6.068718095162803472e+00 6.869165910435616240e+01 3.764935910564900041e+02
6.078431847892304773e+01 6.068718095162803472e+00 6.869165910435616240e+01 3.764935910564900041e+02
6.078431847892304773e+01 6.068718095162803472e+00 6.869165910435616240e+01 3.764935910564900041e+02
6.078431847892304773e+01 6.068718095162803472e+00 6.869165910435616240e+01 3.764935910564900041e+02
6.001321937202877166e+01 6.319142573717399181e+00 6.655272690202849617e+01 3.739610655958409779e+02
6.027648675996951511e+01 6.216587096415052471e+00 6.616276887759876502e+01 3.770228687604952711e+02
6.027648675996951511e+01 6.216587096415052471e+00 6.616276887759876502e+01 3.770228687604952711e+02
6.027648675996951511e+01 6.216587096415052471e+00 6.616276887759876502e+01 3.770228687604952711e+02
6.027648675996951511e+01 6.216587096415052471e+00 6.616276887759876502e+01 3.770228687604952711e+02
6.027648675996951511e+01 6.216587096415052471e+00 6.616276887759876502e+01 3.770228687604952711e+02
6.027648675996951511e+01 6.216587096415052471e+00 6.616276887759876502e+01 3.770228687604952711e+02
6.027648675996951511e+01 6.216587096415052471e+00 6.616276887759876502e+01 3.770228687604952711e+02
6.027648675996951511e+01 6.216587096415052471e+00 6.616276887759876502e+01 3.770228687604952711e+02
6.027648675996951511e+01 6.216587096415052471e+00 6.616276887759876502e+01 3.770228687604952711e+02
6.027648675996951511e+01 6.216587096415052471e+00 6.616276887759876502e+01 3.770228687604952711e+02
6.062244049083911790e+01 6.256106535288497028e+00 6.550253321546836105e+01 3.673602294258297434e+02
6.062244049083911790e+01 6.256106535288497028e+00 6.550253321546836105e+01 3.673602294258297434e+02
6.062244049083911790e+01 6.256106535288497028e+00 6.550253321546836105e+01 3.673602294258297434e+02
6.062244049083911790e+01 6.256106535288497028e+00 6.550253321546836105e+01 3.673602294258297434e+02
6.062244049083911790e+01 6.256106535288497028e+00 6.550253321546836105e+01 3.673602294258297434e+02
6.062244049083911790e+01 6.256106535288497028e+00 6.550253321546836105e+01 3.673602294258297434e+02
6.062244049083911790e+01 6.256106535288497028e+00 6.550253321546836105e+01 3.673602294258297434e+02
