8.537164106772008381e+03 1.702830890072359762e+04 2.888666420275767799e+06 2.482584326959593568e+01
8.537164106772008381e+03 1.702830890072359762e+04 2.888666420275767799e+06 2.482584326959593568e+01
8.085473959163085055e+03 1.512775033653078754e+04 2.692075178054522723e+06 2.482584326959593568e+01
8.085473959163085055e+03 1.512775033653078754e+04 2.692075178054522723e+06 2.482584326959593568e+01
8.358540504512297048e+03 1.326867810521039792e+04 2.832143275699703954e+06 2.482584326959593568e+01
6.830482666422650254e+03 1.207281081552945579e+04 2.511346686392336152e+06 2.482584326959593568e+01
5.550512872041828814e+03 1.084639385989669972e+04 2.312403536796361208e+06 2.482584326959593568e+01
5.189572705480377408e+03 1.063783456033182665e+04 2.283224151956739370e+06 2.482584326959593568e+01
5.055149877446926439e+03 1.107284934952685762e+04 2.029254528904119739e+06 2.482584326959593568e+01
5.055149877446926439e+03 1.107284934952685762e+04 2.029254528904119739e+06 2.482584326959593568e+01
5.155382624779174876e+03 8.026390974925811861e+03 2.085376464356856653e+06 2.482584326959593568e+01
4.950372172452481209e+03 7.001102637544160643e+03 2.061270776019224897e+06 2.482584326959593568e+01
5.054357075294130482e+03 6.839618556872131194e+03 2.040003932851426071e+06 2.482584326959593568e+01
5.309218934414871910e+03 6.257680764204083061e+03 2.030802143720767461e+06 2.482584326959593568e+01
5.309218934414871910e+03 6.257680764204083061e+03 2.030802143720767461e+06 2.482584326959593568e+01
4.853830257683302989e+03 5.836051529860724258e+03 1.903445503904433222e+06 2.482584326959593568e+01
4.803639613585381085e+03 2.730432833032781673e+03 1.852494455961651169e+06 2.482584326959593568e+01
4.803639613585381085e+03 2.730432833032781673e+03 1.852494455961651169e+06 2.482584326959593568e+01
4.029733573817022261e+03 2.264299571637290683e+03 1.641236641133398050e+06 2.482584326959593568e+01
4.029733573817022261e+03 2.264299571637290683e+03 1.641236641133398050e+06 2.482584326959593568e+01
3.557516023173977828e+03 2.049756221222257864e+03 1.399656866210649256e+06 2.482584326959593568e+01
3.557516023173977828e+03 2.049756221222257864e+03 1.399656866210649256e+06 2.482584326959593568e+01
3.468823275254282180e+03 2.003730738077215165e+03 1.383746863095622975e+06 2.482584326959593568e+01
3.262357983003510526e+03 1.896732514612492196e+03 1.330427638637945056e+06 2.482584326959593568e+01
3.001367266524915067e+03 1.821914317118282725e+03 1.211508043366778176e+06 2.482584326959593568e+01
3.001367266524915067e+03 1.821914317118282725e+03 1.211508043366778176e+06 2.482584326959593568e+01
3.001367266524915067e+03 1.821914317118282725e+03 1.211508043366778176e+06 2.482584326959593568e+01
2.289353704041232504e+03 1.575387081085714271e+03 1.040478694596646237e+06 2.482584326959593568e+01
1.775963501394553077e+03 9.988156197484963741e+02 9.345819667177959345e+05 2.685700629359592995e+01
1.465141585688657187e+03 7.615249218464780370e+02 8.076471780280276434e+05 2.923615607821256646e+01
1.054758293087395032e+03 7.148178356420470436e+02 6.211522120928262593e+05 3.879234800893777191e+01
1.054758293087395032e+03 7.148178356420470436e+02 6.211522120928262593e+05 3.879234800893777191e+01
1.054758293087395032e+03 7.148178356420470436e+02 6.211522120928262593e+05 3.879234800893777191e+01
9.007314210236684175e+02 7.485824203489929687e+02 5.521339178630486131e+05 4.727825047161410765e+01
9.104856569789805008e+02 7.443885121576098527e+02 5.555383550555860857e+05 4.653593202469671297e+01
9.104856569789805008e+02 7.443885121576098527e+02 5.555383550555860857e+05 4.653593202469671297e+01
8.831467242786974339e+02 7.575175108397916119e+02 5.543449377178803552e+05 4.556723322406033816e+01
8.831467242786974339e+02 7.575175108397916119e+02 5.543449377178803552e+05 4.556723322406033816e+01
8.831467242786974339e+02 7.575175108397916119e+02 5.543449377178803552e+05 4.556723322406033816e+01
7.341015531161110630e+02 7.244899298164357333e+02 4.819381794421527302e+05 5.978289453618000238e+01
7.341015531161110630e+02 7.244899298164357333e+02 4.819381794421527302e+05 5.978289453618000238e+01
6.543537037628220787e+02 6.671134092373316662e+02 4.551620487655680627e+05 6.779456225007744763e+01
6.543537037628220787e+02 6.671134092373316662e+02 4.551620487655680627e+05 6.779456225007744763e+01
5.536017620338702727e+02 6.693890455430132533e+02 4.210363369790994911e+05 7.806125051632493239e+01
5.536017620338702727e+02 6.693890455430132533e+02 4.210363369790994911e+05 7.806125051632493239e+01
5.471958384044569357e+02 6.712979883322370824e+02 4.103708899243935011e+05 8.049895229318583745e+01
2.186294946766653311e+02 5.999127593441861563e+02 2.772960797287955065e+05 1.364918069143300556e+02
2.186294946766653311e+02 5.999127593441861563e+02 2.772960797287955065e+05 1.364918069143300556e+02
8.217290864735896605e+01 5.683922956864041680e+02 1.619273502914637502e+05 1.700976152483181920e+02
8.217290864735896605e+01 5.683922956864041680e+02 1.619273502914637502e+05 1.700976152483181920e+02
8.217290864735896605e+01 5.683922956864041680e+02 1.619273502914637502e+05 1.700976152483181920e+02
7.666285177518592775e+01 5.820968041090900442e+02 1.521648201110299560e+05 1.805137168317970691e+02
7.666285177518592775e+01 5.820968041090900442e+02 1.521648201110299560e+05 1.805137168317970691e+02
7.315655320315948984e+01 5.732737566111304659e+02 1.487271516740916995e+05 1.860839401137650952e+02
6.567861426431001348e+01 5.520341766748518921e+02 1.351563464739359333e+05 1.838336236255806568e+02
6.514465355235434174e+01 5.407697481829624166e+02 1.290245072975802177e+05 1.750446540623485419e+02
6.464723871841539449e+01 5.374887663952441699e+02 1.323222871446509671e+05 1.727336705506831720e+02
6.916967705076223183e+01 5.052920185112159288e+02 1.330909711012203188e+05 1.685997493318532179e+02
6.916967705076223183e+01 5.052920185112159288e+02 1.330909711012203188e+05 1.685997493318532179e+02
6.916967705076223183e+01 5.052920185112159288e+02 1.330909711012203188e+05 1.685997493318532179e+02
6.916967705076223183e+01 5.052920185112159288e+02 1.330909711012203188e+05 1.685997493318532179e+02
6.916967705076223183e+01 5.052920185112159288e+02 1.330909711012203188e+05 1.685997493318532179e+02
6.970391193878924696e+01 5.117645964844840023e+02 1.310749391001243202e+05 1.691275921740796377e+02
6.970391193878924696e+01 5.117645964844840023e+02 1.310749391001243202e+05 1.691275921740796377e+02
6.283606310708862708e+01 5.374191752229864960e+02 1.210350530485550844e+05 1.907303044127990859e+02
4.652146540769202687e+01 4.904343982212930086e+02 1.015098358620508225e+05 2.412270323991006364e+02
4.330697817903400448e+01 4.776438794694334433e+02 8.298391450890540727e+04 2.998094279499879917e+02
4.588781246702209415e+01 4.319470071202789541e+02 7.494906357414308877e+04 3.143086195115785131e+02
4.588781246702209415e+01 4.319470071202789541e+02 7.494906357414308877e+04 3.143086195115785131e+02
4.588781246702209415e+01 4.319470071202789541e+02 7.494906357414308877e+04 3.143086195115785131e+02
4.588781246702209415e+01 4.319470071202789541e+02 7.494906357414308877e+04 3.143086195115785131e+02
4.588781246702209415e+01 4.319470071202789541e+02 7.494906357414308877e+04 3.143086195115785131e+02
4.588781246702209415e+01 4.319470071202789541e+02 7.494906357414308877e+04 3.143086195115785131e+02
4.588781246702209415e+01 4.319470071202789541e+02 7.494906357414308877e+04 3.143086195115785131e+02
4.430298720065111695e+01 4.397692804481554845e+02 8.415622004700743128e+04 2.808876086378390369e+02
3.901606181429878006e+01 4.300895385125188568e+02 6.954690237184301077e+04 3.066407254620637559e+02
3.732937773139060766e+01 4.240409152816903315e+02 6.899627108150703134e+04 3.033909058939020724e+02
3.677121727906217785e+01 4.255024274873730974e+02 8.299636482573501416e+04 2.446387511390724114e+02
3.677121727906217785e+01 4.255024274873730974e+02 8.299636482573501416e+04 2.446387511390724114e+02
3.677121727906217785e+01 4.255024274873730974e+02 8.299636482573501416e+04 2.446387511390724114e+02
3.677121727906217785e+01 4.255024274873730974e+02 8.299636482573501416e+04 2.446387511390724114e+02
3.677121727906217785e+01 4.255024274873730974e+02 8.299636482573501416e+04 2.446387511390724114e+02
3.594694209986563038e+01 4.277042014584883418e+02 6.910314557841276110e+04 2.849590924248664692e+02
3.504590629581677064e+01 4.256819592728480757e+02 7.175194786998095515e+04 2.700653351177259083e+02
3.504590629581677064e+01 4.256819592728480757e+02 7.175194786998095515e+04 2.700653351177259083e+02
3.504590629581677064e+01 4.256819592728480757e+02 7.175194786998095515e+04 2.700653351177259083e+02
3.504590629581677064e+01 4.256819592728480757e+02 7.175194786998095515e+04 2.700653351177259083e+02
3.339240194471467760e+01 4.115521270775839753e+02 6.322743713360233232e+04 2.945012760828762453e+02
3.339240194471467760e+01 4.115521270775839753e+02 6.322743713360233232e+04 2.945012760828762453e+02
3.339240194471467760e+01 4.115521270775839753e+02 6.322743713360233232e+04 2.945012760828762453e+02
3.339240194471467760e+01 4.115521270775839753e+02 6.322743713360233232e+04 2.945012760828762453e+02
3.391778407753968594e+01 4.069624281878826650e+02 6.204487831154200103e+04 2.978527225831739429e+02
3.391778407753968594e+01 4.069624281878826650e+02 6.204487831154200103e+04 2.978527225831739429e+02
3.402861931838456400e+01 3.969436105405365538e+02 6.098149856749986793e+04 3.040022553980167004e+02
3.443478667966187601e+01 3.547770707512820536e+02 6.276498505306339939e+04 2.987381513226191032e+02
3.443478667966187601e+01 3.547770707512820536e+02 6.276498505306339939e+04 2.987381513226191032e+02
3.443478667966187601e+01 3.547770707512820536e+02 6.276498505306339939e+04 2.987381513226191032e+02
3.443478667966187601e+01 3.547770707512820536e+02 6.276498505306339939e+04 2.987381513226191032e+02
3.421849792339985896e+01 3.664133018171859817e+02 5.169703357439534739e+04 3.176129287032509296e+02
3.421849792339985896e+01 3.664133018171859817e+02 5.169703357439534739e+04 3.176129287032509296e+02
3.421849792339985896e+01 3.664133018171859817e+02 5.169703357439534739e+04 3.176129287032509296e+02
3.421849792339985896e+01 3.664133018171859817e+02 5.169703357439534739e+04 3.176129287032509296e+02
3.551960979474795721e+01 3.645091912510079624e+02 4.779172910821326514e+04 3.331198575896726197e+02
3.536434267209464366e+01 3.624330120061213734e+02 4.806172259471865254e+04 3.315500970796757656e+02
3.510711196966870773e+01 3.556580970067284397e+02 4.811867249493830604e+04 3.311583889059849071e+02
3.510711196966870773e+01 3.556580970067284397e+02 4.811867249493830604e+04 3.311583889059849071e+02
3.548979445192139792e+01 3.509579775236794603e+02 4.283735337374004303e+04 3.374866502036283009e+02
4.355034366218420416e+01 3.410183981532815665e+02 2.438621782343539599e+04 3.899586965377038155e+02
5.353344216848701365e+01 3.442318378506928411e+02 1.459996030769019671e+04 4.271010309203933843e+02
5.353344216848701365e+01 3.442318378506928411e+02 1.459996030769019671e+04 4.271010309203933843e+02
5.377704601092116832e+01 3.434762720805926506e+02 1.407151316636302181e+04 4.277694653493289252e+02
5.377704601092116832e+01 3.434762720805926506e+02 1.407151316636302181e+04 4.277694653493289252e+02
5.232892688895114475e+01 3.406046445396214608e+02 1.447599228360489724e+04 4.274488117550258153e+02
2.990336895176839249e+01 3.168324815541456587e+02 2.240270964674014613e+04 3.718320559056654133e+02
2.990336895176839249e+01 3.168324815541456587e+02 2.240270964674014613e+04 3.718320559056654133e+02
2.622458093060112461e+01 2.917005731830627155e+02 2.727680782976032060e+04 3.474454636934831342e+02
3.002102868206133124e+01 2.836990830163571786e+02 1.894406658944016453e+04 3.775878899433926108e+02
3.134420206101265904e+01 2.683940728583880855e+02 1.652974193653781549e+04 3.826580478030715540e+02
3.626326494180668192e+01 2.720824101161756516e+02 1.196763629141136516e+04 4.052903069026165213e+02
5.268096222766366310e+01 2.501961455481166468e+02 5.164541696740316183e+03 4.390122671912102987e+02
5.268096222766366310e+01 2.501961455481166468e+02 5.164541696740316183e+03 4.390122671912102987e+02
5.268096222766366310e+01 2.501961455481166468e+02 5.164541696740316183e+03 4.390122671912102987e+02
5.674169309675140482e+01 2.396838336876085691e+02 4.089331150878930202e+03 4.486600838110323934e+02
5.674169309675140482e+01 2.396838336876085691e+02 4.089331150878930202e+03 4.486600838110323934e+02
5.674169309675140482e+01 2.396838336876085691e+02 4.089331150878930202e+03 4.486600838110323934e+02
5.674169309675140482e+01 2.396838336876085691e+02 4.089331150878930202e+03 4.486600838110323934e+02
5.674169309675140482e+01 2.396838336876085691e+02 4.089331150878930202e+03 4.486600838110323934e+02
6.086442305385975260e+01 2.424201497652080093e+02 3.593967371970270506e+03 4.506212111900429704e+02
5.359845966535664274e+01 1.653450909508680695e+02 3.473560136518437048e+03 4.186684195015773184e+02
5.359845966535664274e+01 1.653450909508680695e+02 3.473560136518437048e+03 4.186684195015773184e+02
5.561983808298494125e+01 1.654272453364913531e+02 3.284793577142447248e+03 4.196743965646789434e+02
5.561983808298494125e+01 1.654272453364913531e+02 3.284793577142447248e+03 4.196743965646789434e+02
5.040246545364762909e+01 1.595779805587974636e+02 3.486970036399062792e+03 4.107041259493369125e+02
5.040246545364762909e+01 1.595779805587974636e+02 3.486970036399062792e+03 4.107041259493369125e+02
5.040246545364762909e+01 1.595779805587974636e+02 3.486970036399062792e+03 4.107041259493369125e+02
5.298338055507127820e+01 1.496824932271540831e+02 3.391077746838648636e+03 4.034483721818587583e+02
5.550047777177928054e+01 1.528302146410282205e+02 2.925262363995702799e+03 4.224746197574211806e+02
5.607240036107754833e+01 1.495493211595616856e+02 2.893423245418944134e+03 4.181218042304672622e+02
6.730693876133621245e+01 9.929895960272352795e+01 2.914164848128309131e+03 3.845186800748197697e+02
6.730693876133621245e+01 9.929895960272352795e+01 2.914164848128309131e+03 3.845186800748197697e+02
6.730693876133621245e+01 9.929895960272352795e+01 2.914164848128309131e+03 3.845186800748197697e+02
6.730693876133621245e+01 9.929895960272352795e+01 2.914164848128309131e+03 3.845186800748197697e+02
6.730693876133621245e+01 9.929895960272352795e+01 2.914164848128309131e+03 3.845186800748197697e+02
7.456432611170281177e+01 8.833160781817436202e+01 2.807012784995282800e+03 3.758216950312213385e+02
7.456432611170281177e+01 8.833160781817436202e+01 2.807012784995282800e+03 3.758216950312213385e+02
6.304112366113227495e+01 9.288002738335954689e+01 2.664039187804234643e+03 3.669974231307130026e+02
6.170149131035388734e+01 8.813014845626253191e+01 2.809581709052398310e+03 3.673825194281730546e+02
6.170149131035388734e+01 8.813014845626253191e+01 2.809581709052398310e+03 3.673825194281730546e+02
6.170149131035388734e+01 8.813014845626253191e+01 2.809581709052398310e+03 3.673825194281730546e+02
6.170149131035388734e+01 8.813014845626253191e+01 2.809581709052398310e+03 3.673825194281730546e+02
6.685609744305946833e+01 8.153676953388014681e+01 2.253538844288846576e+03 3.740682619584307531e+02
6.697406883103140274e+01 7.998071617462716176e+01 2.252716117078385196e+03 3.760477821820116446e+02
6.697406883103140274e+01 7.998071617462716176e+01 2.252716117078385196e+03 3.760477821820116446e+02
6.837771396513996081e+01 7.096401361568092625e+01 2.276510143582718683e+03 3.639680331608334996e+02
6.837771396513996081e+01 7.096401361568092625e+01 2.276510143582718683e+03 3.639680331608334996e+02
6.837771396513996081e+01 7.096401361568092625e+01 2.276510143582718683e+03 3.639680331608334996e+02
7.581977293760867553e+01 6.143505744087722320e+01 2.197416661641776045e+03 3.556942277446097478e+02
7.581977293760867553e+01 6.143505744087722320e+01 2.197416661641776045e+03 3.556942277446097478e+02
7.581977293760867553e+01 6.143505744087722320e+01 2.197416661641776045e+03 3.556942277446097478e+02
7.581977293760867553e+01 6.143505744087722320e+01 2.197416661641776045e+03 3.556942277446097478e+02
7.581977293760867553e+01 6.143505744087722320e+01 2.197416661641776045e+03 3.556942277446097478e+02
7.685022535954833245e+01 5.875005835833004397e+01 2.222348489980829527e+03 3.548326182216042639e+02
7.589055843854863781e+01 5.910697639519516144e+01 2.175940847485599079e+03 3.559643873706477848e+02
7.589055843854863781e+01 5.910697639519516144e+01 2.175940847485599079e+03 3.559643873706477848e+02
8.399685653180101497e+01 4.940694747180375401e+01 2.159315141708112606e+03 3.452137886544704202e+02
8.022091992811216699e+01 5.136913670061075265e+01 2.157115847368147570e+03 3.446304035533923411e+02
8.022091992811216699e+01 5.136913670061075265e+01 2.157115847368147570e+03 3.446304035533923411e+02
8.022091992811216699e+01 5.136913670061075265e+01 2.157115847368147570e+03 3.446304035533923411e+02
8.022091992811216699e+01 5.136913670061075265e+01 2.157115847368147570e+03 3.446304035533923411e+02
8.022091992811216699e+01 5.136913670061075265e+01 2.157115847368147570e+03 3.446304035533923411e+02
8.022091992811216699e+01 5.136913670061075265e+01 2.157115847368147570e+03 3.446304035533923411e+02
8.022091992811216699e+01 5.136913670061075265e+01 2.157115847368147570e+03 3.446304035533923411e+02
8.296072387434062989e+01 5.064572375254896741e+01 2.074091492613583341e+03 3.453066237972321346e+02
8.296072387434062989e+01 5.064572375254896741e+01 2.074091492613583341e+03 3.453066237972321346e+02
8.296072387434062989e+01 5.064572375254896741e+01 2.074091492613583341e+03 3.453066237972321346e+02
8.296072387434062989e+01 5.064572375254896741e+01 2.074091492613583341e+03 3.453066237972321346e+02
9.208880834669457727e+01 4.464000160364628300e+01 2.045030955401639176e+03 3.367931167982346778e+02
9.208880834669457727e+01 4.464000160364628300e+01 2.045030955401639176e+03 3.367931167982346778e+02
9.208880834669457727e+01 4.464000160364628300e+01 2.045030955401639176e+03 3.367931167982346778e+02
9.149453732940814632e+01 4.380058881476419685e+01 2.089527048527796069e+03 3.354668877320137312e+02
9.149453732940814632e+01 4.380058881476419685e+01 2.089527048527796069e+03 3.354668877320137312e+02
9.149453732940814632e+01 4.380058881476419685e+01 2.089527048527796069e+03 3.354668877320137312e+02
9.149453732940814632e+01 4.380058881476419685e+01 2.089527048527796069e+03 3.354668877320137312e+02
9.149453732940814632e+01 4.380058881476419685e+01 2.089527048527796069e+03 3.354668877320137312e+02
8.919979220205782156e+01 4.581245889695578910e+01 1.971000944626519413e+03 3.441184907257027703e+02
8.919979220205782156e+01 4.581245889695578910e+01 1.971000944626519413e+03 3.441184907257027703e+02
8.919979220205782156e+01 4.581245889695578910e+01 1.971000944626519413e+03 3.441184907257027703e+02
8.919979220205782156e+01 4.581245889695578910e+01 1.971000944626519413e+03 3.441184907257027703e+02
8.919979220205782156e+01 4.581245889695578910e+01 1.971000944626519413e+03 3.441184907257027703e+02
8.919979220205782156e+01 4.581245889695578910e+01 1.971000944626519413e+03 3.441184907257027703e+02
8.919979220205782156e+01 4.581245889695578910e+01 1.971000944626519413e+03 3.441184907257027703e+02
9.790350823889214382e+01 4.211395552783050533e+01 1.853821407741787880e+03 3.415161958444098218e+02
9.790350823889214382e+01 4.211395552783050533e+01 1.853821407741787880e+03 3.415161958444098218e+02
9.070674396085033209e+01 4.288049144026838633e+01 1.894647707910359259e+03 3.385955492979326209e+02
9.070674396085033209e+01 4.288049144026838633e+01 1.894647707910359259e+03 3.385955492979326209e+02
9.070674396085033209e+01 4.288049144026838633e+01 1.894647707910359259e+03 3.385955492979326209e+02
9.070674396085033209e+01 4.288049144026838633e+01 1.894647707910359259e+03 3.385955492979326209e+02
9.070674396085033209e+01 4.288049144026838633e+01 1.894647707910359259e+03 3.385955492979326209e+02
9.070674396085033209e+01 4.288049144026838633e+01 1.894647707910359259e+03 3.385955492979326209e+02
9.436892556584170677e+01 4.181762367394871660e+01 1.726911574959799736e+03 3.386831634231043608e+02
9.436892556584170677e+01 4.181762367394871660e+01 1.726911574959799736e+03 3.386831634231043608e+02
9.436892556584170677e+01 4.181762367394871660e+01 1.726911574959799736e+03 3.386831634231043608e+02
9.427695403451170364e+01 4.193534531190328352e+01 1.704564445245428942e+03 3.364587978194808784e+02
9.172889862105978409e+01 4.209700573846142646e+01 1.695725387553795827e+03 3.393072643258948915e+02
8.673473758931618249e+01 4.141930924649546597e+01 1.495289577707546641e+03 3.393706748241976925e+02
8.713297172901847887e+01 4.228031180570712166e+01 1.440828756004884553e+03 3.390981546002871028e+02
8.713297172901847887e+01 4.228031180570712166e+01 1.440828756004884553e+03 3.390981546002871028e+02
8.713297172901847887e+01 4.228031180570712166e+01 1.440828756004884553e+03 3.390981546002871028e+02
8.613421830879889285e+01 4.252701238506531922e+01 1.439917939110378711e+03 3.410658679894161764e+02
8.613421830879889285e+01 4.252701238506531922e+01 1.439917939110378711e+03 3.410658679894161764e+02
8.631799504278292545e+01 4.366751250730099798e+01 1.348947756512171509e+03 3.438496779062518272e+02
8.631799504278292545e+01 4.366751250730099798e+01 1.348947756512171509e+03 3.438496779062518272e+02
8.705937380307526041e+01 4.360645785893537152e+01 1.168499188485774312e+03 3.531620423516949927e+02
8.705937380307526041e+01 4.360645785893537152e+01 1.168499188485774312e+03 3.531620423516949927e+02
8.705937380307526041e+01 4.360645785893537152e+01 1.168499188485774312e+03 3.531620423516949927e+02
8.705937380307526041e+01 4.360645785893537152e+01 1.168499188485774312e+03 3.531620423516949927e+02
7.750314074389017094e+01 4.536596927911502775e+01 1.169886283912714134e+03 3.750919181504792164e+02
7.699873833670871193e+01 4.562358898151349962e+01 1.147913208123441336e+03 3.741516911981113935e+02
6.956794550065515637e+01 4.526884945797718984e+01 1.221756139128833638e+03 3.703528698691588374e+02
6.956794550065515637e+01 4.526884945797718984e+01 1.221756139128833638e+03 3.703528698691588374e+02
7.301395296720583872e+01 4.398968002334679994e+01 1.145873040018284655e+03 3.706127169433876816e+02
7.301395296720583872e+01 4.398968002334679994e+01 1.145873040018284655e+03 3.706127169433876816e+02
7.313325246530642687e+01 4.414424150743635522e+01 1.138545513982782040e+03 3.701369990868966511e+02
7.313325246530642687e+01 4.414424150743635522e+01 1.138545513982782040e+03 3.701369990868966511e+02
7.313325246530642687e+01 4.414424150743635522e+01 1.138545513982782040e+03 3.701369990868966511e+02
7.313325246530642687e+01 4.414424150743635522e+01 1.138545513982782040e+03 3.701369990868966511e+02
6.640616773644856607e+01 4.484617801550488991e+01 1.194538943266027445e+03 3.724281974954308225e+02
6.640616773644856607e+01 4.484617801550488991e+01 1.194538943266027445e+03 3.724281974954308225e+02
6.640616773644856607e+01 4.484617801550488991e+01 1.194538943266027445e+03 3.724281974954308225e+02
7.825930670369139364e+01 4.337231033763180221e+01 7.219211194862313050e+02 3.685494603176165924e+02
6.696092972041971336e+01 5.305877034170770656e+01 5.504835872727725246e+02 4.056727348564183444e+02
6.696092972041971336e+01 5.305877034170770656e+01 5.504835872727725246e+02 4.056727348564183444e+02
6.696092972041971336e+01 5.305877034170770656e+01 5.504835872727725246e+02 4.056727348564183444e+02
6.582057014199452283e+01 5.381103707306290573e+01 5.543452431784381815e+02 4.023621276590462799e+02
6.582057014199452283e+01 5.381103707306290573e+01 5.543452431784381815e+02 4.023621276590462799e+02
6.513384203389455251e+01 5.070387194669867625e+01 5.586539886816375429e+02 4.219225172269219684e+02
6.513384203389455251e+01 5.070387194669867625e+01 5.586539886816375429e+02 4.219225172269219684e+02
6.513384203389455251e+01 5.070387194669867625e+01 5.586539886816375429e+02 4.219225172269219684e+02
6.513384203389455251e+01 5.070387194669867625e+01 5.586539886816375429e+02 4.219225172269219684e+02
6.513384203389455251e+01 5.070387194669867625e+01 5.586539886816375429e+02 4.219225172269219684e+02
6.513384203389455251e+01 5.070387194669867625e+01 5.586539886816375429e+02 4.219225172269219684e+02
6.419508086843615047e+01 5.154875282401034298e+01 5.476148057265014586e+02 4.242059972030962740e+02
6.419508086843615047e+01 5.154875282401034298e+01 5.476148057265014586e+02 4.242059972030962740e+02
6.407304953863391006e+01 4.811310166330707005e+01 5.415015380142789354e+02 4.207436200745337374e+02
6.407304953863391006e+01 4.811310166330707005e+01 5.415015380142789354e+02 4.207436200745337374e+02
6.354784489200933706e+01 4.671510064397349282e+01 5.430738341555855868e+02 4.170961072217406809e+02
6.355423958220538339e+01 4.595897437694247145e+01 5.420772557757322829e+02 4.147878455657843801e+02
6.355423958220538339e+01 4.595897437694247145e+01 5.420772557757322829e+02 4.147878455657843801e+02
6.564999287213655066e+01 4.479623038511854105e+01 5.112500930570033120e+02 4.110889334412578364e+02
6.614765268104831364e+01 4.517907910345360278e+01 4.861216997911872681e+02 4.112810365634160803e+02
6.614765268104831364e+01 4.517907910345360278e+01 4.861216997911872681e+02 4.112810365634160803e+02
6.614765268104831364e+01 4.517907910345360278e+01 4.861216997911872681e+02 4.112810365634160803e+02
6.614765268104831364e+01 4.517907910345360278e+01 4.861216997911872681e+02 4.112810365634160803e+02
6.614765268104831364e+01 4.517907910345360278e+01 4.861216997911872681e+02 4.112810365634160803e+02
7.065857324081765967e+01 4.215042234393215637e+01 4.456736484330978101e+02 3.940579522310633820e+02
7.065857324081765967e+01 4.215042234393215637e+01 4.456736484330978101e+02 3.940579522310633820e+02
7.229766887692814237e+01 4.241840086060397397e+01 4.326365014608354045e+02 3.826232903380688981e+02
7.229766887692814237e+01 4.241840086060397397e+01 4.326365014608354045e+02 3.826232903380688981e+02
7.251267900034441993e+01 4.251168735758415806e+01 4.305168928874001040e+02 3.819129874141223695e+02
7.074360622517117747e+01 4.232367537621718867e+01 4.267414724980500864e+02 3.921743468552947434e+02
7.074360622517117747e+01 4.232367537621718867e+01 4.267414724980500864e+02 3.921743468552947434e+02
7.116699940922121925e+01 4.233008170597619113e+01 4.093320991651260670e+02 3.930595965624277142e+02
7.116699940922121925e+01 4.233008170597619113e+01 4.093320991651260670e+02 3.930595965624277142e+02
7.116699940922121925e+01 4.233008170597619113e+01 4.093320991651260670e+02 3.930595965624277142e+02
7.116699940922121925e+01 4.233008170597619113e+01 4.093320991651260670e+02 3.930595965624277142e+02
7.116699940922121925e+01 4.233008170597619113e+01 4.093320991651260670e+02 3.930595965624277142e+02
7.116699940922121925e+01 4.233008170597619113e+01 4.093320991651260670e+02 3.930595965624277142e+02
7.116699940922121925e+01 4.233008170597619113e+01 4.093320991651260670e+02 3.930595965624277142e+02
7.116699940922121925e+01 4.233008170597619113e+01 4.093320991651260670e+02 3.930595965624277142e+02
7.116699940922121925e+01 4.233008170597619113e+01 4.093320991651260670e+02 3.930595965624277142e+02
7.116699940922121925e+01 4.233008170597619113e+01 4.093320991651260670e+02 3.930595965624277142e+02
7.116699940922121925e+01 4.233008170597619113e+01 4.093320991651260670e+02 3.930595965624277142e+02
6.989475981671242266e+01 4.193771524468085232e+01 4.232006199780214502e+02 3.894287968228848626e+02
6.989475981671242266e+01 4.193771524468085232e+01 4.232006199780214502e+02 3.894287968228848626e+02
6.989475981671242266e+01 4.193771524468085232e+01 4.232006199780214502e+02 3.894287968228848626e+02
6.989475981671242266e+01 4.193771524468085232e+01 4.232006199780214502e+02 3.894287968228848626e+02
6.989475981671242266e+01 4.193771524468085232e+01 4.232006199780214502e+02 3.894287968228848626e+02
6.989475981671242266e+01 4.193771524468085232e+01 4.232006199780214502e+02 3.894287968228848626e+02
7.081822829447521883e+01 4.196993960758764075e+01 3.995429876582885527e+02 3.886027149704739259e+02
7.081822829447521883e+01 4.196993960758764075e+01 3.995429876582885527e+02 3.886027149704739259e+02
7.081822829447521883e+01 4.196993960758764075e+01 3.995429876582885527e+02 3.886027149704739259e+02
7.081822829447521883e+01 4.196993960758764075e+01 3.995429876582885527e+02 3.886027149704739259e+02
7.081822829447521883e+01 4.196993960758764075e+01 3.995429876582885527e+02 3.886027149704739259e+02
7.081822829447521883e+01 4.196993960758764075e+01 3.995429876582885527e+02 3.886027149704739259e+02
7.081822829447521883e+01 4.196993960758764075e+01 3.995429876582885527e+02 3.886027149704739259e+02
7.081822829447521883e+01 4.196993960758764075e+01 3.995429876582885527e+02 3.886027149704739259e+02
6.897334918119410929e+01 4.142838889449247830e+01 3.924651234862756723e+02 3.944307187417747400e+02
6.897334918119410929e+01 4.142838889449247830e+01 3.924651234862756723e+02 3.944307187417747400e+02
6.897334918119410929e+01 4.142838889449247830e+01 3.924651234862756723e+02 3.944307187417747400e+02
6.897334918119410929e+01 4.142838889449247830e+01 3.924651234862756723e+02 3.944307187417747400e+02
6.897334918119410929e+01 4.142838889449247830e+01 3.924651234862756723e+02 3.944307187417747400e+02
6.897334918119410929e+01 4.142838889449247830e+01 3.924651234862756723e+02 3.944307187417747400e+02
6.897334918119410929e+01 4.142838889449247830e+01 3.924651234862756723e+02 3.944307187417747400e+02
6.897334918119410929e+01 4.142838889449247830e+01 3.924651234862756723e+02 3.944307187417747400e+02
6.897334918119410929e+01 4.142838889449247830e+01 3.924651234862756723e+02 3.944307187417747400e+02
6.339247718152122957e+01 4.183261102884279126e+01 4.042673539391356599e+02 4.040572196568767822e+02
6.826411752852695258e+01 4.124623349920609172e+01 3.607857842758484139e+02 4.134886566873370839e+02
6.981979738360104193e+01 3.989311727385341300e+01 3.053577086225730568e+02 4.048526580361595961e+02
6.596401114815043343e+01 3.829742318745366703e+01 3.163551006570024811e+02 4.080226796619151060e+02
6.596401114815043343e+01 3.829742318745366703e+01 3.163551006570024811e+02 4.080226796619151060e+02
6.596401114815043343e+01 3.829742318745366703e+01 3.163551006570024811e+02 4.080226796619151060e+02
6.621049296044662924e+01 3.849548026719877925e+01 3.081802927621342860e+02 4.025957701416942314e+02
6.621049296044662924e+01 3.849548026719877925e+01 3.081802927621342860e+02 4.025957701416942314e+02
6.621049296044662924e+01 3.849548026719877925e+01 3.081802927621342860e+02 4.025957701416942314e+02
6.621049296044662924e+01 3.849548026719877925e+01 3.081802927621342860e+02 4.025957701416942314e+02
6.621049296044662924e+01 3.849548026719877925e+01 3.081802927621342860e+02 4.025957701416942314e+02
6.621049296044662924e+01 3.849548026719877925e+01 3.081802927621342860e+02 4.025957701416942314e+02
6.621049296044662924e+01 3.849548026719877925e+01 3.081802927621342860e+02 4.025957701416942314e+02
6.621049296044662924e+01 3.849548026719877925e+01 3.081802927621342860e+02 4.025957701416942314e+02
6.621049296044662924e+01 3.849548026719877925e+01 3.081802927621342860e+02 4.025957701416942314e+02
6.621049296044662924e+01 3.849548026719877925e+01 3.081802927621342860e+02 4.025957701416942314e+02
6.621049296044662924e+01 3.849548026719877925e+01 3.081802927621342860e+02 4.025957701416942314e+02
6.621049296044662924e+01 3.849548026719877925e+01 3.081802927621342860e+02 4.025957701416942314e+02
6.621049296044662924e+01 3.849548026719877925e+01 3.081802927621342860e+02 4.025957701416942314e+02
6.621049296044662924e+01 3.849548026719877925e+01 3.081802927621342860e+02 4.025957701416942314e+02
6.621049296044662924e+01 3.849548026719877925e+01 3.081802927621342860e+02 4.025957701416942314e+02
6.598340702888825149e+01 3.809332555027435063e+01 3.096691654919529810e+02 4.067871530592930185e+02
6.598340702888825149e+01 3.809332555027435063e+01 3.096691654919529810e+02 4.067871530592930185e+02
6.531961482050952839e+01 3.803629146995150023e+01 3.046909559885292538e+02 4.099341761881552770e+02
6.531961482050952839e+01 3.803629146995150023e+01 3.046909559885292538e+02 4.099341761881552770e+02
6.531961482050952839e+01 3.803629146995150023e+01 3.046909559885292538e+02 4.099341761881552770e+02
6.531961482050952839e+01 3.803629146995150023e+01 3.046909559885292538e+02 4.099341761881552770e+02
6.589421341482641026e+01 3.810373100003062774e+01 2.990918179253986295e+02 4.098679423510876632e+02
6.589421341482641026e+01 3.810373100003062774e+01 2.990918179253986295e+02 4.098679423510876632e+02
6.589421341482641026e+01 3.810373100003062774e+01 2.990918179253986295e+02 4.098679423510876632e+02
6.589421341482641026e+01 3.810373100003062774e+01 2.990918179253986295e+02 4.098679423510876632e+02
6.589421341482641026e+01 3.810373100003062774e+01 2.990918179253986295e+02 4.098679423510876632e+02
6.589421341482641026e+01 3.810373100003062774e+01 2.990918179253986295e+02 4.098679423510876632e+02
6.589421341482641026e+01 3.810373100003062774e+01 2.990918179253986295e+02 4.098679423510876632e+02
6.589421341482641026e+01 3.810373100003062774e+01 2.990918179253986295e+02 4.098679423510876632e+02
6.615289462571161039e+01 3.812974497966401799e+01 2.978496976906264990e+02 4.024540234433903834e+02
6.615289462571161039e+01 3.812974497966401799e+01 2.978496976906264990e+02 4.024540234433903834e+02
6.615289462571161039e+01 3.812974497966401799e+01 2.978496976906264990e+02 4.024540234433903834e+02
6.615289462571161039e+01 3.812974497966401799e+01 2.978496976906264990e+02 4.024540234433903834e+02
6.615289462571161039e+01 3.812974497966401799e+01 2.978496976906264990e+02 4.024540234433903834e+02
6.615289462571161039e+01 3.812974497966401799e+01 2.978496976906264990e+02 4.024540234433903834e+02
6.685368594108831530e+01 3.914878396280200690e+01 2.778653079551161795e+02 4.050825833472734985e+02
6.712828593037340852e+01 3.951941214276165226e+01 2.602897073041590943e+02 4.136235140782896451e+02
6.712828593037340852e+01 3.951941214276165226e+01 2.602897073041590943e+02 4.136235140782896451e+02
6.712828593037340852e+01 3.951941214276165226e+01 2.602897073041590943e+02 4.136235140782896451e+02
6.712828593037340852e+01 3.951941214276165226e+01 2.602897073041590943e+02 4.136235140782896451e+02
6.712828593037340852e+01 3.951941214276165226e+01 2.602897073041590943e+02 4.136235140782896451e+02
6.712828593037340852e+01 3.951941214276165226e+01 2.602897073041590943e+02 4.136235140782896451e+02
6.712828593037340852e+01 3.951941214276165226e+01 2.602897073041590943e+02 4.136235140782896451e+02
6.712828593037340852e+01 3.951941214276165226e+01 2.602897073041590943e+02 4.136235140782896451e+02
6.712828593037340852e+01 3.951941214276165226e+01 2.602897073041590943e+02 4.136235140782896451e+02
6.712828593037340852e+01 3.951941214276165226e+01 2.602897073041590943e+02 4.136235140782896451e+02
6.699088164003460122e+01 3.960209189143949970e+01 2.560820371390331616e+02 4.145285931593008399e+02
6.699088164003460122e+01 3.960209189143949970e+01 2.560820371390331616e+02 4.145285931593008399e+02
6.699088164003460122e+01 3.960209189143949970e+01 2.560820371390331616e+02 4.145285931593008399e+02
6.699088164003460122e+01 3.960209189143949970e+01 2.560820371390331616e+02 4.145285931593008399e+02
6.674637463057285913e+01 3.967157582350355938e+01 2.542114276037626723e+02 4.098974917667048885e+02
6.709489015816103574e+01 3.970693752310027236e+01 2.503987813177350858e+02 4.099518805027495887e+02
6.709489015816103574e+01 3.970693752310027236e+01 2.503987813177350858e+02 4.099518805027495887e+02
6.709489015816103574e+01 3.970693752310027236e+01 2.503987813177350858e+02 4.099518805027495887e+02
6.709489015816103574e+01 3.970693752310027236e+01 2.503987813177350858e+02 4.099518805027495887e+02
6.599466418847686100e+01 3.955633284609931621e+01 2.551156726431746904e+02 4.087212029971500442e+02
6.599466418847686100e+01 3.955633284609931621e+01 2.551156726431746904e+02 4.087212029971500442e+02
6.699299065362271222e+01 3.932733033293629177e+01 2.499528575697588906e+02 4.142178944525408610e+02
6.699299065362271222e+01 3.932733033293629177e+01 2.499528575697588906e+02 4.142178944525408610e+02
6.699299065362271222e+01 3.932733033293629177e+01 2.499528575697588906e+02 4.142178944525408610e+02
6.699299065362271222e+01 3.932733033293629177e+01 2.499528575697588906e+02 4.142178944525408610e+02
6.699299065362271222e+01 3.932733033293629177e+01 2.499528575697588906e+02 4.142178944525408610e+02
6.699299065362271222e+01 3.932733033293629177e+01 2.499528575697588906e+02 4.142178944525408610e+02
6.699299065362271222e+01 3.932733033293629177e+01 2.499528575697588906e+02 4.142178944525408610e+02
6.699299065362271222e+01 3.932733033293629177e+01 2.499528575697588906e+02 4.142178944525408610e+02
6.699299065362271222e+01 3.932733033293629177e+01 2.499528575697588906e+02 4.142178944525408610e+02
6.622880484689746083e+01 3.955199063235121315e+01 2.484178207867475692e+02 4.062532062287452845e+02
6.622880484689746083e+01 3.955199063235121315e+01 2.484178207867475692e+02 4.062532062287452845e+02
6.622880484689746083e+01 3.955199063235121315e+01 2.484178207867475692e+02 4.062532062287452845e+02
6.622880484689746083e+01 3.955199063235121315e+01 2.484178207867475692e+02 4.062532062287452845e+02
6.622880484689746083e+01 3.955199063235121315e+01 2.484178207867475692e+02 4.062532062287452845e+02
6.622880484689746083e+01 3.955199063235121315e+01 2.484178207867475692e+02 4.062532062287452845e+02
6.622880484689746083e+01 3.955199063235121315e+01 2.484178207867475692e+02 4.062532062287452845e+02
6.622880484689746083e+01 3.955199063235121315e+01 2.484178207867475692e+02 4.062532062287452845e+02
6.622880484689746083e+01 3.955199063235121315e+01 2.484178207867475692e+02 4.062532062287452845e+02
6.622880484689746083e+01 3.955199063235121315e+01 2.484178207867475692e+02 4.062532062287452845e+02
6.622880484689746083e+01 3.955199063235121315e+01 2.484178207867475692e+02 4.062532062287452845e+02
6.622880484689746083e+01 3.955199063235121315e+01 2.484178207867475692e+02 4.062532062287452845e+02
6.622880484689746083e+01 3.955199063235121315e+01 2.484178207867475692e+02 4.062532062287452845e+02
6.589084823954453896e+01 3.945508648927906847e+01 2.455445105748261199e+02 4.103471439083737096e+02
6.681571826162587513e+01 3.826473032967604837e+01 2.442076849624803856e+02 4.122088207282563985e+02
6.681571826162587513e+01 3.826473032967604837e+01 2.442076849624803856e+02 4.122088207282563985e+02
6.681571826162587513e+01 3.826473032967604837e+01 2.442076849624803856e+02 4.122088207282563985e+02
6.681571826162587513e+01 3.826473032967604837e+01 2.442076849624803856e+02 4.122088207282563985e+02
6.681571826162587513e+01 3.826473032967604837e+01 2.442076849624803856e+02 4.122088207282563985e+02
6.681571826162587513e+01 3.826473032967604837e+01 2.442076849624803856e+02 4.122088207282563985e+02
6.681571826162587513e+01 3.826473032967604837e+01 2.442076849624803856e+02 4.122088207282563985e+02
6.681571826162587513e+01 3.826473032967604837e+01 2.442076849624803856e+02 4.122088207282563985e+02
6.681571826162587513e+01 3.826473032967604837e+01 2.442076849624803856e+02 4.122088207282563985e+02
6.681571826162587513e+01 3.826473032967604837e+01 2.442076849624803856e+02 4.122088207282563985e+02
6.681571826162587513e+01 3.826473032967604837e+01 2.442076849624803856e+02 4.122088207282563985e+02
6.681571826162587513e+01 3.826473032967604837e+01 2.442076849624803856e+02 4.122088207282563985e+02
6.599699502928035599e+01 3.771039815051072708e+01 2.428528570834866969e+02 4.193393559328795277e+02
6.599699502928035599e+01 3.771039815051072708e+01 2.428528570834866969e+02 4.193393559328795277e+02
6.629240202715807584e+01 3.794299537478690354e+01 2.400543459575087866e+02 4.157160706105825057e+02
6.501562460935625154e+01 3.728579261050045801e+01 2.471182166918296730e+02 4.196831518614355332e+02
6.501562460935625154e+01 3.728579261050045801e+01 2.471182166918296730e+02 4.196831518614355332e+02
6.501562460935625154e+01 3.728579261050045801e+01 2.471182166918296730e+02 4.196831518614355332e+02
6.501562460935625154e+01 3.728579261050045801e+01 2.471182166918296730e+02 4.196831518614355332e+02
6.501562460935625154e+01 3.728579261050045801e+01 2.471182166918296730e+02 4.196831518614355332e+02
6.501562460935625154e+01 3.728579261050045801e+01 2.471182166918296730e+02 4.196831518614355332e+02
6.501562460935625154e+01 3.728579261050045801e+01 2.471182166918296730e+02 4.196831518614355332e+02
6.501562460935625154e+01 3.728579261050045801e+01 2.471182166918296730e+02 4.196831518614355332e+02
6.501562460935625154e+01 3.728579261050045801e+01 2.471182166918296730e+02 4.196831518614355332e+02
6.501562460935625154e+01 3.728579261050045801e+01 2.471182166918296730e+02 4.196831518614355332e+02
6.501562460935625154e+01 3.728579261050045801e+01 2.471182166918296730e+02 4.196831518614355332e+02
6.501562460935625154e+01 3.728579261050045801e+01 2.471182166918296730e+02 4.196831518614355332e+02
6.501562460935625154e+01 3.728579261050045801e+01 2.471182166918296730e+02 4.196831518614355332e+02
6.501562460935625154e+01 3.728579261050045801e+01 2.471182166918296730e+02 4.196831518614355332e+02
6.575515086031143142e+01 3.753097038973949395e+01 2.411562745022434058e+02 4.216783415319085861e+02
6.575515086031143142e+01 3.753097038973949395e+01 2.411562745022434058e+02 4.216783415319085861e+02
6.575515086031143142e+01 3.753097038973949395e+01 2.411562745022434058e+02 4.216783415319085861e+02
6.549039529750628219e+01 3.774404253591312397e+01 2.431816843063958515e+02 4.162765837841906205e+02
6.535620134115454505e+01 3.737158308792722750e+01 2.440473618457210137e+02 4.172924624386762389e+02
6.535620134115454505e+01 3.737158308792722750e+01 2.440473618457210137e+02 4.172924624386762389e+02
6.535620134115454505e+01 3.737158308792722750e+01 2.440473618457210137e+02 4.172924624386762389e+02
6.535620134115454505e+01 3.737158308792722750e+01 2.440473618457210137e+02 4.172924624386762389e+02
6.535620134115454505e+01 3.737158308792722750e+01 2.440473618457210137e+02 4.172924624386762389e+02
6.535620134115454505e+01 3.737158308792722750e+01 2.440473618457210137e+02 4.172924624386762389e+02
6.535620134115454505e+01 3.737158308792722750e+01 2.440473618457210137e+02 4.172924624386762389e+02
6.535620134115454505e+01 3.737158308792722750e+01 2.440473618457210137e+02 4.172924624386762389e+02
6.535620134115454505e+01 3.737158308792722750e+01 2.440473618457210137e+02 4.172924624386762389e+02
6.535620134115454505e+01 3.737158308792722750e+01 2.440473618457210137e+02 4.172924624386762389e+02
6.535620134115454505e+01 3.737158308792722750e+01 2.440473618457210137e+02 4.172924624386762389e+02
6.535620134115454505e+01 3.737158308792722750e+01 2.440473618457210137e+02 4.172924624386762389e+02
6.535620134115454505e+01 3.737158308792722750e+01 2.440473618457210137e+02 4.172924624386762389e+02
6.535620134115454505e+01 3.737158308792722750e+01 2.440473618457210137e+02 4.172924624386762389e+02
6.535620134115454505e+01 3.737158308792722750e+01 2.440473618457210137e+02 4.172924624386762389e+02
6.535620134115454505e+01 3.737158308792722750e+01 2.440473618457210137e+02 4.172924624386762389e+02
6.557456660085964018e+01 3.721521056882430400e+01 2.414742145998419574e+02 4.197852861412717402e+02
6.557456660085964018e+01 3.721521056882430400e+01 2.414742145998419574e+02 4.197852861412717402e+02
6.557456660085964018e+01 3.721521056882430400e+01 2.414742145998419574e+02 4.197852861412717402e+02
6.557456660085964018e+01 3.721521056882430400e+01 2.414742145998419574e+02 4.197852861412717402e+02
6.557456660085964018e+01 3.721521056882430400e+01 2.414742145998419574e+02 4.197852861412717402e+02
6.557456660085964018e+01 3.721521056882430400e+01 2.414742145998419574e+02 4.197852861412717402e+02
6.557456660085964018e+01 3.721521056882430400e+01 2.414742145998419574e+02 4.197852861412717402e+02
6.557456660085964018e+01 3.721521056882430400e+01 2.414742145998419574e+02 4.197852861412717402e+02
6.557456660085964018e+01 3.721521056882430400e+01 2.414742145998419574e+02 4.197852861412717402e+02
6.557456660085964018e+01 3.721521056882430400e+01 2.414742145998419574e+02 4.197852861412717402e+02
6.557456660085964018e+01 3.721521056882430400e+01 2.414742145998419574e+02 4.197852861412717402e+02
6.557456660085964018e+01 3.721521056882430400e+01 2.414742145998419574e+02 4.197852861412717402e+02
6.573030527598533013e+01 3.721258848604569636e+01 2.402208973207858662e+02 4.199294064606840493e+02
6.511557625953113870e+01 3.727539154361689810e+01 2.408306159212058901e+02 4.216849081648400102e+02
6.511557625953113870e+01 3.727539154361689810e+01 2.408306159212058901e+02 4.216849081648400102e+02
6.536642234540541097e+01 3.722651370810414306e+01 2.401176980950323809e+02 4.181942851055958386e+02
6.536642234540541097e+01 3.722651370810414306e+01 2.401176980950323809e+02 4.181942851055958386e+02
6.536642234540541097e+01 3.722651370810414306e+01 2.401176980950323809e+02 4.181942851055958386e+02
6.536642234540541097e+01 3.722651370810414306e+01 2.401176980950323809e+02 4.181942851055958386e+02
6.536642234540541097e+01 3.722651370810414306e+01 2.401176980950323809e+02 4.181942851055958386e+02
6.536642234540541097e+01 3.722651370810414306e+01 2.401176980950323809e+02 4.181942851055958386e+02
6.532339295295183490e+01 3.726589279887988937e+01 2.392586678551204216e+02 4.188253087814169362e+02
6.532339295295183490e+01 3.726589279887988937e+01 2.392586678551204216e+02 4.188253087814169362e+02
6.532339295295183490e+01 3.726589279887988937e+01 2.392586678551204216e+02 4.188253087814169362e+02
6.532339295295183490e+01 3.726589279887988937e+01 2.392586678551204216e+02 4.188253087814169362e+02
6.532339295295183490e+01 3.726589279887988937e+01 2.392586678551204216e+02 4.188253087814169362e+02
6.532339295295183490e+01 3.726589279887988937e+01 2.392586678551204216e+02 4.188253087814169362e+02
6.532339295295183490e+01 3.726589279887988937e+01 2.392586678551204216e+02 4.188253087814169362e+02
6.532339295295183490e+01 3.726589279887988937e+01 2.392586678551204216e+02 4.188253087814169362e+02
6.532339295295183490e+01 3.726589279887988937e+01 2.392586678551204216e+02 4.188253087814169362e+02
6.532339295295183490e+01 3.726589279887988937e+01 2.392586678551204216e+02 4.188253087814169362e+02
6.532339295295183490e+01 3.726589279887988937e+01 2.392586678551204216e+02 4.188253087814169362e+02
6.532339295295183490e+01 3.726589279887988937e+01 2.392586678551204216e+02 4.188253087814169362e+02
6.532339295295183490e+01 3.726589279887988937e+01 2.392586678551204216e+02 4.188253087814169362e+02
6.532339295295183490e+01 3.726589279887988937e+01 2.392586678551204216e+02 4.188253087814169362e+02
6.532339295295183490e+01 3.726589279887988937e+01 2.392586678551204216e+02 4.188253087814169362e+02
6.532339295295183490e+01 3.726589279887988937e+01 2.392586678551204216e+02 4.188253087814169362e+02
6.532339295295183490e+01 3.726589279887988937e+01 2.392586678551204216e+02 4.188253087814169362e+02
6.532339295295183490e+01 3.726589279887988937e+01 2.392586678551204216e+02 4.188253087814169362e+02
6.532339295295183490e+01 3.726589279887988937e+01 2.392586678551204216e+02 4.188253087814169362e+02
6.532339295295183490e+01 3.726589279887988937e+01 2.392586678551204216e+02 4.188253087814169362e+02
6.532339295295183490e+01 3.726589279887988937e+01 2.392586678551204216e+02 4.188253087814169362e+02
6.532339295295183490e+01 3.726589279887988937e+01 2.392586678551204216e+02 4.188253087814169362e+02
6.532339295295183490e+01 3.726589279887988937e+01 2.392586678551204216e+02 4.188253087814169362e+02
6.489337071204822394e+01 3.717879449170464312e+01 2.419577226710161995e+02 4.179720247162942997e+02
6.489337071204822394e+01 3.717879449170464312e+01 2.419577226710161995e+02 4.179720247162942997e+02
6.489337071204822394e+01 3.717879449170464312e+01 2.419577226710161995e+02 4.179720247162942997e+02
6.489337071204822394e+01 3.717879449170464312e+01 2.419577226710161995e+02 4.179720247162942997e+02
6.489337071204822394e+01 3.717879449170464312e+01 2.419577226710161995e+02 4.179720247162942997e+02
6.489337071204822394e+01 3.717879449170464312e+01 2.419577226710161995e+02 4.179720247162942997e+02
6.489337071204822394e+01 3.717879449170464312e+01 2.419577226710161995e+02 4.179720247162942997e+02
6.489337071204822394e+01 3.717879449170464312e+01 2.419577226710161995e+02 4.179720247162942997e+02
6.489337071204822394e+01 3.717879449170464312e+01 2.419577226710161995e+02 4.179720247162942997e+02
6.489337071204822394e+01 3.717879449170464312e+01 2.419577226710161995e+02 4.179720247162942997e+02
6.489337071204822394e+01 3.717879449170464312e+01 2.419577226710161995e+02 4.179720247162942997e+02
6.489337071204822394e+01 3.717879449170464312e+01 2.419577226710161995e+02 4.179720247162942997e+02
6.489337071204822394e+01 3.717879449170464312e+01 2.419577226710161995e+02 4.179720247162942997e+02
6.489337071204822394e+01 3.717879449170464312e+01 2.419577226710161995e+02 4.179720247162942997e+02
6.489337071204822394e+01 3.717879449170464312e+01 2.419577226710161995e+02 4.179720247162942997e+02
6.489337071204822394e+01 3.717879449170464312e+01 2.419577226710161995e+02 4.179720247162942997e+02
6.489337071204822394e+01 3.717879449170464312e+01 2.419577226710161995e+02 4.179720247162942997e+02
6.489337071204822394e+01 3.717879449170464312e+01 2.419577226710161995e+02 4.179720247162942997e+02
6.489337071204822394e+01 3.717879449170464312e+01 2.419577226710161995e+02 4.179720247162942997e+02
6.489337071204822394e+01 3.717879449170464312e+01 2.419577226710161995e+02 4.179720247162942997e+02
6.489337071204822394e+01 3.717879449170464312e+01 2.419577226710161995e+02 4.179720247162942997e+02
6.489337071204822394e+01 3.717879449170464312e+01 2.419577226710161995e+02 4.179720247162942997e+02
6.489337071204822394e+01 3.717879449170464312e+01 2.419577226710161995e+02 4.179720247162942997e+02
6.489337071204822394e+01 3.717879449170464312e+01 2.419577226710161995e+02 4.179720247162942997e+02
6.489337071204822394e+01 3.717879449170464312e+01 2.419577226710161995e+02 4.179720247162942997e+02
6.489337071204822394e+01 3.717879449170464312e+01 2.419577226710161995e+02 4.179720247162942997e+02
