1.966692829264189868e+01 5.415234257667843849e+02 4.657816049317415454e+05 2.578433728262278919e+02
1.966692829264189868e+01 5.415234257667843849e+02 4.657816049317415454e+05 2.578433728262278919e+02
1.966692829264189868e+01 5.415234257667843849e+02 4.657816049317415454e+05 2.578433728262278919e+02
1.960119298590550230e+01 5.572898462711289085e+02 4.183127545345247490e+05 2.544899910449192362e+02
1.891187464830789011e+01 5.502059826641553855e+02 4.286934757732140133e+05 2.589250377627878379e+02
1.988603925799705152e+01 5.847529696791294782e+02 3.124635374780124985e+05 2.588772860976606580e+02
2.039655855931101058e+01 5.976637433928506198e+02 2.725382099099854240e+05 2.431955142124317319e+02
2.053991311532222497e+01 6.018273071555807974e+02 2.613060124428363051e+05 2.252791568131925999e+02
2.053991311532222497e+01 6.018273071555807974e+02 2.613060124428363051e+05 2.252791568131925999e+02
2.053991311532222497e+01 6.018273071555807974e+02 2.613060124428363051e+05 2.252791568131925999e+02
2.053991311532222497e+01 6.018273071555807974e+02 2.613060124428363051e+05 2.252791568131925999e+02
1.997537809566368949e+01 6.082420730819376331e+02 2.575439221187919029e+05 2.201195140649388691e+02
1.985778741833599881e+01 6.076257938953681332e+02 2.433149212854621001e+05 2.170401998826584133e+02
1.985778741833599881e+01 6.076257938953681332e+02 2.433149212854621001e+05 2.170401998826584133e+02
2.029534102826735520e+01 6.035279805646583782e+02 2.306539445865675225e+05 2.106261888073678961e+02
2.001448770094260254e+01 6.060858699005478911e+02 2.220017333983917779e+05 2.116395996140068689e+02
2.001448770094260254e+01 6.060858699005478911e+02 2.220017333983917779e+05 2.116395996140068689e+02
1.962198379609609589e+01 6.083557279065477132e+02 2.081030124004405225e+05 2.073866115787321291e+02
1.992764364560466461e+01 6.076701534680296390e+02 2.082646318786355841e+05 2.020814090011344888e+02
1.985638842086471811e+01 6.067906699411042837e+02 2.051237742679067596e+05 2.027416867687148567e+02
1.985638842086471811e+01 6.067906699411042837e+02 2.051237742679067596e+05 2.027416867687148567e+02
2.066322937438289031e+01 5.950313468261402932e+02 1.571849313552640378e+05 2.002459921310058064e+02
2.173700803405494497e+01 5.738266348531471976e+02 1.027896563359915017e+05 1.715461793288081935e+02
2.173700803405494497e+01 5.738266348531471976e+02 1.027896563359915017e+05 1.715461793288081935e+02
2.091235749637742813e+01 5.926759544564996531e+02 7.429673082052179961e+04 1.757919112945585312e+02
2.091235749637742813e+01 5.926759544564996531e+02 7.429673082052179961e+04 1.757919112945585312e+02
2.159336111492990540e+01 6.110562274441939508e+02 7.409665925756307843e+04 1.589141760376707566e+02
2.134520638431862594e+01 6.161818567155781921e+02 6.777874072454971611e+04 1.561510261067768681e+02
2.164738529098067588e+01 6.169215007282230090e+02 6.565438724589796038e+04 1.596684298781605378e+02
2.165496223293723332e+01 6.157469847806464713e+02 5.025638733566206793e+04 1.500783171162252927e+02
2.149621291574346316e+01 6.104350231998117806e+02 4.502630576787357131e+04 1.365067014748443910e+02
2.149621291574346316e+01 6.104350231998117806e+02 4.502630576787357131e+04 1.365067014748443910e+02
2.149621291574346316e+01 6.104350231998117806e+02 4.502630576787357131e+04 1.365067014748443910e+02
2.149621291574346316e+01 6.104350231998117806e+02 4.502630576787357131e+04 1.365067014748443910e+02
2.207463234055946089e+01 5.952729750831003912e+02 2.873020015650471032e+04 1.367476381335937958e+02
2.207463234055946089e+01 5.952729750831003912e+02 2.873020015650471032e+04 1.367476381335937958e+02
2.207463234055946089e+01 5.952729750831003912e+02 2.873020015650471032e+04 1.367476381335937958e+02
2.207463234055946089e+01 5.952729750831003912e+02 2.873020015650471032e+04 1.367476381335937958e+02
2.207463234055946089e+01 5.952729750831003912e+02 2.873020015650471032e+04 1.367476381335937958e+02
2.203856578185494897e+01 6.019329035498830081e+02 2.469997815205560619e+04 1.321861013840664896e+02
2.227399304548884729e+01 6.216852197033251741e+02 2.079190552377284985e+04 1.292142934877639959e+02
2.267767385972690519e+01 6.162966760343859960e+02 1.751915368905499417e+04 1.225259537186312286e+02
2.296474606507932137e+01 6.109639191902004995e+02 1.059866469332788438e+04 9.937449168816179679e+01
2.296474606507932137e+01 6.109639191902004995e+02 1.059866469332788438e+04 9.937449168816179679e+01
2.309453574733196035e+01 6.053994099514726486e+02 1.059750639614481588e+04 9.761218092331661467e+01
2.321340412951401078e+01 5.983846210051875687e+02 8.905031433801626918e+03 9.759157993511347229e+01
2.283679149963462507e+01 5.923246005432779384e+02 8.507225651962060510e+03 9.339033614275115269e+01
2.303490347853883335e+01 5.954608890925010201e+02 7.432707622509987232e+03 9.904430993110889858e+01
2.445544451029955368e+01 5.921841973601787004e+02 1.269795562529132894e+03 7.658526085149480878e+01
2.454856282181625104e+01 5.905493330420300708e+02 1.279671873139146555e+03 7.274832500087771336e+01
2.454856282181625104e+01 5.905493330420300708e+02 1.279671873139146555e+03 7.274832500087771336e+01
2.454856282181625104e+01 5.905493330420300708e+02 1.279671873139146555e+03 7.274832500087771336e+01
2.454856282181625104e+01 5.905493330420300708e+02 1.279671873139146555e+03 7.274832500087771336e+01
2.401458250572370900e+01 5.741044315760356085e+02 8.416026033337086574e+02 7.136397014825408291e+01
2.377924792758877004e+01 5.751861411437974994e+02 8.393133204718670868e+02 6.935566599826671563e+01
2.406260710315630647e+01 5.771007421999529470e+02 6.373296564027322120e+02 7.994339570701119158e+01
2.413258983826146320e+01 5.733706641612865269e+02 6.564995573568287455e+02 7.607349020372681991e+01
2.413258983826146320e+01 5.733706641612865269e+02 6.564995573568287455e+02 7.607349020372681991e+01
2.393585293850704687e+01 5.773178665085119974e+02 5.333779555835488964e+02 8.559334360373669881e+01
2.396059534054290197e+01 5.804139417714485489e+02 4.866121526744007610e+02 8.153677471476558480e+01
2.396059534054290197e+01 5.804139417714485489e+02 4.866121526744007610e+02 8.153677471476558480e+01
2.424477392306240375e+01 5.748492163221175133e+02 3.063676379057628196e+02 7.592923793723966241e+01
2.424477392306240375e+01 5.748492163221175133e+02 3.063676379057628196e+02 7.592923793723966241e+01
2.424477392306240375e+01 5.748492163221175133e+02 3.063676379057628196e+02 7.592923793723966241e+01
2.424477392306240375e+01 5.748492163221175133e+02 3.063676379057628196e+02 7.592923793723966241e+01
2.419509817703426435e+01 5.782227394882881981e+02 2.634714966618720382e+02 7.381194704465725920e+01
2.366751372983139845e+01 5.904920729242552397e+02 2.428492032461473116e+02 7.613486652248987241e+01
2.366751372983139845e+01 5.904920729242552397e+02 2.428492032461473116e+02 7.613486652248987241e+01
2.366751372983139845e+01 5.904920729242552397e+02 2.428492032461473116e+02 7.613486652248987241e+01
2.366751372983139845e+01 5.904920729242552397e+02 2.428492032461473116e+02 7.613486652248987241e+01
2.389615451326707074e+01 5.851383662645106369e+02 2.014843854638472465e+02 8.113665754949693110e+01
2.389615451326707074e+01 5.851383662645106369e+02 2.014843854638472465e+02 8.113665754949693110e+01
2.389615451326707074e+01 5.851383662645106369e+02 2.014843854638472465e+02 8.113665754949693110e+01
2.389615451326707074e+01 5.851383662645106369e+02 2.014843854638472465e+02 8.113665754949693110e+01
2.389615451326707074e+01 5.851383662645106369e+02 2.014843854638472465e+02 8.113665754949693110e+01
2.389615451326707074e+01 5.851383662645106369e+02 2.014843854638472465e+02 8.113665754949693110e+01
2.352560032452151262e+01 5.836117810275208058e+02 2.070867431556508222e+02 6.779113616936419362e+01
2.429721316692648969e+01 5.749319636777382811e+02 1.716307020595081099e+02 7.233621899308366210e+01
2.429721316692648969e+01 5.749319636777382811e+02 1.716307020595081099e+02 7.233621899308366210e+01
2.429721316692648969e+01 5.749319636777382811e+02 1.716307020595081099e+02 7.233621899308366210e+01
2.449031043691973508e+01 5.773974612909513553e+02 1.406468057496216488e+02 7.523324367096448384e+01
2.449031043691973508e+01 5.773974612909513553e+02 1.406468057496216488e+02 7.523324367096448384e+01
2.449031043691973508e+01 5.773974612909513553e+02 1.406468057496216488e+02 7.523324367096448384e+01
2.449031043691973508e+01 5.773974612909513553e+02 1.406468057496216488e+02 7.523324367096448384e+01
2.403030301225154730e+01 5.726317883257919448e+02 1.399442436203786713e+02 7.276440238932886473e+01
2.403030301225154730e+01 5.726317883257919448e+02 1.399442436203786713e+02 7.276440238932886473e+01
2.403030301225154730e+01 5.726317883257919448e+02 1.399442436203786713e+02 7.276440238932886473e+01
2.403030301225154730e+01 5.726317883257919448e+02 1.399442436203786713e+02 7.276440238932886473e+01
2.456718895193733232e+01 5.712357103078755927e+02 1.406531617149729243e+02 6.848158671345328230e+01
2.456718895193733232e+01 5.712357103078755927e+02 1.406531617149729243e+02 6.848158671345328230e+01
2.456718895193733232e+01 5.712357103078755927e+02 1.406531617149729243e+02 6.848158671345328230e+01
2.456718895193733232e+01 5.712357103078755927e+02 1.406531617149729243e+02 6.848158671345328230e+01
2.456718895193733232e+01 5.712357103078755927e+02 1.406531617149729243e+02 6.848158671345328230e+01
2.456718895193733232e+01 5.712357103078755927e+02 1.406531617149729243e+02 6.848158671345328230e+01
2.456718895193733232e+01 5.712357103078755927e+02 1.406531617149729243e+02 6.848158671345328230e+01
2.456718895193733232e+01 5.712357103078755927e+02 1.406531617149729243e+02 6.848158671345328230e+01
2.456718895193733232e+01 5.712357103078755927e+02 1.406531617149729243e+02 6.848158671345328230e+01
2.456718895193733232e+01 5.712357103078755927e+02 1.406531617149729243e+02 6.848158671345328230e+01
2.456718895193733232e+01 5.712357103078755927e+02 1.406531617149729243e+02 6.848158671345328230e+01
2.423047292150438636e+01 5.708570056696869415e+02 1.388139225723457173e+02 7.059737721325649318e+01
2.423047292150438636e+01 5.708570056696869415e+02 1.388139225723457173e+02 7.059737721325649318e+01
2.423047292150438636e+01 5.708570056696869415e+02 1.388139225723457173e+02 7.059737721325649318e+01
2.423047292150438636e+01 5.708570056696869415e+02 1.388139225723457173e+02 7.059737721325649318e+01
2.423047292150438636e+01 5.708570056696869415e+02 1.388139225723457173e+02 7.059737721325649318e+01
2.423047292150438636e+01 5.708570056696869415e+02 1.388139225723457173e+02 7.059737721325649318e+01
2.423047292150438636e+01 5.708570056696869415e+02 1.388139225723457173e+02 7.059737721325649318e+01
2.423047292150438636e+01 5.708570056696869415e+02 1.388139225723457173e+02 7.059737721325649318e+01
2.423047292150438636e+01 5.708570056696869415e+02 1.388139225723457173e+02 7.059737721325649318e+01
2.423047292150438636e+01 5.708570056696869415e+02 1.388139225723457173e+02 7.059737721325649318e+01
2.431526976277111984e+01 5.698757208330218873e+02 1.383800252610367636e+02 7.016209647522045145e+01
2.389040836243729871e+01 5.711112379398740586e+02 1.381771270394718556e+02 6.578171259632649992e+01
2.389040836243729871e+01 5.711112379398740586e+02 1.381771270394718556e+02 6.578171259632649992e+01
2.389040836243729871e+01 5.711112379398740586e+02 1.381771270394718556e+02 6.578171259632649992e+01
2.389040836243729871e+01 5.711112379398740586e+02 1.381771270394718556e+02 6.578171259632649992e+01
2.389040836243729871e+01 5.711112379398740586e+02 1.381771270394718556e+02 6.578171259632649992e+01
2.389040836243729871e+01 5.711112379398740586e+02 1.381771270394718556e+02 6.578171259632649992e+01
2.389040836243729871e+01 5.711112379398740586e+02 1.381771270394718556e+02 6.578171259632649992e+01
2.389040836243729871e+01 5.711112379398740586e+02 1.381771270394718556e+02 6.578171259632649992e+01
2.389040836243729871e+01 5.711112379398740586e+02 1.381771270394718556e+02 6.578171259632649992e+01
2.389040836243729871e+01 5.711112379398740586e+02 1.381771270394718556e+02 6.578171259632649992e+01
2.389040836243729871e+01 5.711112379398740586e+02 1.381771270394718556e+02 6.578171259632649992e+01
2.389040836243729871e+01 5.711112379398740586e+02 1.381771270394718556e+02 6.578171259632649992e+01
2.389040836243729871e+01 5.711112379398740586e+02 1.381771270394718556e+02 6.578171259632649992e+01
2.389040836243729871e+01 5.711112379398740586e+02 1.381771270394718556e+02 6.578171259632649992e+01
2.389040836243729871e+01 5.711112379398740586e+02 1.381771270394718556e+02 6.578171259632649992e+01
2.389040836243729871e+01 5.711112379398740586e+02 1.381771270394718556e+02 6.578171259632649992e+01
2.389040836243729871e+01 5.711112379398740586e+02 1.381771270394718556e+02 6.578171259632649992e+01
2.389040836243729871e+01 5.711112379398740586e+02 1.381771270394718556e+02 6.578171259632649992e+01
2.389040836243729871e+01 5.711112379398740586e+02 1.381771270394718556e+02 6.578171259632649992e+01
2.389040836243729871e+01 5.711112379398740586e+02 1.381771270394718556e+02 6.578171259632649992e+01
2.389040836243729871e+01 5.711112379398740586e+02 1.381771270394718556e+02 6.578171259632649992e+01
2.389040836243729871e+01 5.711112379398740586e+02 1.381771270394718556e+02 6.578171259632649992e+01
2.389040836243729871e+01 5.711112379398740586e+02 1.381771270394718556e+02 6.578171259632649992e+01
2.389040836243729871e+01 5.711112379398740586e+02 1.381771270394718556e+02 6.578171259632649992e+01
2.389040836243729871e+01 5.711112379398740586e+02 1.381771270394718556e+02 6.578171259632649992e+01
2.389040836243729871e+01 5.711112379398740586e+02 1.381771270394718556e+02 6.578171259632649992e+01
2.389040836243729871e+01 5.711112379398740586e+02 1.381771270394718556e+02 6.578171259632649992e+01
2.389040836243729871e+01 5.711112379398740586e+02 1.381771270394718556e+02 6.578171259632649992e+01
2.377015269809416864e+01 5.708978926730954981e+02 1.371464008622867823e+02 6.579535114191645562e+01
2.377015269809416864e+01 5.708978926730954981e+02 1.371464008622867823e+02 6.579535114191645562e+01
2.377015269809416864e+01 5.708978926730954981e+02 1.371464008622867823e+02 6.579535114191645562e+01
2.377015269809416864e+01 5.708978926730954981e+02 1.371464008622867823e+02 6.579535114191645562e+01
2.377015269809416864e+01 5.708978926730954981e+02 1.371464008622867823e+02 6.579535114191645562e+01
2.377015269809416864e+01 5.708978926730954981e+02 1.371464008622867823e+02 6.579535114191645562e+01
2.377015269809416864e+01 5.708978926730954981e+02 1.371464008622867823e+02 6.579535114191645562e+01
2.377015269809416864e+01 5.708978926730954981e+02 1.371464008622867823e+02 6.579535114191645562e+01
2.377015269809416864e+01 5.708978926730954981e+02 1.371464008622867823e+02 6.579535114191645562e+01
2.377015269809416864e+01 5.708978926730954981e+02 1.371464008622867823e+02 6.579535114191645562e+01
2.377015269809416864e+01 5.708978926730954981e+02 1.371464008622867823e+02 6.579535114191645562e+01
2.377015269809416864e+01 5.708978926730954981e+02 1.371464008622867823e+02 6.579535114191645562e+01
2.377015269809416864e+01 5.708978926730954981e+02 1.371464008622867823e+02 6.579535114191645562e+01
2.377015269809416864e+01 5.708978926730954981e+02 1.371464008622867823e+02 6.579535114191645562e+01
2.377015269809416864e+01 5.708978926730954981e+02 1.371464008622867823e+02 6.579535114191645562e+01
2.377015269809416864e+01 5.708978926730954981e+02 1.371464008622867823e+02 6.579535114191645562e+01
2.377015269809416864e+01 5.708978926730954981e+02 1.371464008622867823e+02 6.579535114191645562e+01
2.377015269809416864e+01 5.708978926730954981e+02 1.371464008622867823e+02 6.579535114191645562e+01
2.377015269809416864e+01 5.708978926730954981e+02 1.371464008622867823e+02 6.579535114191645562e+01
2.377015269809416864e+01 5.708978926730954981e+02 1.371464008622867823e+02 6.579535114191645562e+01
2.377015269809416864e+01 5.708978926730954981e+02 1.371464008622867823e+02 6.579535114191645562e+01
2.377015269809416864e+01 5.708978926730954981e+02 1.371464008622867823e+02 6.579535114191645562e+01
2.377015269809416864e+01 5.708978926730954981e+02 1.371464008622867823e+02 6.579535114191645562e+01
2.377015269809416864e+01 5.708978926730954981e+02 1.371464008622867823e+02 6.579535114191645562e+01
2.377015269809416864e+01 5.708978926730954981e+02 1.371464008622867823e+02 6.579535114191645562e+01
2.377015269809416864e+01 5.708978926730954981e+02 1.371464008622867823e+02 6.579535114191645562e+01
2.377015269809416864e+01 5.708978926730954981e+02 1.371464008622867823e+02 6.579535114191645562e+01
2.377015269809416864e+01 5.708978926730954981e+02 1.371464008622867823e+02 6.579535114191645562e+01
2.377015269809416864e+01 5.708978926730954981e+02 1.371464008622867823e+02 6.579535114191645562e+01
2.377015269809416864e+01 5.708978926730954981e+02 1.371464008622867823e+02 6.579535114191645562e+01
2.377015269809416864e+01 5.708978926730954981e+02 1.371464008622867823e+02 6.579535114191645562e+01
2.377015269809416864e+01 5.708978926730954981e+02 1.371464008622867823e+02 6.579535114191645562e+01
2.377015269809416864e+01 5.708978926730954981e+02 1.371464008622867823e+02 6.579535114191645562e+01
2.377015269809416864e+01 5.708978926730954981e+02 1.371464008622867823e+02 6.579535114191645562e+01
2.377015269809416864e+01 5.708978926730954981e+02 1.371464008622867823e+02 6.579535114191645562e+01
2.377015269809416864e+01 5.708978926730954981e+02 1.371464008622867823e+02 6.579535114191645562e+01
2.377015269809416864e+01 5.708978926730954981e+02 1.371464008622867823e+02 6.579535114191645562e+01
2.377015269809416864e+01 5.708978926730954981e+02 1.371464008622867823e+02 6.579535114191645562e+01
2.377015269809416864e+01 5.708978926730954981e+02 1.371464008622867823e+02 6.579535114191645562e+01
2.377015269809416864e+01 5.708978926730954981e+02 1.371464008622867823e+02 6.579535114191645562e+01
2.377015269809416864e+01 5.708978926730954981e+02 1.371464008622867823e+02 6.579535114191645562e+01
2.377015269809416864e+01 5.708978926730954981e+02 1.371464008622867823e+02 6.579535114191645562e+01
2.377015269809416864e+01 5.708978926730954981e+02 1.371464008622867823e+02 6.579535114191645562e+01
2.377015269809416864e+01 5.708978926730954981e+02 1.371464008622867823e+02 6.579535114191645562e+01
2.377015269809416864e+01 5.708978926730954981e+02 1.371464008622867823e+02 6.579535114191645562e+01
2.377015269809416864e+01 5.708978926730954981e+02 1.371464008622867823e+02 6.579535114191645562e+01
2.377015269809416864e+01 5.708978926730954981e+02 1.371464008622867823e+02 6.579535114191645562e+01
2.377015269809416864e+01 5.708978926730954981e+02 1.371464008622867823e+02 6.579535114191645562e+01
2.377015269809416864e+01 5.708978926730954981e+02 1.371464008622867823e+02 6.579535114191645562e+01
2.377015269809416864e+01 5.708978926730954981e+02 1.371464008622867823e+02 6.579535114191645562e+01
2.377015269809416864e+01 5.708978926730954981e+02 1.371464008622867823e+02 6.579535114191645562e+01
2.377015269809416864e+01 5.708978926730954981e+02 1.371464008622867823e+02 6.579535114191645562e+01
2.377015269809416864e+01 5.708978926730954981e+02 1.371464008622867823e+02 6.579535114191645562e+01
2.377015269809416864e+01 5.708978926730954981e+02 1.371464008622867823e+02 6.579535114191645562e+01
2.377015269809416864e+01 5.708978926730954981e+02 1.371464008622867823e+02 6.579535114191645562e+01
2.377015269809416864e+01 5.708978926730954981e+02 1.371464008622867823e+02 6.579535114191645562e+01
2.377015269809416864e+01 5.708978926730954981e+02 1.371464008622867823e+02 6.579535114191645562e+01
2.377015269809416864e+01 5.708978926730954981e+02 1.371464008622867823e+02 6.579535114191645562e+01
2.377015269809416864e+01 5.708978926730954981e+02 1.371464008622867823e+02 6.579535114191645562e+01
2.377015269809416864e+01 5.708978926730954981e+02 1.371464008622867823e+02 6.579535114191645562e+01
2.377015269809416864e+01 5.708978926730954981e+02 1.371464008622867823e+02 6.579535114191645562e+01
2.377015269809416864e+01 5.708978926730954981e+02 1.371464008622867823e+02 6.579535114191645562e+01
2.377015269809416864e+01 5.708978926730954981e+02 1.371464008622867823e+02 6.579535114191645562e+01
2.377015269809416864e+01 5.708978926730954981e+02 1.371464008622867823e+02 6.579535114191645562e+01
2.377015269809416864e+01 5.708978926730954981e+02 1.371464008622867823e+02 6.579535114191645562e+01
2.377015269809416864e+01 5.708978926730954981e+02 1.371464008622867823e+02 6.579535114191645562e+01
2.377015269809416864e+01 5.708978926730954981e+02 1.371464008622867823e+02 6.579535114191645562e+01
2.377015269809416864e+01 5.708978926730954981e+02 1.371464008622867823e+02 6.579535114191645562e+01
2.377015269809416864e+01 5.708978926730954981e+02 1.371464008622867823e+02 6.579535114191645562e+01
2.377015269809416864e+01 5.708978926730954981e+02 1.371464008622867823e+02 6.579535114191645562e+01
2.377015269809416864e+01 5.708978926730954981e+02 1.371464008622867823e+02 6.579535114191645562e+01
2.377015269809416864e+01 5.708978926730954981e+02 1.371464008622867823e+02 6.579535114191645562e+01
2.377015269809416864e+01 5.708978926730954981e+02 1.371464008622867823e+02 6.579535114191645562e+01
2.377015269809416864e+01 5.708978926730954981e+02 1.371464008622867823e+02 6.579535114191645562e+01
2.409621464042740868e+01 5.689424887601865066e+02 1.403923672465998322e+02 6.246142620002962786e+01
2.409621464042740868e+01 5.689424887601865066e+02 1.403923672465998322e+02 6.246142620002962786e+01
2.409621464042740868e+01 5.689424887601865066e+02 1.403923672465998322e+02 6.246142620002962786e+01
2.409621464042740868e+01 5.689424887601865066e+02 1.403923672465998322e+02 6.246142620002962786e+01
2.409621464042740868e+01 5.689424887601865066e+02 1.403923672465998322e+02 6.246142620002962786e+01
2.409621464042740868e+01 5.689424887601865066e+02 1.403923672465998322e+02 6.246142620002962786e+01
2.409621464042740868e+01 5.689424887601865066e+02 1.403923672465998322e+02 6.246142620002962786e+01
2.409621464042740868e+01 5.689424887601865066e+02 1.403923672465998322e+02 6.246142620002962786e+01
2.409621464042740868e+01 5.689424887601865066e+02 1.403923672465998322e+02 6.246142620002962786e+01
2.409621464042740868e+01 5.689424887601865066e+02 1.403923672465998322e+02 6.246142620002962786e+01
2.409621464042740868e+01 5.689424887601865066e+02 1.403923672465998322e+02 6.246142620002962786e+01
2.409621464042740868e+01 5.689424887601865066e+02 1.403923672465998322e+02 6.246142620002962786e+01
2.409621464042740868e+01 5.689424887601865066e+02 1.403923672465998322e+02 6.246142620002962786e+01
2.409621464042740868e+01 5.689424887601865066e+02 1.403923672465998322e+02 6.246142620002962786e+01
2.409621464042740868e+01 5.689424887601865066e+02 1.403923672465998322e+02 6.246142620002962786e+01
2.409621464042740868e+01 5.689424887601865066e+02 1.403923672465998322e+02 6.246142620002962786e+01
2.409621464042740868e+01 5.689424887601865066e+02 1.403923672465998322e+02 6.246142620002962786e+01
2.409621464042740868e+01 5.689424887601865066e+02 1.403923672465998322e+02 6.246142620002962786e+01
2.409621464042740868e+01 5.689424887601865066e+02 1.403923672465998322e+02 6.246142620002962786e+01
2.409621464042740868e+01 5.689424887601865066e+02 1.403923672465998322e+02 6.246142620002962786e+01
2.409621464042740868e+01 5.689424887601865066e+02 1.403923672465998322e+02 6.246142620002962786e+01
2.409621464042740868e+01 5.689424887601865066e+02 1.403923672465998322e+02 6.246142620002962786e+01
2.409621464042740868e+01 5.689424887601865066e+02 1.403923672465998322e+02 6.246142620002962786e+01
2.409621464042740868e+01 5.689424887601865066e+02 1.403923672465998322e+02 6.246142620002962786e+01
2.409621464042740868e+01 5.689424887601865066e+02 1.403923672465998322e+02 6.246142620002962786e+01
2.409621464042740868e+01 5.689424887601865066e+02 1.403923672465998322e+02 6.246142620002962786e+01
2.409621464042740868e+01 5.689424887601865066e+02 1.403923672465998322e+02 6.246142620002962786e+01
2.409621464042740868e+01 5.689424887601865066e+02 1.403923672465998322e+02 6.246142620002962786e+01
2.409621464042740868e+01 5.689424887601865066e+02 1.403923672465998322e+02 6.246142620002962786e+01
2.409621464042740868e+01 5.689424887601865066e+02 1.403923672465998322e+02 6.246142620002962786e+01
2.409621464042740868e+01 5.689424887601865066e+02 1.403923672465998322e+02 6.246142620002962786e+01
2.409621464042740868e+01 5.689424887601865066e+02 1.403923672465998322e+02 6.246142620002962786e+01
2.409621464042740868e+01 5.689424887601865066e+02 1.403923672465998322e+02 6.246142620002962786e+01
2.409621464042740868e+01 5.689424887601865066e+02 1.403923672465998322e+02 6.246142620002962786e+01
2.409621464042740868e+01 5.689424887601865066e+02 1.403923672465998322e+02 6.246142620002962786e+01
2.409621464042740868e+01 5.689424887601865066e+02 1.403923672465998322e+02 6.246142620002962786e+01
2.409621464042740868e+01 5.689424887601865066e+02 1.403923672465998322e+02 6.246142620002962786e+01
2.409621464042740868e+01 5.689424887601865066e+02 1.403923672465998322e+02 6.246142620002962786e+01
2.409621464042740868e+01 5.689424887601865066e+02 1.403923672465998322e+02 6.246142620002962786e+01
2.409621464042740868e+01 5.689424887601865066e+02 1.403923672465998322e+02 6.246142620002962786e+01
2.409621464042740868e+01 5.689424887601865066e+02 1.403923672465998322e+02 6.246142620002962786e+01
2.409621464042740868e+01 5.689424887601865066e+02 1.403923672465998322e+02 6.246142620002962786e+01
2.409621464042740868e+01 5.689424887601865066e+02 1.403923672465998322e+02 6.246142620002962786e+01
2.409621464042740868e+01 5.689424887601865066e+02 1.403923672465998322e+02 6.246142620002962786e+01
2.409621464042740868e+01 5.689424887601865066e+02 1.403923672465998322e+02 6.246142620002962786e+01
2.409621464042740868e+01 5.689424887601865066e+02 1.403923672465998322e+02 6.246142620002962786e+01
2.409621464042740868e+01 5.689424887601865066e+02 1.403923672465998322e+02 6.246142620002962786e+01
2.409621464042740868e+01 5.689424887601865066e+02 1.403923672465998322e+02 6.246142620002962786e+01
2.409621464042740868e+01 5.689424887601865066e+02 1.403923672465998322e+02 6.246142620002962786e+01
2.409621464042740868e+01 5.689424887601865066e+02 1.403923672465998322e+02 6.246142620002962786e+01
2.409621464042740868e+01 5.689424887601865066e+02 1.403923672465998322e+02 6.246142620002962786e+01
2.409621464042740868e+01 5.689424887601865066e+02 1.403923672465998322e+02 6.246142620002962786e+01
2.409621464042740868e+01 5.689424887601865066e+02 1.403923672465998322e+02 6.246142620002962786e+01
2.409621464042740868e+01 5.689424887601865066e+02 1.403923672465998322e+02 6.246142620002962786e+01
2.409621464042740868e+01 5.689424887601865066e+02 1.403923672465998322e+02 6.246142620002962786e+01
2.409621464042740868e+01 5.689424887601865066e+02 1.403923672465998322e+02 6.246142620002962786e+01
2.409621464042740868e+01 5.689424887601865066e+02 1.403923672465998322e+02 6.246142620002962786e+01
2.409621464042740868e+01 5.689424887601865066e+02 1.403923672465998322e+02 6.246142620002962786e+01
2.409621464042740868e+01 5.689424887601865066e+02 1.403923672465998322e+02 6.246142620002962786e+01
2.409621464042740868e+01 5.689424887601865066e+02 1.403923672465998322e+02 6.246142620002962786e+01
2.409621464042740868e+01 5.689424887601865066e+02 1.403923672465998322e+02 6.246142620002962786e+01
2.409621464042740868e+01 5.689424887601865066e+02 1.403923672465998322e+02 6.246142620002962786e+01
2.409621464042740868e+01 5.689424887601865066e+02 1.403923672465998322e+02 6.246142620002962786e+01
2.409621464042740868e+01 5.689424887601865066e+02 1.403923672465998322e+02 6.246142620002962786e+01
2.409621464042740868e+01 5.689424887601865066e+02 1.403923672465998322e+02 6.246142620002962786e+01
2.409621464042740868e+01 5.689424887601865066e+02 1.403923672465998322e+02 6.246142620002962786e+01
2.409621464042740868e+01 5.689424887601865066e+02 1.403923672465998322e+02 6.246142620002962786e+01
2.409621464042740868e+01 5.689424887601865066e+02 1.403923672465998322e+02 6.246142620002962786e+01
2.409621464042740868e+01 5.689424887601865066e+02 1.403923672465998322e+02 6.246142620002962786e+01
2.409621464042740868e+01 5.689424887601865066e+02 1.403923672465998322e+02 6.246142620002962786e+01
2.409621464042740868e+01 5.689424887601865066e+02 1.403923672465998322e+02 6.246142620002962786e+01
2.409621464042740868e+01 5.689424887601865066e+02 1.403923672465998322e+02 6.246142620002962786e+01
2.409621464042740868e+01 5.689424887601865066e+02 1.403923672465998322e+02 6.246142620002962786e+01
2.409621464042740868e+01 5.689424887601865066e+02 1.403923672465998322e+02 6.246142620002962786e+01
2.409621464042740868e+01 5.689424887601865066e+02 1.403923672465998322e+02 6.246142620002962786e+01
2.409621464042740868e+01 5.689424887601865066e+02 1.403923672465998322e+02 6.246142620002962786e+01
2.409621464042740868e+01 5.689424887601865066e+02 1.403923672465998322e+02 6.246142620002962786e+01
2.409621464042740868e+01 5.689424887601865066e+02 1.403923672465998322e+02 6.246142620002962786e+01
2.409621464042740868e+01 5.689424887601865066e+02 1.403923672465998322e+02 6.246142620002962786e+01
2.409621464042740868e+01 5.689424887601865066e+02 1.403923672465998322e+02 6.246142620002962786e+01
2.409621464042740868e+01 5.689424887601865066e+02 1.403923672465998322e+02 6.246142620002962786e+01
2.409621464042740868e+01 5.689424887601865066e+02 1.403923672465998322e+02 6.246142620002962786e+01
2.409621464042740868e+01 5.689424887601865066e+02 1.403923672465998322e+02 6.246142620002962786e+01
2.409621464042740868e+01 5.689424887601865066e+02 1.403923672465998322e+02 6.246142620002962786e+01
2.409621464042740868e+01 5.689424887601865066e+02 1.403923672465998322e+02 6.246142620002962786e+01
2.409621464042740868e+01 5.689424887601865066e+02 1.403923672465998322e+02 6.246142620002962786e+01
2.409621464042740868e+01 5.689424887601865066e+02 1.403923672465998322e+02 6.246142620002962786e+01
2.409621464042740868e+01 5.689424887601865066e+02 1.403923672465998322e+02 6.246142620002962786e+01
2.409621464042740868e+01 5.689424887601865066e+02 1.403923672465998322e+02 6.246142620002962786e+01
2.409621464042740868e+01 5.689424887601865066e+02 1.403923672465998322e+02 6.246142620002962786e+01
2.409621464042740868e+01 5.689424887601865066e+02 1.403923672465998322e+02 6.246142620002962786e+01
2.409621464042740868e+01 5.689424887601865066e+02 1.403923672465998322e+02 6.246142620002962786e+01
2.409621464042740868e+01 5.689424887601865066e+02 1.403923672465998322e+02 6.246142620002962786e+01
2.409621464042740868e+01 5.689424887601865066e+02 1.403923672465998322e+02 6.246142620002962786e+01
2.409621464042740868e+01 5.689424887601865066e+02 1.403923672465998322e+02 6.246142620002962786e+01
2.409621464042740868e+01 5.689424887601865066e+02 1.403923672465998322e+02 6.246142620002962786e+01
2.409621464042740868e+01 5.689424887601865066e+02 1.403923672465998322e+02 6.246142620002962786e+01
2.409621464042740868e+01 5.689424887601865066e+02 1.403923672465998322e+02 6.246142620002962786e+01
2.409621464042740868e+01 5.689424887601865066e+02 1.403923672465998322e+02 6.246142620002962786e+01
2.409621464042740868e+01 5.689424887601865066e+02 1.403923672465998322e+02 6.246142620002962786e+01
2.409621464042740868e+01 5.689424887601865066e+02 1.403923672465998322e+02 6.246142620002962786e+01
2.409621464042740868e+01 5.689424887601865066e+02 1.403923672465998322e+02 6.246142620002962786e+01
2.409621464042740868e+01 5.689424887601865066e+02 1.403923672465998322e+02 6.246142620002962786e+01
2.409621464042740868e+01 5.689424887601865066e+02 1.403923672465998322e+02 6.246142620002962786e+01
2.409621464042740868e+01 5.689424887601865066e+02 1.403923672465998322e+02 6.246142620002962786e+01
2.409621464042740868e+01 5.689424887601865066e+02 1.403923672465998322e+02 6.246142620002962786e+01
2.409621464042740868e+01 5.689424887601865066e+02 1.403923672465998322e+02 6.246142620002962786e+01
2.409621464042740868e+01 5.689424887601865066e+02 1.403923672465998322e+02 6.246142620002962786e+01
2.409621464042740868e+01 5.689424887601865066e+02 1.403923672465998322e+02 6.246142620002962786e+01
2.409621464042740868e+01 5.689424887601865066e+02 1.403923672465998322e+02 6.246142620002962786e+01
2.409621464042740868e+01 5.689424887601865066e+02 1.403923672465998322e+02 6.246142620002962786e+01
2.409621464042740868e+01 5.689424887601865066e+02 1.403923672465998322e+02 6.246142620002962786e+01
2.409621464042740868e+01 5.689424887601865066e+02 1.403923672465998322e+02 6.246142620002962786e+01
2.409621464042740868e+01 5.689424887601865066e+02 1.403923672465998322e+02 6.246142620002962786e+01
2.409621464042740868e+01 5.689424887601865066e+02 1.403923672465998322e+02 6.246142620002962786e+01
2.409621464042740868e+01 5.689424887601865066e+02 1.403923672465998322e+02 6.246142620002962786e+01
2.409621464042740868e+01 5.689424887601865066e+02 1.403923672465998322e+02 6.246142620002962786e+01
2.409621464042740868e+01 5.689424887601865066e+02 1.403923672465998322e+02 6.246142620002962786e+01
2.409621464042740868e+01 5.689424887601865066e+02 1.403923672465998322e+02 6.246142620002962786e+01
2.409621464042740868e+01 5.689424887601865066e+02 1.403923672465998322e+02 6.246142620002962786e+01
2.409621464042740868e+01 5.689424887601865066e+02 1.403923672465998322e+02 6.246142620002962786e+01
2.409621464042740868e+01 5.689424887601865066e+02 1.403923672465998322e+02 6.246142620002962786e+01
2.409621464042740868e+01 5.689424887601865066e+02 1.403923672465998322e+02 6.246142620002962786e+01
2.409621464042740868e+01 5.689424887601865066e+02 1.403923672465998322e+02 6.246142620002962786e+01
2.409621464042740868e+01 5.689424887601865066e+02 1.403923672465998322e+02 6.246142620002962786e+01
2.409621464042740868e+01 5.689424887601865066e+02 1.403923672465998322e+02 6.246142620002962786e+01
2.409621464042740868e+01 5.689424887601865066e+02 1.403923672465998322e+02 6.246142620002962786e+01
2.409621464042740868e+01 5.689424887601865066e+02 1.403923672465998322e+02 6.246142620002962786e+01
2.409621464042740868e+01 5.689424887601865066e+02 1.403923672465998322e+02 6.246142620002962786e+01
2.409621464042740868e+01 5.689424887601865066e+02 1.403923672465998322e+02 6.246142620002962786e+01
2.409621464042740868e+01 5.689424887601865066e+02 1.403923672465998322e+02 6.246142620002962786e+01
2.409621464042740868e+01 5.689424887601865066e+02 1.403923672465998322e+02 6.246142620002962786e+01
2.409621464042740868e+01 5.689424887601865066e+02 1.403923672465998322e+02 6.246142620002962786e+01
2.409621464042740868e+01 5.689424887601865066e+02 1.403923672465998322e+02 6.246142620002962786e+01
2.409621464042740868e+01 5.689424887601865066e+02 1.403923672465998322e+02 6.246142620002962786e+01
2.409621464042740868e+01 5.689424887601865066e+02 1.403923672465998322e+02 6.246142620002962786e+01
2.409621464042740868e+01 5.689424887601865066e+02 1.403923672465998322e+02 6.246142620002962786e+01
2.409621464042740868e+01 5.689424887601865066e+02 1.403923672465998322e+02 6.246142620002962786e+01
2.409621464042740868e+01 5.689424887601865066e+02 1.403923672465998322e+02 6.246142620002962786e+01
2.409621464042740868e+01 5.689424887601865066e+02 1.403923672465998322e+02 6.246142620002962786e+01
2.409621464042740868e+01 5.689424887601865066e+02 1.403923672465998322e+02 6.246142620002962786e+01
2.409621464042740868e+01 5.689424887601865066e+02 1.403923672465998322e+02 6.246142620002962786e+01
2.409621464042740868e+01 5.689424887601865066e+02 1.403923672465998322e+02 6.246142620002962786e+01
2.409621464042740868e+01 5.689424887601865066e+02 1.403923672465998322e+02 6.246142620002962786e+01
2.409621464042740868e+01 5.689424887601865066e+02 1.403923672465998322e+02 6.246142620002962786e+01
2.409621464042740868e+01 5.689424887601865066e+02 1.403923672465998322e+02 6.246142620002962786e+01
2.409621464042740868e+01 5.689424887601865066e+02 1.403923672465998322e+02 6.246142620002962786e+01
2.409621464042740868e+01 5.689424887601865066e+02 1.403923672465998322e+02 6.246142620002962786e+01
2.409621464042740868e+01 5.689424887601865066e+02 1.403923672465998322e+02 6.246142620002962786e+01
2.409621464042740868e+01 5.689424887601865066e+02 1.403923672465998322e+02 6.246142620002962786e+01
2.409621464042740868e+01 5.689424887601865066e+02 1.403923672465998322e+02 6.246142620002962786e+01
2.409621464042740868e+01 5.689424887601865066e+02 1.403923672465998322e+02 6.246142620002962786e+01
2.409621464042740868e+01 5.689424887601865066e+02 1.403923672465998322e+02 6.246142620002962786e+01
2.409621464042740868e+01 5.689424887601865066e+02 1.403923672465998322e+02 6.246142620002962786e+01
2.409621464042740868e+01 5.689424887601865066e+02 1.403923672465998322e+02 6.246142620002962786e+01
2.409621464042740868e+01 5.689424887601865066e+02 1.403923672465998322e+02 6.246142620002962786e+01
2.409621464042740868e+01 5.689424887601865066e+02 1.403923672465998322e+02 6.246142620002962786e+01
2.409621464042740868e+01 5.689424887601865066e+02 1.403923672465998322e+02 6.246142620002962786e+01
2.409621464042740868e+01 5.689424887601865066e+02 1.403923672465998322e+02 6.246142620002962786e+01
2.409621464042740868e+01 5.689424887601865066e+02 1.403923672465998322e+02 6.246142620002962786e+01
2.409621464042740868e+01 5.689424887601865066e+02 1.403923672465998322e+02 6.246142620002962786e+01
2.409621464042740868e+01 5.689424887601865066e+02 1.403923672465998322e+02 6.246142620002962786e+01
2.409621464042740868e+01 5.689424887601865066e+02 1.403923672465998322e+02 6.246142620002962786e+01
2.409621464042740868e+01 5.689424887601865066e+02 1.403923672465998322e+02 6.246142620002962786e+01
2.409621464042740868e+01 5.689424887601865066e+02 1.403923672465998322e+02 6.246142620002962786e+01
2.409621464042740868e+01 5.689424887601865066e+02 1.403923672465998322e+02 6.246142620002962786e+01
2.409621464042740868e+01 5.689424887601865066e+02 1.403923672465998322e+02 6.246142620002962786e+01
2.409621464042740868e+01 5.689424887601865066e+02 1.403923672465998322e+02 6.246142620002962786e+01
2.409621464042740868e+01 5.689424887601865066e+02 1.403923672465998322e+02 6.246142620002962786e+01
2.409621464042740868e+01 5.689424887601865066e+02 1.403923672465998322e+02 6.246142620002962786e+01
2.409621464042740868e+01 5.689424887601865066e+02 1.403923672465998322e+02 6.246142620002962786e+01
2.409621464042740868e+01 5.689424887601865066e+02 1.403923672465998322e+02 6.246142620002962786e+01
2.409621464042740868e+01 5.689424887601865066e+02 1.403923672465998322e+02 6.246142620002962786e+01
2.409621464042740868e+01 5.689424887601865066e+02 1.403923672465998322e+02 6.246142620002962786e+01
2.409621464042740868e+01 5.689424887601865066e+02 1.403923672465998322e+02 6.246142620002962786e+01
2.409621464042740868e+01 5.689424887601865066e+02 1.403923672465998322e+02 6.246142620002962786e+01
2.409621464042740868e+01 5.689424887601865066e+02 1.403923672465998322e+02 6.246142620002962786e+01
2.409621464042740868e+01 5.689424887601865066e+02 1.403923672465998322e+02 6.246142620002962786e+01
2.409621464042740868e+01 5.689424887601865066e+02 1.403923672465998322e+02 6.246142620002962786e+01
2.409621464042740868e+01 5.689424887601865066e+02 1.403923672465998322e+02 6.246142620002962786e+01
2.409621464042740868e+01 5.689424887601865066e+02 1.403923672465998322e+02 6.246142620002962786e+01
2.409621464042740868e+01 5.689424887601865066e+02 1.403923672465998322e+02 6.246142620002962786e+01
2.409621464042740868e+01 5.689424887601865066e+02 1.403923672465998322e+02 6.246142620002962786e+01
2.409621464042740868e+01 5.689424887601865066e+02 1.403923672465998322e+02 6.246142620002962786e+01
2.409621464042740868e+01 5.689424887601865066e+02 1.403923672465998322e+02 6.246142620002962786e+01
2.409621464042740868e+01 5.689424887601865066e+02 1.403923672465998322e+02 6.246142620002962786e+01
2.409621464042740868e+01 5.689424887601865066e+02 1.403923672465998322e+02 6.246142620002962786e+01
2.409621464042740868e+01 5.689424887601865066e+02 1.403923672465998322e+02 6.246142620002962786e+01
2.409621464042740868e+01 5.689424887601865066e+02 1.403923672465998322e+02 6.246142620002962786e+01
2.409621464042740868e+01 5.689424887601865066e+02 1.403923672465998322e+02 6.246142620002962786e+01
2.409621464042740868e+01 5.689424887601865066e+02 1.403923672465998322e+02 6.246142620002962786e+01
2.409621464042740868e+01 5.689424887601865066e+02 1.403923672465998322e+02 6.246142620002962786e+01
2.409621464042740868e+01 5.689424887601865066e+02 1.403923672465998322e+02 6.246142620002962786e+01
2.409621464042740868e+01 5.689424887601865066e+02 1.403923672465998322e+02 6.246142620002962786e+01
2.409621464042740868e+01 5.689424887601865066e+02 1.403923672465998322e+02 6.246142620002962786e+01
2.409621464042740868e+01 5.689424887601865066e+02 1.403923672465998322e+02 6.246142620002962786e+01
2.409621464042740868e+01 5.689424887601865066e+02 1.403923672465998322e+02 6.246142620002962786e+01
2.409621464042740868e+01 5.689424887601865066e+02 1.403923672465998322e+02 6.246142620002962786e+01
2.409621464042740868e+01 5.689424887601865066e+02 1.403923672465998322e+02 6.246142620002962786e+01
2.409621464042740868e+01 5.689424887601865066e+02 1.403923672465998322e+02 6.246142620002962786e+01
2.409621464042740868e+01 5.689424887601865066e+02 1.403923672465998322e+02 6.246142620002962786e+01
2.409621464042740868e+01 5.689424887601865066e+02 1.403923672465998322e+02 6.246142620002962786e+01
2.409621464042740868e+01 5.689424887601865066e+02 1.403923672465998322e+02 6.246142620002962786e+01
2.409621464042740868e+01 5.689424887601865066e+02 1.403923672465998322e+02 6.246142620002962786e+01
2.409621464042740868e+01 5.689424887601865066e+02 1.403923672465998322e+02 6.246142620002962786e+01
2.409621464042740868e+01 5.689424887601865066e+02 1.403923672465998322e+02 6.246142620002962786e+01
2.409621464042740868e+01 5.689424887601865066e+02 1.403923672465998322e+02 6.246142620002962786e+01
2.409621464042740868e+01 5.689424887601865066e+02 1.403923672465998322e+02 6.246142620002962786e+01
2.409621464042740868e+01 5.689424887601865066e+02 1.403923672465998322e+02 6.246142620002962786e+01
2.409621464042740868e+01 5.689424887601865066e+02 1.403923672465998322e+02 6.246142620002962786e+01
2.409621464042740868e+01 5.689424887601865066e+02 1.403923672465998322e+02 6.246142620002962786e+01
2.409621464042740868e+01 5.689424887601865066e+02 1.403923672465998322e+02 6.246142620002962786e+01
2.409621464042740868e+01 5.689424887601865066e+02 1.403923672465998322e+02 6.246142620002962786e+01
2.409621464042740868e+01 5.689424887601865066e+02 1.403923672465998322e+02 6.246142620002962786e+01
2.409621464042740868e+01 5.689424887601865066e+02 1.403923672465998322e+02 6.246142620002962786e+01
2.409621464042740868e+01 5.689424887601865066e+02 1.403923672465998322e+02 6.246142620002962786e+01
2.409621464042740868e+01 5.689424887601865066e+02 1.403923672465998322e+02 6.246142620002962786e+01
2.409621464042740868e+01 5.689424887601865066e+02 1.403923672465998322e+02 6.246142620002962786e+01
2.409621464042740868e+01 5.689424887601865066e+02 1.403923672465998322e+02 6.246142620002962786e+01
2.409621464042740868e+01 5.689424887601865066e+02 1.403923672465998322e+02 6.246142620002962786e+01
2.409621464042740868e+01 5.689424887601865066e+02 1.403923672465998322e+02 6.246142620002962786e+01
2.409621464042740868e+01 5.689424887601865066e+02 1.403923672465998322e+02 6.246142620002962786e+01
2.409621464042740868e+01 5.689424887601865066e+02 1.403923672465998322e+02 6.246142620002962786e+01
2.409621464042740868e+01 5.689424887601865066e+02 1.403923672465998322e+02 6.246142620002962786e+01
2.409621464042740868e+01 5.689424887601865066e+02 1.403923672465998322e+02 6.246142620002962786e+01
2.409621464042740868e+01 5.689424887601865066e+02 1.403923672465998322e+02 6.246142620002962786e+01
2.409621464042740868e+01 5.689424887601865066e+02 1.403923672465998322e+02 6.246142620002962786e+01
2.409621464042740868e+01 5.689424887601865066e+02 1.403923672465998322e+02 6.246142620002962786e+01
2.409621464042740868e+01 5.689424887601865066e+02 1.403923672465998322e+02 6.246142620002962786e+01
2.409621464042740868e+01 5.689424887601865066e+02 1.403923672465998322e+02 6.246142620002962786e+01
2.409621464042740868e+01 5.689424887601865066e+02 1.403923672465998322e+02 6.246142620002962786e+01
2.409621464042740868e+01 5.689424887601865066e+02 1.403923672465998322e+02 6.246142620002962786e+01
2.409621464042740868e+01 5.689424887601865066e+02 1.403923672465998322e+02 6.246142620002962786e+01
2.409621464042740868e+01 5.689424887601865066e+02 1.403923672465998322e+02 6.246142620002962786e+01
2.409621464042740868e+01 5.689424887601865066e+02 1.403923672465998322e+02 6.246142620002962786e+01
2.409621464042740868e+01 5.689424887601865066e+02 1.403923672465998322e+02 6.246142620002962786e+01
2.409621464042740868e+01 5.689424887601865066e+02 1.403923672465998322e+02 6.246142620002962786e+01
2.409621464042740868e+01 5.689424887601865066e+02 1.403923672465998322e+02 6.246142620002962786e+01
2.409621464042740868e+01 5.689424887601865066e+02 1.403923672465998322e+02 6.246142620002962786e+01
2.409621464042740868e+01 5.689424887601865066e+02 1.403923672465998322e+02 6.246142620002962786e+01
2.409621464042740868e+01 5.689424887601865066e+02 1.403923672465998322e+02 6.246142620002962786e+01
2.409621464042740868e+01 5.689424887601865066e+02 1.403923672465998322e+02 6.246142620002962786e+01
2.409621464042740868e+01 5.689424887601865066e+02 1.403923672465998322e+02 6.246142620002962786e+01
2.409621464042740868e+01 5.689424887601865066e+02 1.403923672465998322e+02 6.246142620002962786e+01
2.409621464042740868e+01 5.689424887601865066e+02 1.403923672465998322e+02 6.246142620002962786e+01
2.409621464042740868e+01 5.689424887601865066e+02 1.403923672465998322e+02 6.246142620002962786e+01
2.409621464042740868e+01 5.689424887601865066e+02 1.403923672465998322e+02 6.246142620002962786e+01
2.409621464042740868e+01 5.689424887601865066e+02 1.403923672465998322e+02 6.246142620002962786e+01
2.409621464042740868e+01 5.689424887601865066e+02 1.403923672465998322e+02 6.246142620002962786e+01
2.409621464042740868e+01 5.689424887601865066e+02 1.403923672465998322e+02 6.246142620002962786e+01
2.409621464042740868e+01 5.689424887601865066e+02 1.403923672465998322e+02 6.246142620002962786e+01
2.409621464042740868e+01 5.689424887601865066e+02 1.403923672465998322e+02 6.246142620002962786e+01
2.409621464042740868e+01 5.689424887601865066e+02 1.403923672465998322e+02 6.246142620002962786e+01
2.409621464042740868e+01 5.689424887601865066e+02 1.403923672465998322e+02 6.246142620002962786e+01
2.409621464042740868e+01 5.689424887601865066e+02 1.403923672465998322e+02 6.246142620002962786e+01
2.409621464042740868e+01 5.689424887601865066e+02 1.403923672465998322e+02 6.246142620002962786e+01
2.409621464042740868e+01 5.689424887601865066e+02 1.403923672465998322e+02 6.246142620002962786e+01
2.409621464042740868e+01 5.689424887601865066e+02 1.403923672465998322e+02 6.246142620002962786e+01
2.409621464042740868e+01 5.689424887601865066e+02 1.403923672465998322e+02 6.246142620002962786e+01
2.409621464042740868e+01 5.689424887601865066e+02 1.403923672465998322e+02 6.246142620002962786e+01
2.409621464042740868e+01 5.689424887601865066e+02 1.403923672465998322e+02 6.246142620002962786e+01
2.409621464042740868e+01 5.689424887601865066e+02 1.403923672465998322e+02 6.246142620002962786e+01
2.409621464042740868e+01 5.689424887601865066e+02 1.403923672465998322e+02 6.246142620002962786e+01
2.409621464042740868e+01 5.689424887601865066e+02 1.403923672465998322e+02 6.246142620002962786e+01
2.409621464042740868e+01 5.689424887601865066e+02 1.403923672465998322e+02 6.246142620002962786e+01
2.409621464042740868e+01 5.689424887601865066e+02 1.403923672465998322e+02 6.246142620002962786e+01
2.409621464042740868e+01 5.689424887601865066e+02 1.403923672465998322e+02 6.246142620002962786e+01
2.409621464042740868e+01 5.689424887601865066e+02 1.403923672465998322e+02 6.246142620002962786e+01
2.409621464042740868e+01 5.689424887601865066e+02 1.403923672465998322e+02 6.246142620002962786e+01
2.409621464042740868e+01 5.689424887601865066e+02 1.403923672465998322e+02 6.246142620002962786e+01
2.409621464042740868e+01 5.689424887601865066e+02 1.403923672465998322e+02 6.246142620002962786e+01
2.409621464042740868e+01 5.689424887601865066e+02 1.403923672465998322e+02 6.246142620002962786e+01
2.409621464042740868e+01 5.689424887601865066e+02 1.403923672465998322e+02 6.246142620002962786e+01
2.409621464042740868e+01 5.689424887601865066e+02 1.403923672465998322e+02 6.246142620002962786e+01
2.409621464042740868e+01 5.689424887601865066e+02 1.403923672465998322e+02 6.246142620002962786e+01
2.409621464042740868e+01 5.689424887601865066e+02 1.403923672465998322e+02 6.246142620002962786e+01
2.409621464042740868e+01 5.689424887601865066e+02 1.403923672465998322e+02 6.246142620002962786e+01
2.409621464042740868e+01 5.689424887601865066e+02 1.403923672465998322e+02 6.246142620002962786e+01
2.409621464042740868e+01 5.689424887601865066e+02 1.403923672465998322e+02 6.246142620002962786e+01
2.409621464042740868e+01 5.689424887601865066e+02 1.403923672465998322e+02 6.246142620002962786e+01
2.409621464042740868e+01 5.689424887601865066e+02 1.403923672465998322e+02 6.246142620002962786e+01
2.409621464042740868e+01 5.689424887601865066e+02 1.403923672465998322e+02 6.246142620002962786e+01
2.409621464042740868e+01 5.689424887601865066e+02 1.403923672465998322e+02 6.246142620002962786e+01
2.409621464042740868e+01 5.689424887601865066e+02 1.403923672465998322e+02 6.246142620002962786e+01
2.409621464042740868e+01 5.689424887601865066e+02 1.403923672465998322e+02 6.246142620002962786e+01
2.409621464042740868e+01 5.689424887601865066e+02 1.403923672465998322e+02 6.246142620002962786e+01
2.409621464042740868e+01 5.689424887601865066e+02 1.403923672465998322e+02 6.246142620002962786e+01
2.409621464042740868e+01 5.689424887601865066e+02 1.403923672465998322e+02 6.246142620002962786e+01
