1.000000000000000000e+00 1.000000000000000000e+00 1.000000000000000000e+00 1.000000000000000000e+00
1.982328063833888321e-01 6.929226376775995400e-01 4.429972311321694178e+02 4.946834095910890294e-02
1.948804841432693336e-01 6.853373423146099652e-01 4.550515259161231256e+02 5.038917059415840699e-02
1.967138530366226157e-01 6.685217799365985591e-01 4.159343655819525907e+02 5.090556471473723504e-02
1.849832911992641826e-01 6.905422557661086147e-01 4.355860806678888366e+02 5.318385496337775520e-02
1.701885296033245343e-01 6.802179299541415425e-01 4.222366001358824406e+02 4.796676621782518246e-02
1.866354387834571749e-01 7.582142201201784726e-01 4.365606547246018181e+02 4.903721155723349268e-02
1.746735590760584989e-01 5.835626101665559728e-01 4.073078360641769109e+02 5.364987818423910121e-02
1.692923389054297734e-01 6.638412548738492625e-01 4.598143545078144712e+02 5.404771536164504342e-02
1.616897225052224829e-01 6.221718300601630780e-01 3.998072428628800594e+02 5.276922654234905002e-02
1.253849382453808003e-01 6.305369631082584636e-01 3.837226917613725163e+02 5.696337842935117468e-02
1.387522775178295920e-01 6.096816051466885655e-01 3.930405380113138563e+02 5.152206354735529292e-02
1.108626073089892389e-01 6.670714535326783823e-01 3.606535803344335704e+02 5.802353244582673930e-02
1.166598371686853181e-01 6.373647965195873288e-01 3.712649905792417826e+02 5.525366135322257871e-02
9.042083899620056986e-02 6.124670670824091667e-01 3.566061609404465003e+02 6.330899042059268123e-02
9.639457034540008240e-02 5.848814891994271736e-01 2.966258343946322498e+02 7.304143476793394096e-02
8.602228956344651345e-02 5.866848022159736331e-01 3.219133020112500390e+02 7.148659911351790130e-02
8.349336847330822431e-02 5.195609494024131525e-01 2.887518086001807092e+02 7.831496787625065459e-02
7.727455290828753875e-02 5.485964589607918995e-01 2.733646594377794941e+02 7.877860103202605213e-02
7.617997644563158366e-02 5.558466918813314006e-01 2.572545697232626480e+02 7.775773034660211913e-02
7.979690681834296362e-02 5.470895922384921839e-01 2.636428251418511763e+02 8.432723526052048058e-02
7.664157588970328672e-02 5.577295934211754513e-01 2.848043666874139603e+02 8.315917221407408133e-02
7.726469382284185949e-02 5.022339956879487977e-01 2.523744733841028847e+02 8.479409872151937033e-02
7.778105755875748539e-02 4.954327745157634522e-01 2.700202279559961767e+02 7.854857655849223352e-02
7.198277365668653838e-02 5.387513735144510152e-01 2.485726794095769492e+02 7.951964087894883293e-02
7.426700663247801093e-02 5.561293697360660815e-01 2.370993941773842266e+02 8.308771288629981933e-02
7.797091296358929502e-02 5.034138352146418915e-01 2.630030006342767592e+02 8.683039599451686241e-02
7.775281877015248477e-02 5.186012301092507437e-01 2.475482372422987680e+02 7.691391471750674835e-02
7.696604583021200707e-02 5.512009791103867906e-01 2.560648236061181251e+02 8.464094521247490788e-02
6.806735356279620952e-02 5.327393575237857615e-01 2.493721168154837358e+02 9.062307789788387469e-02
5.934653528245462106e-02 4.863184066354609425e-01 2.459942934993142103e+02 9.600986804412682540e-02
5.977636227381522005e-02 5.438623078537149214e-01 2.458177913556829708e+02 9.121726399223478721e-02
6.221243339741240608e-02 4.613637855946998156e-01 2.349831954829087408e+02 8.775597314075088418e-02
6.489787461033216798e-02 4.965462469730412276e-01 2.344859170835422617e+02 9.347380252764099506e-02
6.080481580187627882e-02 5.151749369130563805e-01 2.352514181596806395e+02 9.719280719042394656e-02
5.936999651168218400e-02 5.035726974527096056e-01 2.338320224478048033e+02 9.242186682021494293e-02
5.715776296859677308e-02 5.115987830647038548e-01 2.493410811194203518e+02 8.395111752473287392e-02
6.187238312385974492e-02 5.081528767340931507e-01 2.160601830689863618e+02 9.286866652179145976e-02
6.056486450103747837e-02 5.423500332575840188e-01 2.405707080690532678e+02 8.720400323056635983e-02
6.426954374587777463e-02 5.978616252482436000e-01 1.998180962141182704e+02 9.303047468404714027e-02
6.001898669032836725e-02 5.413085026690765966e-01 2.376275544276462028e+02 9.968433128897108420e-02
5.794771900687817334e-02 5.714292348568488222e-01 2.179730526429844133e+02 9.377743794699613944e-02
5.996926282363424648e-02 5.370453230271039491e-01 2.233007156930718224e+02 8.526624333712709558e-02
5.597778572148852383e-02 5.090321070535552828e-01 1.923034420311051633e+02 1.047379764435701632e-01
4.585648848508266928e-02 4.842177844552568722e-01 1.971571452372369606e+02 1.070873414189804085e-01
4.653941645910905645e-02 5.248514271567940037e-01 1.752479484085001502e+02 1.139853868204442622e-01
4.128169537062287286e-02 4.295270203287649968e-01 1.204048688575442156e+02 1.192722486923199765e-01
4.284700014617986996e-02 4.274180925102187278e-01 1.137827155740123999e+02 1.299895707322984706e-01
3.890277673010559406e-02 3.831964589325245196e-01 1.270241818476346367e+02 1.411197968929464031e-01
4.221091964243714467e-02 3.272628808288974289e-01 9.946054464964134922e+01 1.627428361211524233e-01
3.639973313621690243e-02 3.221801372764307447e-01 9.867585710843646041e+01 1.608578584298404335e-01
3.808320915274188145e-02 3.326289806829439422e-01 1.022395388824190547e+02 1.561351767027179538e-01
3.706208254124855606e-02 3.623329217161486149e-01 6.480254511976237097e+01 1.861213330807837685e-01
3.620960920165584157e-02 3.265407087813840814e-01 6.623581255023057679e+01 1.980766480177572619e-01
4.016124567729265765e-02 3.269661208417788401e-01 5.931987757928044402e+01 1.910104510367447994e-01
3.589903959904811037e-02 3.178047152014009669e-01 6.491088564060727606e+01 2.102280043584548730e-01
3.382218868626610253e-02 2.967913461912874418e-01 3.710088892309762798e+01 2.616224238685399550e-01
3.477384195215595802e-02 2.907915463076725104e-01 3.482850704840178224e+01 2.718528528988130577e-01
3.496878327839406109e-02 3.059945799815048106e-01 3.367483267547780201e+01 2.687816301645731265e-01
3.595106363291796642e-02 2.360541879353808548e-01 3.059795074584407004e+01 3.179530629396332131e-01
3.314109693499006637e-02 2.314566280056123970e-01 2.869737612014520067e+01 3.415932803086891290e-01
3.111263829135190243e-02 2.362887435430025829e-01 3.022459019393874868e+01 3.112694773729289821e-01
3.360764826468287669e-02 2.548394783117133300e-01 3.071242311793929858e+01 3.382150236269431676e-01
3.303768359603877908e-02 2.297067719325818214e-01 3.105283311934622859e+01 3.198133973626362536e-01
3.249745890493627165e-02 2.129541367816855379e-01 2.666809533468203597e+01 2.890918184135312652e-01
3.349235240625401261e-02 2.154770759232492172e-01 2.584456703376783437e+01 3.150449191090948231e-01
3.384662732012120451e-02 2.342155711594570977e-01 2.395584501953841894e+01 3.392451601046249654e-01
3.367756047142217435e-02 2.074368469473056864e-01 2.228637646063048194e+01 3.171475026822976884e-01
3.222674077050713404e-02 1.948229096313391084e-01 2.173954151036842575e+01 3.280539387776200133e-01
3.267336550015292884e-02 1.995761400487024440e-01 1.920295499217313662e+01 3.330237594395749068e-01
3.526959687742944188e-02 1.909771053382111339e-01 1.963413501846774523e+01 3.702091822833348256e-01
3.512002931842060638e-02 1.686730767846682244e-01 2.119447794340527125e+01 3.619939562250297227e-01
3.230832963550334808e-02 1.784660503899857531e-01 2.112459879417540876e+01 3.855385318480363810e-01
3.503130866165469343e-02 1.775072278650156876e-01 2.235076746802010561e+01 3.741129308349147031e-01
3.543004445790102347e-02 1.761350447069780223e-01 2.004480751082404666e+01 3.755930996398100241e-01
3.451728278055594956e-02 1.857640462233632883e-01 2.165992823300718229e+01 3.736019487539234407e-01
3.636614974427780644e-02 2.028126523637053258e-01 1.289521847267088894e+01 3.904566135655677117e-01
4.012027299466249669e-02 2.064593646859094467e-01 9.322137737756381881e+00 4.393120209725066561e-01
3.546999026016608297e-02 2.187257001637011311e-01 7.455621239263038547e+00 4.103659406770343021e-01
3.396622970811217362e-02 2.066985921066177845e-01 8.346852453601332655e+00 4.170730692943769302e-01
3.683226494550222163e-02 1.847150298850671057e-01 5.727029012136330088e+00 4.572927795746843382e-01
3.799842821581351365e-02 2.057770677276431481e-01 5.353881525291654953e+00 4.307767840847907537e-01
3.713174659896085333e-02 1.637722758496270026e-01 4.724877463051370796e+00 4.092149694850502617e-01
4.012937910883920128e-02 1.847271650123051001e-01 1.546376970881633728e+00 4.068157515471010344e-01
3.885486633167166415e-02 2.076764908276126087e-01 1.649627852911262904e+00 4.082364029407556383e-01
3.759141829561990500e-02 1.888950762693498431e-01 1.625233673250700228e+00 4.508070016988809381e-01
3.491556933946217411e-02 2.084554108690120089e-01 1.615477916779064937e+00 4.741151750793165531e-01
3.362608239049160591e-02 1.721650135885386124e-01 1.205649178251872122e+00 4.257079730693349440e-01
3.468651868214112782e-02 2.062006270392377771e-01 1.085962504299850195e+00 4.600088968990674876e-01
3.710242402552327984e-02 1.875638977245495942e-01 1.123924626100366586e+00 4.350006608286980381e-01
3.644473343849074370e-02 1.943944625632003098e-01 1.006263038177518609e+00 4.090879083267811578e-01
3.728402805792874197e-02 1.779442280063319726e-01 1.118904309131578012e+00 4.885787212824999615e-01
3.567025095650903921e-02 1.700166195090528909e-01 1.045585469925578881e+00 4.529069227532754316e-01
3.780643248267494261e-02 1.839133368697740134e-01 1.145057076441656552e+00 4.274195553867864428e-01
3.630775636912561555e-02 1.770766374361342210e-01 1.109560708849970823e+00 4.973394449150549401e-01
3.719471144330935980e-02 2.196475930396121767e-01 1.095568282169741448e+00 3.938255331835431305e-01
3.731649346960557584e-02 1.735830866487508839e-01 1.046935636980873108e+00 4.372042856227537633e-01
3.376249493542252816e-02 1.764694724261990921e-01 9.465489161398207285e-01 3.874278078120079183e-01
3.753789555304330727e-02 1.715734549322738833e-01 3.944908032487639549e-01 4.156584409316506634e-01
3.478759825520739285e-02 1.685810902484107254e-01 2.222085646076515097e-01 4.267312608317581080e-01
3.179693759007089920e-02 1.517385899081798162e-01 2.092223489850035534e-01 4.305758909964519376e-01
3.188088251000677220e-02 1.567120306427687848e-01 2.034704097325673033e-01 4.171747946509469784e-01
3.179887491576123548e-02 1.737783435861227910e-01 2.064310634813271705e-01 4.213166891655125146e-01
3.038442037736753532e-02 1.726449506976419912e-01 2.000977630985485700e-01 3.928757821189299837e-01
3.141876075304689958e-02 1.500819232597857822e-01 1.430686153365068602e-01 4.243170586342974171e-01
3.443056724072864061e-02 1.566077193592340377e-01 1.219258472404083360e-01 4.319025405151669661e-01
3.203427076153228525e-02 1.678850603306141775e-01 1.108911115035765421e-01 4.449443060618063495e-01
3.357520625177002477e-02 1.382699893014293635e-01 1.263604224989086089e-01 4.466155540610380337e-01
3.348508284026288639e-02 1.677553361808831467e-01 1.106024793221995484e-01 4.049807064236466414e-01
3.810658211290882114e-02 1.507231668110697587e-01 1.111145775635778293e-01 4.439013134127050564e-01
3.457556188454218027e-02 1.580849706792692710e-01 1.031324042838029503e-01 4.304801624558172723e-01
3.233762745204418754e-02 1.390502799326697458e-01 1.197204528552989755e-01 4.606901143360554451e-01
3.648132992837678501e-02 1.456487605636549998e-01 1.175641079895152069e-01 4.353866532047829807e-01
2.991074182979863022e-02 1.550966246472028909e-01 1.012117517367116110e-01 4.415898537123051359e-01
3.386676831791498449e-02 1.432416754897558597e-01 1.033771868708091429e-01 3.949347179140199060e-01
3.545334545704474649e-02 1.509787656042652082e-01 1.141978123964163677e-01 4.413962048208909805e-01
3.456470979462576004e-02 1.434126584279151462e-01 1.028051042365760309e-01 4.195073844581693190e-01
3.254878180976820967e-02 1.596748669272223253e-01 1.088418397792943609e-01 4.792349412760403826e-01
3.223527974732182805e-02 1.636875149453484168e-01 9.881102666446262006e-02 4.125200916021813380e-01
3.208939484890346860e-02 1.424629314652009759e-01 1.026609730647629753e-01 4.364194998514098200e-01
3.497781884246546624e-02 1.352289370469599294e-01 9.889975951274851407e-02 4.459394657763419145e-01
3.442865195309630089e-02 1.315288933011475037e-01 9.855800951513893349e-02 4.227874424689632704e-01
3.556963465691275611e-02 1.548871208616185713e-01 9.348664616378052350e-02 4.568594644909036995e-01
3.701689075795317613e-02 1.437918451059539693e-01 9.481505584717783708e-02 3.975237567811235051e-01
3.697005724683930655e-02 1.631187948382472608e-01 1.033365222304452047e-01 4.120776068805585557e-01
3.316133540369642363e-02 1.493687203034180511e-01 1.006070981498341232e-01 4.607835742140347079e-01
3.538640901372139269e-02 1.464532520654198977e-01 9.434103528420798024e-02 4.241412900209706738e-01
3.529418946120098377e-02 1.475599077022055061e-01 9.634864439447912710e-02 4.531646974701347697e-01
3.212831606970817377e-02 1.524729450421848098e-01 9.316592944921200936e-02 4.119874015548952717e-01
3.165390749533877890e-02 1.483116150484156681e-01 9.147204697704487686e-02 4.620341414746635400e-01
3.173079824998006199e-02 1.576489342552001016e-01 9.974797332349652490e-02 4.360144863467627641e-01
3.387489924029643551e-02 1.380744236507951972e-01 8.679251150323509523e-02 4.728905975932100603e-01
3.393124508776682036e-02 1.560714588576803952e-01 9.396841168186163828e-02 4.605775371396293449e-01
3.411653238240423824e-02 1.626525970912435504e-01 9.672271754381529807e-02 4.089141514188452398e-01
3.728736170017241808e-02 1.495702427993733930e-01 9.386760202943812692e-02 4.425204161404094894e-01
3.549104028037583514e-02 1.536688760715481661e-01 9.691560644880815867e-02 4.343007578615816766e-01
3.320221025845225549e-02 1.484629301651574917e-01 1.005604626514077365e-01 4.277511097576857102e-01
3.253871818347402189e-02 1.517888217611456925e-01 9.953100664459493818e-02 4.220138493876648411e-01
3.423605339170475437e-02 1.582312055420038166e-01 8.917227653909970408e-02 4.607392582998718900e-01
3.537721608552966968e-02 1.534143432945360430e-01 9.797944820926790532e-02 4.126974718034768785e-01
3.551461080934516928e-02 1.554352704422258258e-01 8.857531913772632992e-02 4.129591888033748992e-01
3.315159148618772311e-02 1.595395510179329901e-01 1.063320534050598565e-01 4.377505271529996689e-01
3.396248774602255577e-02 1.565257314957359536e-01 9.390941122693638454e-02 4.109303831717989186e-01
3.573665380662528757e-02 1.728384815782331441e-01 9.452565238943939907e-02 4.595004013068902937e-01
3.280248878783267874e-02 1.563054831998844652e-01 1.057061240593307749e-01 4.050913351623892655e-01
3.041569101297492139e-02 1.668626115370884788e-01 8.931177017464130008e-02 4.308389273731692559e-01
3.217622909840275186e-02 1.546698515148252906e-01 9.458628682487914274e-02 4.500430649409353223e-01
3.477401033537486780e-02 1.346719470918786854e-01 8.571975244625040791e-02 4.592839808359521769e-01
3.570053757872720251e-02 1.517855156831621477e-01 9.188610438947934778e-02 4.402989289385761396e-01
3.274117992594141602e-02 1.509963712502863931e-01 9.991567418642537113e-02 3.849180011499185317e-01
3.128532949448518258e-02 1.582928263207380726e-01 1.009148195763800993e-01 4.106107961169797038e-01
3.117062094883276194e-02 1.486092153277900618e-01 9.972750687920027557e-02 3.729441237629789740e-01
2.958789838226506472e-02 1.676995161294155268e-01 9.094110586004254537e-02 3.980798822798291559e-01
3.190550262084123484e-02 1.646319400400923783e-01 1.080357137512508586e-01 4.314531635964936607e-01
3.201358806410723595e-02 1.559916527218044024e-01 8.867418078424563199e-02 4.216434307455701469e-01
3.181446085637162913e-02 1.723493836456708450e-01 9.523540703341945579e-02 3.690254336471519014e-01
3.340877627547627488e-02 1.621317615945853108e-01 8.846331162490365940e-02 4.416545093650637854e-01
3.125545602782684590e-02 1.666246113109434435e-01 9.845484218665825904e-02 4.136299592832116678e-01
3.198805442931091508e-02 1.546313689743780417e-01 9.370998893153231757e-02 4.115911560301978023e-01
3.149761778043622812e-02 1.424339648150970417e-01 9.090394752295713476e-02 4.034646247198067082e-01
3.356324683509406825e-02 1.557432150472689014e-01 9.979362023319024444e-02 4.031621744017256925e-01
3.014638676292666353e-02 1.588464690905522780e-01 9.879285231655889066e-02 4.169490554614829203e-01
3.132170259264081130e-02 1.562175519988834582e-01 1.004027567242705282e-01 4.061680384741909178e-01
3.109709074311529237e-02 1.753816160504372001e-01 9.302693819992279012e-02 4.221645162247414929e-01
3.164317581842480964e-02 1.667463986314597635e-01 9.406162365886237831e-02 3.673255861645562392e-01
3.212770469028549541e-02 1.882924881900641945e-01 9.037486383319180694e-02 4.014047749874044002e-01
3.170192722777317312e-02 1.530241736364515992e-01 1.019772480105391177e-01 3.958325299307398071e-01
2.932837350528752149e-02 1.949233672693101160e-01 9.244502530399380247e-02 4.117904775334228495e-01
3.145756400416455795e-02 1.697682532873793504e-01 9.892878741807185905e-02 3.895150622260158957e-01
2.910303125330390706e-02 1.790438055223929348e-01 8.535971076317949713e-02 3.894105237803625053e-01
3.131531994334080943e-02 1.821283809024401290e-01 9.368403915013097383e-02 4.056174353126656973e-01
3.093102145872537664e-02 1.662781584789678468e-01 8.657314778206628980e-02 4.241788452131283749e-01
3.095091429086156351e-02 1.636783161191533442e-01 9.446138947060671309e-02 4.090157958447904196e-01
3.003564413202356592e-02 1.629398417519598297e-01 9.427606761898786603e-02 4.055948889267917412e-01
3.194881342791345419e-02 1.603772651685205497e-01 9.261973787172426975e-02 3.997653513628722788e-01
2.927877531514828935e-02 1.570472842190746843e-01 9.646954245141750595e-02 3.985454697448828632e-01
3.084594467716612193e-02 1.718541749432669630e-01 9.324529054684869978e-02 4.062171109492958565e-01
3.181668818718798308e-02 1.569732021214365336e-01 9.204051305438903929e-02 3.741000161792007450e-01
3.105306924738038613e-02 1.704189589834879115e-01 9.514536111708914168e-02 3.955853034545297464e-01
3.270377483381647216e-02 1.613784545705698459e-01 1.019103131887900832e-01 3.931990046733868094e-01
3.166972056224231363e-02 1.704019966847443168e-01 1.011687286290949978e-01 4.190202958825693935e-01
2.911620844075445136e-02 1.670196184445299492e-01 9.768709565857114363e-02 3.910349440444994551e-01
3.297837410355090176e-02 1.765284864051340774e-01 8.980458046064060396e-02 4.132159978931677635e-01
3.188562991448356393e-02 1.574286357201419295e-01 8.937426823367847217e-02 4.850054079205446400e-01
3.199399065079255866e-02 1.718982720535289777e-01 7.979533358194355885e-02 3.897232313586792007e-01
2.933031387643402280e-02 1.781932677334558679e-01 9.885083842899182460e-02 3.967948898970867222e-01
2.878710496059075363e-02 1.542802957465265745e-01 9.188562142205486394e-02 3.807789394933613902e-01
3.534092894488310987e-02 1.744038514636293280e-01 8.874195934804564312e-02 4.280282406861105615e-01
3.141285680516659601e-02 1.767021046815713536e-01 9.253234900106410699e-02 4.013566733824050492e-01
3.166047617787174501e-02 1.615839626538569940e-01 8.958073286789179634e-02 4.266428289334150969e-01
3.069696918512802852e-02 1.618355614675262566e-01 9.032783711716889374e-02 4.036808374178234016e-01
3.391471289886608537e-02 1.611122013306227341e-01 8.895583919417121566e-02 4.091896947727787781e-01
3.216072089590370220e-02 1.700253419830980162e-01 8.467979758309283900e-02 4.478571298580490967e-01
3.209629152681205827e-02 1.608998530465584054e-01 8.568425188069998810e-02 4.048100665543979959e-01
3.312977829353010856e-02 1.725175272713151964e-01 9.742420118774298976e-02 3.889447971382684610e-01
3.239626314267859963e-02 1.602857452572949148e-01 8.869658489970652648e-02 4.694231345081423812e-01
3.103079146008230413e-02 1.713025464442762547e-01 9.319199422046682557e-02 3.912624709316967486e-01
3.112620377983571496e-02 1.661488812672155257e-01 8.406683370729843563e-02 4.252475705564982555e-01
3.157347824390278890e-02 1.771410833937341889e-01 8.792793409607160826e-02 4.568773930360545132e-01
3.053965459733060106e-02 1.775520620340355349e-01 8.654834409147497964e-02 4.103424657591747682e-01
3.297209412264762857e-02 1.821383654069350655e-01 8.617244814537922126e-02 4.422849627552338792e-01
3.260347037953019445e-02 1.774068567633779181e-01 7.965555695630348321e-02 4.456558237132665634e-01
2.978566686417227771e-02 1.592171079472473327e-01 8.464813055824856047e-02 3.663082269247925349e-01
2.983591654550065905e-02 1.737025937363051165e-01 8.609762514829977231e-02 4.034206413078146314e-01
2.997121077415213636e-02 1.656736537464685577e-01 9.225376011216517014e-02 4.273310394872696372e-01
3.244262712126906589e-02 1.454887163126025729e-01 8.922253662754456305e-02 4.218850015408495691e-01
2.907558342088979036e-02 1.676685418448404241e-01 9.194855041608203383e-02 4.351091609951079353e-01
2.927493748083457789e-02 1.736914054997841517e-01 1.008108240368206093e-01 4.027750374000962363e-01
2.783785348914210797e-02 1.717287934256942761e-01 9.573088108589644651e-02 3.662141950502670884e-01
2.911662869196691636e-02 1.622280996372650330e-01 9.589515879334398196e-02 4.798379255552950307e-01
3.083654234341012476e-02 1.577679783986104534e-01 8.632683379977693083e-02 4.269630166188057019e-01
3.046610016143108668e-02 1.568451226361929907e-01 1.020641107018193661e-01 3.974082613142157494e-01
3.187158572775704302e-02 1.731088590782014214e-01 9.019741860155036650e-02 4.035560593643222616e-01
3.029412846347090751e-02 1.852197299466120661e-01 9.090239991519818985e-02 4.346232335218699339e-01
2.945522611901950708e-02 1.667407148957650576e-01 8.254778798293042896e-02 4.356395796912663210e-01
3.151534600899807970e-02 1.577260199582613542e-01 8.797468340217540206e-02 4.152318721173842708e-01
3.221507156503234520e-02 1.678835637389196611e-01 9.673266587376976033e-02 4.285884614989019514e-01
2.995866595959536388e-02 1.620565070642228656e-01 8.960043640043054147e-02 4.410261785820628888e-01
3.222829455886040695e-02 1.605002293435495719e-01 8.236820696271120179e-02 4.297424653453837951e-01
3.462785515435962136e-02 1.763648133389126849e-01 9.478765992364676651e-02 4.199257120112004915e-01
3.208499396763794809e-02 1.672540868248379442e-01 1.019919393763959320e-01 3.806349271519563482e-01
3.245557684068825499e-02 1.597000212274551079e-01 1.017330587168869538e-01 4.037340936869829866e-01
3.137361205425935606e-02 1.623991822377318650e-01 9.188631839297953241e-02 4.181157258706705293e-01
3.094529002820380764e-02 1.651964820203362661e-01 9.235952072490372089e-02 4.211715405722715189e-01
2.978138017736112891e-02 1.548094838249252925e-01 9.309858193082254374e-02 4.184794226909113180e-01
3.262946649610928840e-02 1.549392201529032898e-01 9.604427846544554004e-02 4.277811476424385195e-01
2.984757321578017028e-02 1.632062325337375330e-01 9.836424381167896414e-02 4.032896975303284504e-01
2.931536349508048409e-02 1.824573303394684542e-01 9.423776211616317899e-02 4.261775844699926541e-01
2.836538143890209029e-02 1.737973665887565522e-01 8.733478152890386537e-02 4.079760469891647312e-01
3.105687935720789078e-02 1.685931033773465648e-01 8.875830650658958487e-02 4.396985929836836338e-01
3.100487197237604062e-02 1.697720857306400100e-01 8.219703469271540108e-02 4.119412748874210495e-01
2.865103222309044531e-02 1.545215662649745969e-01 8.268744121900031829e-02 4.179416616779917382e-01
2.841417153780670043e-02 1.640694171809728430e-01 8.359899960975521183e-02 4.324316320857635176e-01
3.147247381164936658e-02 1.570779085051245971e-01 8.817530243317452110e-02 4.210291742934881287e-01
3.370142555113032207e-02 1.473921699037712141e-01 8.891244986077309620e-02 4.188907052867928971e-01
3.063994226477080238e-02 1.685245685693085027e-01 9.307294593694691309e-02 3.966764330781035741e-01
2.987825301493520630e-02 1.539170224638119755e-01 1.015398772630942414e-01 3.989778029349287380e-01
2.917189081987071539e-02 1.553026916336715246e-01 9.423725809336069847e-02 4.167646119950806360e-01
3.043648351327581103e-02 1.488786644791927072e-01 9.468556949235407139e-02 4.162216956915505972e-01
3.205463640185036989e-02 1.767868914775203304e-01 9.604068945292189297e-02 3.976491166410788258e-01
2.924076921842148902e-02 1.722934650075774454e-01 9.023671972207208958e-02 4.113467756539855302e-01
3.133349493233901495e-02 1.550288277408613802e-01 8.278231114860987172e-02 4.032477706177767240e-01
3.001059614991615637e-02 1.505232455371516287e-01 8.842488374916893101e-02 3.803648664107671662e-01
3.138863141112391980e-02 1.683868812099029999e-01 8.844562054383407756e-02 4.097864856622103202e-01
3.151855419525542712e-02 1.486574493854163903e-01 8.207442683197110900e-02 3.779716254921529628e-01
3.433082298027279738e-02 1.650857610834565725e-01 9.657425585809800705e-02 3.938678269376464924e-01
3.317778783505764828e-02 1.749241830805106368e-01 9.306756698505351533e-02 4.460602623831054214e-01
2.879399247244875809e-02 1.566692198496466015e-01 8.623799873731209653e-02 4.385835722401966730e-01
3.209514139336171884e-02 1.580580356717729562e-01 9.862922602889702406e-02 4.181706569086476311e-01
3.202299963156169521e-02 1.582157268949612727e-01 8.293946571260925327e-02 4.272653625130232724e-01
3.292093160661327400e-02 1.565347542629919042e-01 8.961734532702689271e-02 4.317122811620768275e-01
3.094948058659319559e-02 1.535306246969666277e-01 9.125860672161252574e-02 4.161513359547664437e-01
3.367472486274126348e-02 1.687273166119916956e-01 8.998699438078378021e-02 3.838809939889165634e-01
3.180185141275952698e-02 1.718005926420637097e-01 9.662413960190893714e-02 4.081026939713670587e-01
3.355196074091224695e-02 1.619886722758535069e-01 8.608573908185876422e-02 3.913327711842230494e-01
2.985540034403643198e-02 1.636665073067479215e-01 8.819351726912492972e-02 3.876201586734725479e-01
3.512057828076368959e-02 1.584374320276824843e-01 8.874087045776027360e-02 4.039264273121124238e-01
3.077803211342113737e-02 1.566862752295978267e-01 9.293374572448853677e-02 3.901934178375481288e-01
2.937073762219808218e-02 1.529433985501204574e-01 8.512015379120607683e-02 3.618721390972596264e-01
3.082693993813968164e-02 1.706712796094977391e-01 8.989452167254169401e-02 4.099810148550434574e-01
3.323229989364857861e-02 1.541848455373919236e-01 9.711017829613405317e-02 4.351146234928940926e-01
3.010986380983691341e-02 1.571933615360419645e-01 1.000429061876490500e-01 4.045723531255719374e-01
3.191492064299204096e-02 1.489112312399906157e-01 8.727411997105243013e-02 4.296114903238539284e-01
3.020509796994388582e-02 1.716722877537829872e-01 8.376170845278921306e-02 4.476532884034562509e-01
3.349856782427562685e-02 1.512772637726566283e-01 1.000455045685890165e-01 3.797017104864355286e-01
2.972108802276588607e-02 1.691257480228813836e-01 8.794078611823841207e-02 3.917295368838236147e-01
3.162344817161572702e-02 1.706043362231221272e-01 8.673049799286980388e-02 3.864390553527392580e-01
3.156055398013380558e-02 1.490519153296999411e-01 8.974040329146176775e-02 4.361701954121754987e-01
2.962228433765356009e-02 1.590931735159121785e-01 9.074269770948867331e-02 4.235818291569162231e-01
3.279519352786214315e-02 1.642590081304121097e-01 8.776819193549602327e-02 3.624138359877045468e-01
3.262138727244502656e-02 1.625535768918490720e-01 1.013674031997746083e-01 4.337800790677694418e-01
3.117131538218909093e-02 1.529808227133493403e-01 9.220963376453675253e-02 4.203119254703236995e-01
3.214466361560383567e-02 1.612760615781127782e-01 8.917668459204396159e-02 3.899563818424501283e-01
3.215642228846769118e-02 1.673441219963092697e-01 9.422851697727471776e-02 4.508033702783542096e-01
3.242175028430289985e-02 1.569864402349457344e-01 9.819109504109811704e-02 3.830821109630103138e-01
3.282727509947681171e-02 1.510508794046895586e-01 9.229942009616497189e-02 4.053584704419145868e-01
3.246647738680441542e-02 1.605855574948339692e-01 8.735718825579084912e-02 4.408941538124174775e-01
3.216751674979594772e-02 1.532940119849625360e-01 9.187295765956646210e-02 3.881338713368280846e-01
2.966451567673148923e-02 1.535844872782574089e-01 8.947297243728868921e-02 4.056579181702351100e-01
2.955160399059924420e-02 1.711123455798080617e-01 1.010155713132172423e-01 4.184593592851644783e-01
2.927754319775252231e-02 1.511045236601726849e-01 9.219274157343117226e-02 3.852033294808800967e-01
3.245243078262797370e-02 1.604506456044806351e-01 9.469024456984558025e-02 3.915493556828821831e-01
2.949468572175652226e-02 1.621883373794298366e-01 8.650472489216490257e-02 3.939694679725511683e-01
3.175961419961121496e-02 1.661767861999796370e-01 8.448794715363203145e-02 4.174707502762254885e-01
2.828849386185422130e-02 1.697059237906673179e-01 8.412077473698817420e-02 3.728123879922931594e-01
3.316768116955011447e-02 1.658899312484432564e-01 9.791337233638797155e-02 4.052707729357452604e-01
3.522751803177905788e-02 1.560645541553959126e-01 8.636521535034129282e-02 4.005530025199677269e-01
3.100156145186777623e-02 1.516994275457085595e-01 9.670832331306281060e-02 3.915720041093566084e-01
3.496484597195274879e-02 1.730007781507839348e-01 8.935534186673904644e-02 4.172397622213713797e-01
3.065106808276228667e-02 1.514973222375129436e-01 9.004080075851431109e-02 4.054086809840250494e-01
3.186735674591917311e-02 1.511792437019482127e-01 8.628801203396732622e-02 3.860438329955656611e-01
3.291912211984343584e-02 1.553227703837882223e-01 8.917037660669166477e-02 3.912643767793210214e-01
2.914715494639293428e-02 1.533256935091933670e-01 8.382098195376942729e-02 4.288065554892149245e-01
3.130349038693171909e-02 1.513769619623505369e-01 8.887152003385015431e-02 4.178541201426703711e-01
3.050559488773518790e-02 1.476217220515796957e-01 8.066191612561483815e-02 4.057866327436630560e-01
3.107435058145252907e-02 1.495257198478397165e-01 9.338099390328487293e-02 4.255172010011712969e-01
3.061635027271412263e-02 1.466851974180422846e-01 8.945025137644871394e-02 4.237141319003819295e-01
3.069382927082452486e-02 1.576310783385380943e-01 8.844528908233265097e-02 4.294972391040232651e-01
3.012708760460424545e-02 1.589855298965148489e-01 1.019730105455552704e-01 4.298472986496042481e-01
3.259486871379921324e-02 1.656528807918539181e-01 8.146446457239185646e-02 4.132516300325374536e-01
3.148475123523848673e-02 1.693268411064291212e-01 9.001380597256349037e-02 4.072971029719911207e-01
3.374245515492295400e-02 1.451278615677584760e-01 8.925435319891233954e-02 4.043887191577466012e-01
2.952621452184938516e-02 1.522019518375228586e-01 8.678558126714432108e-02 4.230138380411270771e-01
3.305396994206016154e-02 1.567080873733203150e-01 8.945574525619634509e-02 3.779313825639835644e-01
3.056666562849848570e-02 1.528399580348341058e-01 9.302425060121596867e-02 4.041294207341415978e-01
2.857569624585555579e-02 1.644440875005767910e-01 8.960215859776662906e-02 4.108322451543773290e-01
3.259111606696876717e-02 1.559443540670120421e-01 8.431014743656685406e-02 4.051889256667034478e-01
3.277605185951066452e-02 1.635975031854464412e-01 9.156534709947490580e-02 4.081950521916421493e-01
3.263521307455669734e-02 1.487991420302770817e-01 8.719463988089005968e-02 3.805345675208778866e-01
2.693379477896829313e-02 1.705711902546090675e-01 8.722902106053263827e-02 3.920395572958960684e-01
3.274715961662271607e-02 1.507619405431123716e-01 9.159129833378132357e-02 3.771479111296816567e-01
2.821878293679876484e-02 1.563116868111949498e-01 8.315053335674972568e-02 4.249857461137381831e-01
3.146618790765385448e-02 1.609718185256735212e-01 8.458043905213509517e-02 4.280785549962254910e-01
3.090649084454108117e-02 1.558652857566121819e-01 9.526350550732776146e-02 4.167205141221937414e-01
2.911248436711916590e-02 1.777809426841093499e-01 9.232375227462835676e-02 4.024463399717270184e-01
3.009597173137344706e-02 1.592586573635378089e-01 8.529738411539217191e-02 4.186785645724687699e-01
2.924882428193005188e-02 1.524289547923822208e-01 8.757254294218409785e-02 4.334777200193920543e-01
3.115766385754573445e-02 1.597501189595486593e-01 8.857196917025401961e-02 3.860078954259316131e-01
3.322098833672446766e-02 1.673872537098683722e-01 9.272891832652520316e-02 4.254715333372671160e-01
3.179032149039866251e-02 1.541214603520920101e-01 9.331446522147263112e-02 3.741704070175743135e-01
3.216529321758125615e-02 1.658857774985748046e-01 9.162811063749443097e-02 4.342965182796803547e-01
3.085119778343946642e-02 1.590559194253136355e-01 8.051637491232521704e-02 4.064221636336127763e-01
3.104896146265346754e-02 1.496488649518018244e-01 8.976251756743579280e-02 4.081626342138659491e-01
3.521738764842605174e-02 1.654639207989648531e-01 9.165804045126302313e-02 4.007068551452928062e-01
2.882163982363872626e-02 1.634289762296550486e-01 7.599026196677415024e-02 4.426096876283556192e-01
2.916140119245695661e-02 1.530322706890548112e-01 9.575307932935622768e-02 4.270186935218010515e-01
3.087081226004904921e-02 1.647773043200554399e-01 9.564744488211011919e-02 4.361796349889701663e-01
2.892509951949546673e-02 1.587151033389371801e-01 8.939342964914975820e-02 4.206009734529341237e-01
3.090231202163046947e-02 1.515847056896181266e-01 8.167214673649432488e-02 3.673276418525039388e-01
3.237782613005356358e-02 1.537535922451605253e-01 9.288076025807923131e-02 4.323314093423477611e-01
3.150586203923397277e-02 1.482608536545888256e-01 9.749899309582824025e-02 4.432128656956030865e-01
3.115164381559270071e-02 1.582589586845204455e-01 9.285748820488122501e-02 4.000286133704008540e-01
2.977658912795323742e-02 1.649037151248063382e-01 8.444004346653388726e-02 4.035898836491389474e-01
3.088817803341487034e-02 1.530183913222382397e-01 8.490674487615103294e-02 4.150185484557117332e-01
2.946122180141527019e-02 1.527886275055281851e-01 9.715564522473794928e-02 4.010909108582387250e-01
3.420805768905590266e-02 1.436584178722237204e-01 9.422719691146796972e-02 4.261181258272703776e-01
3.312709252191267661e-02 1.558022718519205263e-01 8.720536794296676608e-02 4.174662268725607417e-01
3.241052542211901588e-02 1.460174542596763547e-01 9.522867416480655656e-02 4.728791698683819655e-01
2.997031354093256800e-02 1.687246789572539596e-01 8.785248715878116177e-02 4.250723164268181975e-01
3.084868053226053411e-02 1.546328944117395243e-01 8.754201712022842419e-02 4.481257828878151273e-01
3.269099064658068793e-02 1.541124309705687867e-01 8.321945301622285518e-02 4.086804792492160776e-01
2.998367891516302147e-02 1.543433920956750471e-01 7.805862877702783587e-02 4.000007699984104437e-01
2.983872064000104435e-02 1.540928312598205396e-01 8.509577725654840497e-02 4.134902444009805889e-01
2.888951628291471993e-02 1.520527636646012704e-01 9.359512405416764436e-02 4.218636240889245270e-01
2.839003422147520425e-02 1.627286606969904625e-01 8.447841977991027429e-02 4.025385976678905187e-01
3.095288059337185371e-02 1.413169743878610607e-01 9.077572604284987745e-02 4.002642917441166515e-01
3.083375670886869674e-02 1.671460844081288644e-01 7.764455515315178691e-02 4.043136429251255048e-01
3.293233278887967852e-02 1.476180059328004168e-01 9.302001259611517026e-02 4.001547397079130985e-01
2.830441936029715055e-02 1.522697146819944058e-01 9.058699023716619558e-02 3.983915951330889160e-01
2.944526301820940203e-02 1.379372391700934564e-01 8.195354041430058523e-02 4.302582807171800861e-01
3.159296933367460036e-02 1.616374391825098067e-01 8.976478195625552103e-02 4.159166067867821615e-01
2.943673850893962010e-02 1.651924986002361040e-01 8.550912321582224140e-02 3.994790199055817670e-01
2.854064427864949280e-02 1.543078042899254376e-01 8.857624071691079515e-02 3.888018037464759380e-01
3.165687433600529455e-02 1.534881306355096453e-01 9.001280934495527186e-02 4.027640567152867557e-01
3.120895622444445558e-02 1.541429990450357834e-01 9.632068270983042135e-02 3.758543884799160351e-01
3.320899973054967924e-02 1.485420157264940311e-01 9.287503677728309315e-02 4.264461042439607330e-01
3.025136555488821058e-02 1.548531437034246505e-01 8.526321249062943086e-02 4.195534144479475258e-01
3.084819477190834519e-02 1.477557057890332703e-01 9.053370620952536085e-02 4.291327791365180944e-01
2.867669160860733882e-02 1.477719720997207054e-01 9.375827120314696173e-02 4.070808848457393436e-01
3.208096303317781173e-02 1.593368906960176967e-01 8.659832465934629020e-02 4.301024320715317595e-01
2.653238334035107684e-02 1.572214200046769539e-01 1.001728122421806644e-01 4.033152396121648664e-01
3.200663811319490182e-02 1.707107087925272271e-01 9.422690028278905838e-02 4.157150390332238765e-01
3.046300728484728840e-02 1.621757044437828754e-01 9.222713410396629619e-02 3.950186270228516205e-01
2.970806561100723664e-02 1.594894617411551918e-01 8.562621161038422302e-02 4.252632952850503023e-01
3.480384803135268268e-02 1.586625732851169313e-01 9.373818547738278772e-02 4.141524428481052067e-01
3.242283221841436858e-02 1.463921613538249344e-01 8.977373642919221630e-02 4.113631951680747356e-01
3.291368040701682374e-02 1.514201683504922680e-01 8.916864224719511789e-02 4.052575375678735825e-01
2.972946187137213633e-02 1.719640976910289942e-01 8.649240758385888517e-02 3.864102568770367285e-01
2.929544768615175224e-02 1.730762942778368008e-01 9.240032415452671677e-02 4.219256424201924260e-01
3.443732556163502795e-02 1.617940871257052271e-01 9.590141884465382127e-02 3.840487358565186637e-01
2.944472261865563323e-02 1.690482613962875913e-01 9.235525096714818083e-02 3.915420310602760745e-01
3.231947330359654508e-02 1.497647714894200233e-01 8.869218622837117538e-02 3.850312707763380859e-01
3.354559560537645480e-02 1.556759580221368233e-01 9.108038716416291813e-02 3.830646567118780599e-01
3.056104062340991162e-02 1.605723039561826881e-01 9.104301227883639103e-02 4.448723433743903555e-01
3.084051587789156390e-02 1.675553846432630833e-01 8.127435153578499438e-02 4.063646314527532555e-01
2.930674498545865134e-02 1.598498987057135612e-01 8.995729469819087332e-02 3.876100598001502306e-01
2.972434839397790698e-02 1.518366929801240051e-01 9.508100583032236264e-02 3.892624611962317571e-01
3.125945203348543672e-02 1.613773852434933764e-01 9.561414224863047651e-02 3.957643835046127379e-01
3.031979796037887268e-02 1.451764020660809007e-01 9.280236340133334039e-02 4.153271246695982577e-01
3.314519558431294061e-02 1.481093654499412438e-01 8.192441015001689086e-02 4.360567189092521834e-01
2.849052422173987964e-02 1.581669112958035417e-01 8.114956363240943826e-02 4.237540465782568821e-01
3.431684905556480619e-02 1.488654546122532008e-01 8.706902309787530048e-02 4.159653979995578399e-01
3.023204188269606324e-02 1.584528620153320133e-01 8.636984583324294751e-02 4.242269788361960337e-01
3.143136701276347950e-02 1.682021527188332921e-01 8.988166014498837064e-02 3.501996329077614600e-01
3.043094610191442520e-02 1.541533920294866633e-01 9.084307882139250334e-02 4.216768343658501283e-01
3.321104325051299488e-02 1.619127492872448615e-01 8.709551360162770539e-02 4.241412671107485655e-01
3.132646184312283533e-02 1.597065127254209127e-01 9.153687308423136271e-02 3.985796486389541760e-01
2.965286575080350318e-02 1.523172398570328545e-01 8.332048998904598158e-02 3.919034556279185066e-01
2.990554906626980217e-02 1.626195899856911764e-01 9.330305249060175110e-02 3.588018493050800783e-01
3.092704229377421510e-02 1.566160251365485978e-01 8.784435012219982131e-02 4.309372561770636878e-01
2.962694523167484079e-02 1.557162224085112123e-01 9.008314088407561038e-02 4.083443852360593707e-01
3.180363417233877249e-02 1.389126862429447828e-01 8.864031055818505367e-02 3.939008238483295288e-01
3.113311886978396142e-02 1.462213324655094737e-01 8.094330591797718744e-02 3.982522859704284990e-01
3.093732194764078208e-02 1.779349521372161347e-01 9.292325634253437161e-02 4.162354847760095788e-01
3.100799792569626512e-02 1.529333568289740763e-01 9.565385320620643783e-02 4.243047530629744934e-01
3.215832411002795405e-02 1.658762282008129918e-01 8.665120729595605920e-02 3.903661107666974162e-01
2.825701403710555518e-02 1.566513299582352470e-01 7.907270352956713433e-02 4.650262733194419629e-01
2.954198774422434406e-02 1.510360958841373002e-01 9.113716407618210891e-02 4.101406448302964414e-01
3.051315210932775343e-02 1.713070824903825395e-01 9.241883418570125130e-02 4.374572333176773853e-01
3.271193093508788924e-02 1.577179405608666596e-01 8.946564887858370063e-02 4.160224636288530897e-01
2.991899168696273217e-02 1.596874517896436640e-01 9.221602785795315893e-02 4.213866150455806148e-01
2.990700553612015561e-02 1.420516112382699814e-01 9.709080145948612017e-02 4.151227349303543424e-01
3.505720108434115523e-02 1.586429815488383799e-01 9.295613120806296703e-02 4.055111653367199365e-01
2.907755254676715542e-02 1.806016988198856921e-01 8.601607727417745486e-02 4.180460524831483560e-01
3.157278609995766566e-02 1.463945516109959877e-01 8.876056620201147607e-02 4.037262702318890617e-01
2.966595953269221889e-02 1.590637255791821636e-01 9.224665334332703137e-02 4.212751375345567539e-01
3.117892694392936787e-02 1.578352478094084965e-01 9.079789818639782961e-02 4.172591788468688612e-01
3.156189463368494486e-02 1.725593735220410929e-01 9.270832359917099974e-02 3.573552835619372425e-01
2.953638595040107562e-02 1.680331756020536638e-01 1.012301239131803560e-01 4.061341806971847102e-01
2.874840898090132157e-02 1.689000195239110103e-01 9.554810471877565881e-02 4.274703591676611847e-01
3.102340508066802130e-02 1.632392604420493387e-01 9.575320509959525661e-02 4.364532537536735535e-01
3.212080965126238447e-02 1.463037375093774184e-01 8.805836807068924410e-02 4.532312812526869683e-01
2.952829950333140871e-02 1.564800803670955420e-01 8.588251709249408727e-02 4.076886087862696129e-01
3.297264679009014043e-02 1.550144823605294486e-01 8.405552023986037624e-02 4.248789675007690891e-01
2.922939931527684942e-02 1.604893898878002878e-01 8.016039666919404227e-02 3.864825598445295607e-01
3.284035323175284182e-02 1.662722286480249057e-01 9.149462381977481462e-02 4.370354631836573800e-01
3.337562506152957215e-02 1.551558821018188816e-01 8.465069528973086233e-02 4.466594373376400195e-01
3.141086242541287626e-02 1.529720459924477638e-01 8.195182096269228167e-02 4.285363172610657800e-01
2.873977208417292234e-02 1.597931903816476873e-01 9.279276726548883747e-02 3.951086578306154951e-01
3.103398953708039545e-02 1.465576885552495323e-01 9.454209023684967406e-02 4.125297168227924360e-01
3.239929454119714475e-02 1.514491691830406883e-01 9.186733596318065465e-02 3.892053863412629489e-01
3.366116557101877377e-02 1.506668450269456894e-01 9.080533897334665261e-02 4.080775948752769500e-01
3.194293621281259210e-02 1.543186556831167566e-01 8.950439064605059114e-02 3.784082138706297838e-01
3.059279198865441293e-02 1.578712140881452508e-01 8.559738861003907129e-02 4.066775148478702917e-01
2.909537245574128628e-02 1.620737382395958937e-01 9.199962944506959173e-02 4.376381583323447066e-01
3.142471597890100776e-02 1.659528249850226178e-01 8.492735949101783144e-02 3.892950138429654983e-01
3.056208324330818987e-02 1.610672877493662114e-01 9.255805315733539596e-02 3.714572481172174756e-01
3.020698229952295186e-02 1.694327521740065512e-01 8.963416644463628735e-02 3.947233906422059069e-01
3.268889818511749867e-02 1.559531977488283483e-01 8.921876301187840752e-02 4.428473223505752787e-01
3.229824336938268148e-02 1.591290160586041613e-01 8.816490458124850993e-02 3.845266517793636263e-01
2.933570156919203253e-02 1.542459870393881882e-01 8.926012520678536233e-02 4.121591483526635402e-01
3.145173710536579986e-02 1.557301195469581179e-01 8.722251600098174240e-02 3.915047217601941854e-01
3.235703579152485881e-02 1.531917892461123476e-01 8.958673864097294048e-02 4.237681261278828937e-01
3.252722284897476002e-02 1.358778870422975571e-01 8.532541084065377313e-02 4.313300303109880995e-01
3.088848545476402876e-02 1.550345176811663839e-01 9.657723759434506949e-02 4.003762358620291950e-01
3.288804597684927278e-02 1.580449125549844569e-01 9.105555145676445805e-02 3.825994464392859506e-01
2.945114826594742025e-02 1.565931515426959575e-01 9.239377327386687211e-02 3.815410813353019015e-01
2.906279160235700210e-02 1.544098664058676795e-01 9.516195625979535777e-02 4.394422529344117478e-01
2.847602268954830401e-02 1.515159043881926793e-01 9.160478867024117455e-02 3.843510511622507675e-01
3.136074555020477300e-02 1.518420663974038576e-01 9.004844886663226911e-02 3.790679500986376405e-01
2.950548809397985153e-02 1.447063718885509553e-01 8.314017118947406026e-02 4.022250042464981523e-01
3.203399978690518735e-02 1.514151861132374821e-01 9.537181092666305315e-02 4.461468695805112517e-01
3.112169659853993714e-02 1.365957606722592865e-01 8.633726076620730494e-02 3.850849036606894815e-01
2.980417383538333173e-02 1.598706233716987724e-01 9.065900191357782745e-02 4.253149519195789652e-01
2.832041576753098130e-02 1.540950555971198621e-01 8.922377554203911321e-02 4.342664006450975278e-01
3.106781670035899806e-02 1.572673758715456005e-01 9.739121406535294900e-02 4.304242350945962081e-01
3.052571694568364039e-02 1.572202682696196840e-01 9.797621380427298798e-02 4.129343750687775594e-01
2.895409033545852731e-02 1.672367599957052808e-01 9.380917737563258807e-02 3.793992650491759266e-01
2.913494832231966480e-02 1.564713463930132720e-01 9.367326372992153261e-02 3.922746536135794382e-01
3.194844806164059969e-02 1.695784884444963281e-01 9.132122477450696496e-02 4.057298314623266622e-01
3.047627775091588109e-02 1.701656302672895915e-01 9.019438814553931705e-02 4.474104911373824045e-01
3.144411181193623034e-02 1.487118741328272431e-01 9.310986516315127026e-02 4.127239721687273044e-01
3.113511303338438105e-02 1.541475401888648955e-01 8.839418127128216562e-02 3.759191626784511575e-01
3.275868239829195921e-02 1.535008586615042303e-01 8.546932636107763825e-02 3.903341787989735856e-01
3.075882734663925450e-02 1.689188365289733262e-01 8.574285520382500525e-02 4.172171699480723417e-01
2.976250050991071511e-02 1.621743028217578209e-01 8.583024792727460273e-02 4.099961626141422899e-01
2.832769393990317713e-02 1.642959532120501775e-01 9.400202279290037488e-02 4.135828288183029389e-01
3.077196296963988914e-02 1.585181903922169844e-01 9.012862856755958496e-02 4.265401902384503008e-01
2.955138783948587158e-02 1.565642218285276110e-01 8.460861309332060043e-02 3.567951377567177285e-01
3.173407352488905042e-02 1.425101757184695783e-01 9.238745248510710217e-02 3.706116398349543206e-01
2.795851086935048982e-02 1.756592577803666455e-01 8.754147717550016250e-02 4.088678672813305104e-01
2.996610414165576386e-02 1.635858318680057377e-01 1.034015341009932726e-01 3.961654094621634981e-01
3.313196320287345453e-02 1.581624462462322966e-01 8.844998997377584438e-02 4.025899997328564184e-01
2.892135113004197164e-02 1.640482835753234725e-01 8.246500250002093690e-02 4.144791535500647051e-01
3.213394910440591640e-02 1.631792131057393791e-01 8.588375500555039954e-02 4.352312948313989405e-01
3.463004046022916810e-02 1.681352661456392006e-01 8.679134735734583828e-02 4.154678261438571329e-01
3.033990184572226551e-02 1.566852888574441494e-01 8.532530531870202717e-02 4.074566237066701291e-01
3.124927826577274942e-02 1.547397902029939987e-01 8.864897662716558768e-02 3.975447306797246783e-01
3.187806550051198312e-02 1.454954096549534448e-01 8.468992021975374485e-02 3.934867901940861667e-01
3.098396896275569176e-02 1.619728227210931459e-01 8.634853232114045318e-02 4.244392859443752442e-01
2.792973733763794500e-02 1.658626990314473471e-01 9.248709489449777332e-02 3.991198700655718690e-01
2.988169376847939901e-02 1.649306265998738419e-01 9.269567487479260515e-02 4.015164170792045462e-01
3.162994090221790677e-02 1.550467321913504559e-01 9.051727384478612526e-02 4.093840953187515286e-01
3.140417500823931146e-02 1.609663907147573514e-01 9.897705595102219978e-02 4.115934552235989141e-01
3.134049637725897647e-02 1.536360362170759442e-01 9.170201941955377634e-02 4.184639311131370665e-01
3.230334043931872012e-02 1.677925912603514536e-01 9.255820565456045201e-02 3.702111328558340686e-01
3.005119545711491466e-02 1.576692369739746691e-01 8.693154756320232990e-02 4.380865047289944081e-01
2.964085418477057157e-02 1.459781338773927517e-01 8.850632165075551783e-02 4.128965722191597632e-01
3.027255942478354611e-02 1.579973483472486839e-01 9.093274646103466363e-02 4.106924332254078824e-01
3.014828647986957447e-02 1.589652821031784791e-01 8.260626714393053127e-02 3.746007856829025040e-01
3.362561121858081287e-02 1.440497695795966704e-01 8.756757369281054082e-02 4.062480051521587532e-01
3.302861800599894010e-02 1.536305651820117635e-01 9.130598645423138038e-02 4.224609624398700802e-01
3.010063608146069242e-02 1.700723565476208732e-01 9.138032374377000333e-02 3.969590286166755910e-01
3.282663590497244405e-02 1.643116056369429145e-01 8.041311618656768467e-02 4.492791635698314967e-01
3.246339387275908733e-02 1.608073727454001622e-01 9.283136956837248488e-02 3.655805733754201037e-01
3.325263087986435329e-02 1.619534461165147987e-01 9.994262197441781959e-02 4.267451521854084828e-01
2.985920499519898255e-02 1.503929532244362433e-01 8.720401484640077916e-02 3.791927805461749457e-01
3.183486059691134629e-02 1.556752819033165591e-01 9.096618099574539651e-02 4.100357316024993426e-01
2.784793044461036926e-02 1.573746517356850172e-01 9.004026513006570254e-02 4.305731208926562581e-01
2.810332418071238153e-02 1.554522200828582223e-01 8.698863297277983908e-02 4.007480931908094512e-01
2.862773928799644887e-02 1.718704264423482342e-01 8.802659177398351742e-02 3.644320390038502944e-01
2.912628691252786353e-02 1.582748969875778788e-01 8.980967926872109042e-02 3.957285567753958677e-01
3.116828418248488233e-02 1.487329706940193064e-01 9.049705908217828276e-02 3.879912517230305613e-01
3.207671261932615314e-02 1.579631027025508450e-01 9.032740928338876818e-02 3.918533734814464986e-01
3.101218754676845352e-02 1.611425519053496236e-01 9.641908569012247465e-02 3.654152491130500113e-01
2.951681796800479859e-02 1.526191477718424894e-01 8.920152629595388960e-02 3.764556682651856168e-01
3.355077311258998496e-02 1.580387224808607882e-01 9.061702298086951601e-02 3.752834192870794783e-01
3.100311100789237412e-02 1.567707361319360948e-01 8.312468081775294115e-02 4.286445480659250573e-01
2.971420311932480157e-02 1.807130796770144432e-01 9.202501435084581294e-02 3.810528799189991656e-01
3.333613546171256686e-02 1.479704471482182482e-01 9.257181116808194110e-02 4.056936494919500813e-01
