1.536422112101440121e+02 5.167406495628548555e+02 3.198530304276754032e+05 3.345171664030929293e+01
1.536422112101440121e+02 5.167406495628548555e+02 3.198530304276754032e+05 3.345171664030929293e+01
1.354189593934623588e+02 4.931497829502924901e+02 3.109792300821173703e+05 3.531622336564552000e+01
1.354189593934623588e+02 4.931497829502924901e+02 3.109792300821173703e+05 3.531622336564552000e+01
1.354189593934623588e+02 4.931497829502924901e+02 3.109792300821173703e+05 3.531622336564552000e+01
1.354189593934623588e+02 4.931497829502924901e+02 3.109792300821173703e+05 3.531622336564552000e+01
1.354189593934623588e+02 4.931497829502924901e+02 3.109792300821173703e+05 3.531622336564552000e+01
1.223943643683712281e+02 4.744186403653646948e+02 3.082830218625438865e+05 3.754278673562018298e+01
1.223943643683712281e+02 4.744186403653646948e+02 3.082830218625438865e+05 3.754278673562018298e+01
1.073089176044911426e+02 4.714512346662011737e+02 2.893766662651366205e+05 3.779611362148753528e+01
9.024700998228804849e+01 4.827959126342385048e+02 2.696327616521940217e+05 4.216418438468384267e+01
9.683783513091464101e+01 4.813869033121964094e+02 2.744025679595721886e+05 3.739014173264961016e+01
8.435841595729213793e+01 4.593459975305993908e+02 2.682546868731768918e+05 4.315776596354169214e+01
8.302577551516633036e+01 4.286650027577236983e+02 2.616898822469943552e+05 4.080101869923243640e+01
6.736227444475278503e+01 4.380024405091009498e+02 2.383473204306256957e+05 4.744770574997191659e+01
6.558991830461437189e+01 4.202896608239556144e+02 2.190104684995730931e+05 5.027004776830952437e+01
6.466256129288818499e+01 4.136124718694266562e+02 2.154137650032889796e+05 5.237873830033715450e+01
6.072689630191910481e+01 4.052081933786493551e+02 2.090350247663576738e+05 5.442581746277572563e+01
5.492716554863996947e+01 3.890016888764255327e+02 1.894586213864288584e+05 5.876225954149155228e+01
5.492716554863996947e+01 3.890016888764255327e+02 1.894586213864288584e+05 5.876225954149155228e+01
5.492716554863996947e+01 3.890016888764255327e+02 1.894586213864288584e+05 5.876225954149155228e+01
5.492716554863996947e+01 3.890016888764255327e+02 1.894586213864288584e+05 5.876225954149155228e+01
5.492716554863996947e+01 3.890016888764255327e+02 1.894586213864288584e+05 5.876225954149155228e+01
5.492716554863996947e+01 3.890016888764255327e+02 1.894586213864288584e+05 5.876225954149155228e+01
5.492716554863996947e+01 3.890016888764255327e+02 1.894586213864288584e+05 5.876225954149155228e+01
5.492716554863996947e+01 3.890016888764255327e+02 1.894586213864288584e+05 5.876225954149155228e+01
5.391997194531485604e+01 3.811342823022162634e+02 1.855973287913782988e+05 6.196793554642862034e+01
5.162478663845963922e+01 3.856783568010613408e+02 1.820659598456142703e+05 6.040716174215528866e+01
5.133715238462541208e+01 3.806211838923114215e+02 1.802291920294159208e+05 6.176568070513810227e+01
4.800585673470536818e+01 3.815899325591693128e+02 1.729408332430608862e+05 6.536989060476429358e+01
4.476624528668782688e+01 3.796871608968246505e+02 1.666983331900396734e+05 6.909587023657418570e+01
4.563472465661580912e+01 3.721956394303835509e+02 1.686645469676060020e+05 6.615695809643523262e+01
4.563472465661580912e+01 3.721956394303835509e+02 1.686645469676060020e+05 6.615695809643523262e+01
4.563472465661580912e+01 3.721956394303835509e+02 1.686645469676060020e+05 6.615695809643523262e+01
4.563472465661580912e+01 3.721956394303835509e+02 1.686645469676060020e+05 6.615695809643523262e+01
4.563472465661580912e+01 3.721956394303835509e+02 1.686645469676060020e+05 6.615695809643523262e+01
4.563472465661580912e+01 3.721956394303835509e+02 1.686645469676060020e+05 6.615695809643523262e+01
4.563472465661580912e+01 3.721956394303835509e+02 1.686645469676060020e+05 6.615695809643523262e+01
4.563472465661580912e+01 3.721956394303835509e+02 1.686645469676060020e+05 6.615695809643523262e+01
4.257415492027293169e+01 3.867895606701175666e+02 1.557423439140207192e+05 6.804501844541258038e+01
4.257415492027293169e+01 3.867895606701175666e+02 1.557423439140207192e+05 6.804501844541258038e+01
4.257415492027293169e+01 3.867895606701175666e+02 1.557423439140207192e+05 6.804501844541258038e+01
4.675343497969018358e+01 3.707728230990508109e+02 1.605226674786052608e+05 6.173486728851893446e+01
3.969140549289556930e+01 3.547595731706307447e+02 1.391104987824175623e+05 7.719402737732585251e+01
3.649594109766623973e+01 3.627239904600176033e+02 1.232984195097188058e+05 8.251973747126184833e+01
3.649594109766623973e+01 3.627239904600176033e+02 1.232984195097188058e+05 8.251973747126184833e+01
3.205842326914553553e+01 3.364321501255307680e+02 9.085774026388271886e+04 8.825600684374865068e+01
3.117595294235534098e+01 3.177127063289089506e+02 8.618862826514663175e+04 9.367877934991693678e+01
2.725725156462340237e+01 2.861985540036312159e+02 7.643319898636188009e+04 1.086885142322558693e+02
2.828428303464534466e+01 2.353840789728517677e+02 7.580928985698851466e+04 1.139031237476388725e+02
2.828428303464534466e+01 2.353840789728517677e+02 7.580928985698851466e+04 1.139031237476388725e+02
2.652472109280708423e+01 2.348765521382328245e+02 7.489551253066075151e+04 1.125247442392967940e+02
2.663142592761251137e+01 2.383104356384432378e+02 4.635535872377749183e+04 1.399198196131877125e+02
2.663142592761251137e+01 2.383104356384432378e+02 4.635535872377749183e+04 1.399198196131877125e+02
2.663142592761251137e+01 2.383104356384432378e+02 4.635535872377749183e+04 1.399198196131877125e+02
2.549462578264413537e+01 2.366766024044842425e+02 4.376794657423157332e+04 1.484870814398290690e+02
2.344948902609510455e+01 2.183390572010164874e+02 2.768822992840475854e+04 1.919099993914319953e+02
2.367573700018713012e+01 2.190046670803195354e+02 2.454305808068433907e+04 2.002864951214763778e+02
2.367573700018713012e+01 2.190046670803195354e+02 2.454305808068433907e+04 2.002864951214763778e+02
2.325523198674580172e+01 1.764630584985068822e+02 2.139547590436707833e+04 2.277718719321086951e+02
2.325523198674580172e+01 1.764630584985068822e+02 2.139547590436707833e+04 2.277718719321086951e+02
2.325523198674580172e+01 1.764630584985068822e+02 2.139547590436707833e+04 2.277718719321086951e+02
2.325523198674580172e+01 1.764630584985068822e+02 2.139547590436707833e+04 2.277718719321086951e+02
2.325523198674580172e+01 1.764630584985068822e+02 2.139547590436707833e+04 2.277718719321086951e+02
2.330580550183117339e+01 1.524210554140541944e+02 1.907370367873114810e+04 2.232302126284681094e+02
2.286476315502161327e+01 1.563493949405821297e+02 1.735815294565298973e+04 2.281018495714029086e+02
2.286476315502161327e+01 1.563493949405821297e+02 1.735815294565298973e+04 2.281018495714029086e+02
2.363163279805477757e+01 1.536485447525639074e+02 1.643777806499811413e+04 2.349589262952983688e+02
2.363163279805477757e+01 1.536485447525639074e+02 1.643777806499811413e+04 2.349589262952983688e+02
2.459269514882659635e+01 1.415664419835008232e+02 1.502210311819978415e+04 2.553229854408336053e+02
2.444728875359797371e+01 1.318917558709553077e+02 1.485423084349394776e+04 2.626081579072902628e+02
2.444728875359797371e+01 1.318917558709553077e+02 1.485423084349394776e+04 2.626081579072902628e+02
2.444728875359797371e+01 1.318917558709553077e+02 1.485423084349394776e+04 2.626081579072902628e+02
2.444728875359797371e+01 1.318917558709553077e+02 1.485423084349394776e+04 2.626081579072902628e+02
2.444728875359797371e+01 1.318917558709553077e+02 1.485423084349394776e+04 2.626081579072902628e+02
2.444728875359797371e+01 1.318917558709553077e+02 1.485423084349394776e+04 2.626081579072902628e+02
2.612280974547864787e+01 1.397194297649136558e+02 9.506893732047858066e+03 2.862967801803466159e+02
2.459663341149054006e+01 1.541336743531071534e+02 6.838527725321375328e+03 2.965212274043968819e+02
2.535761135821634582e+01 1.437692110969383918e+02 5.342885994170155755e+03 3.015146606378362435e+02
2.535761135821634582e+01 1.437692110969383918e+02 5.342885994170155755e+03 3.015146606378362435e+02
2.549095358632152042e+01 1.372641204273450910e+02 4.083406119580208724e+03 3.043378285665067438e+02
2.549095358632152042e+01 1.372641204273450910e+02 4.083406119580208724e+03 3.043378285665067438e+02
2.615743694359044369e+01 1.146938787537784208e+02 3.546945621296581976e+03 3.122408785425593010e+02
2.622433496323225910e+01 1.404693160951617301e+02 1.142183287117232339e+03 3.140729135721254579e+02
2.622433496323225910e+01 1.404693160951617301e+02 1.142183287117232339e+03 3.140729135721254579e+02
2.622433496323225910e+01 1.404693160951617301e+02 1.142183287117232339e+03 3.140729135721254579e+02
2.622433496323225910e+01 1.404693160951617301e+02 1.142183287117232339e+03 3.140729135721254579e+02
2.681072252301119008e+01 1.392350236463816486e+02 8.177665469328060226e+02 3.171306381546132798e+02
2.681072252301119008e+01 1.392350236463816486e+02 8.177665469328060226e+02 3.171306381546132798e+02
2.670874028502755948e+01 1.351233718798747532e+02 7.987563210646125071e+02 3.130900737784015178e+02
2.670874028502755948e+01 1.351233718798747532e+02 7.987563210646125071e+02 3.130900737784015178e+02
2.674519530744444040e+01 1.295526143369432646e+02 7.838813777738300814e+02 3.162617308465270867e+02
2.674519530744444040e+01 1.295526143369432646e+02 7.838813777738300814e+02 3.162617308465270867e+02
2.674519530744444040e+01 1.295526143369432646e+02 7.838813777738300814e+02 3.162617308465270867e+02
2.760033381771443928e+01 1.232775401663417227e+02 7.865293008278697471e+02 3.159128852496360764e+02
2.324995419536471530e+01 1.522423900923932081e+02 8.127782044111621644e+02 2.720348406174638285e+02
2.500265283804778704e+01 1.254855973190831975e+02 7.006709754844168856e+02 3.049957119334034132e+02
2.500265283804778704e+01 1.254855973190831975e+02 7.006709754844168856e+02 3.049957119334034132e+02
2.443586629199393911e+01 1.318095231247227730e+02 3.005989540566562255e+02 2.921275168206908006e+02
2.429419932893697975e+01 1.208219460554484641e+02 1.590813099813370002e+02 2.876993933659542222e+02
2.429419932893697975e+01 1.208219460554484641e+02 1.590813099813370002e+02 2.876993933659542222e+02
2.391095695623678097e+01 1.156184165826065566e+02 1.553459352905486810e+02 2.934720710061710633e+02
2.344936927838966056e+01 1.200374744898772548e+02 1.424718438523116504e+02 2.915389239240698203e+02
2.339510583897109441e+01 1.169050756426158983e+02 1.351565497119566146e+02 2.901549489996696138e+02
2.443430309073172069e+01 1.079497199543543218e+02 1.050310177478858407e+02 3.147130030980775359e+02
2.409793077891455582e+01 1.090137276458273732e+02 9.267525992508602428e+01 3.152959793305576000e+02
2.421890333258142647e+01 1.092501306289707230e+02 8.333376089523584085e+01 3.120770483749986965e+02
2.421890333258142647e+01 1.092501306289707230e+02 8.333376089523584085e+01 3.120770483749986965e+02
2.421890333258142647e+01 1.092501306289707230e+02 8.333376089523584085e+01 3.120770483749986965e+02
2.516080127805613742e+01 1.071225702569660001e+02 7.994079636776028508e+01 3.151015504357085888e+02
2.516080127805613742e+01 1.071225702569660001e+02 7.994079636776028508e+01 3.151015504357085888e+02
2.516080127805613742e+01 1.071225702569660001e+02 7.994079636776028508e+01 3.151015504357085888e+02
2.516080127805613742e+01 1.071225702569660001e+02 7.994079636776028508e+01 3.151015504357085888e+02
2.453425446591483450e+01 1.099821757325402558e+02 7.409700896675896331e+01 3.081272335975527312e+02
2.453425446591483450e+01 1.099821757325402558e+02 7.409700896675896331e+01 3.081272335975527312e+02
2.453425446591483450e+01 1.099821757325402558e+02 7.409700896675896331e+01 3.081272335975527312e+02
2.453425446591483450e+01 1.099821757325402558e+02 7.409700896675896331e+01 3.081272335975527312e+02
2.453425446591483450e+01 1.099821757325402558e+02 7.409700896675896331e+01 3.081272335975527312e+02
2.453425446591483450e+01 1.099821757325402558e+02 7.409700896675896331e+01 3.081272335975527312e+02
2.453425446591483450e+01 1.099821757325402558e+02 7.409700896675896331e+01 3.081272335975527312e+02
2.423200996415291897e+01 1.103266361764631824e+02 6.954908935508105117e+01 3.137934095009382531e+02
2.458052157470274679e+01 1.087036371232952803e+02 6.876837312341768893e+01 3.103239616306895527e+02
2.458052157470274679e+01 1.087036371232952803e+02 6.876837312341768893e+01 3.103239616306895527e+02
2.458052157470274679e+01 1.087036371232952803e+02 6.876837312341768893e+01 3.103239616306895527e+02
2.458052157470274679e+01 1.087036371232952803e+02 6.876837312341768893e+01 3.103239616306895527e+02
2.458052157470274679e+01 1.087036371232952803e+02 6.876837312341768893e+01 3.103239616306895527e+02
2.458052157470274679e+01 1.087036371232952803e+02 6.876837312341768893e+01 3.103239616306895527e+02
2.458052157470274679e+01 1.087036371232952803e+02 6.876837312341768893e+01 3.103239616306895527e+02
2.458052157470274679e+01 1.087036371232952803e+02 6.876837312341768893e+01 3.103239616306895527e+02
2.458052157470274679e+01 1.087036371232952803e+02 6.876837312341768893e+01 3.103239616306895527e+02
2.458052157470274679e+01 1.087036371232952803e+02 6.876837312341768893e+01 3.103239616306895527e+02
2.458052157470274679e+01 1.087036371232952803e+02 6.876837312341768893e+01 3.103239616306895527e+02
2.458052157470274679e+01 1.087036371232952803e+02 6.876837312341768893e+01 3.103239616306895527e+02
2.458052157470274679e+01 1.087036371232952803e+02 6.876837312341768893e+01 3.103239616306895527e+02
2.458052157470274679e+01 1.087036371232952803e+02 6.876837312341768893e+01 3.103239616306895527e+02
2.458052157470274679e+01 1.087036371232952803e+02 6.876837312341768893e+01 3.103239616306895527e+02
2.458052157470274679e+01 1.087036371232952803e+02 6.876837312341768893e+01 3.103239616306895527e+02
2.458052157470274679e+01 1.087036371232952803e+02 6.876837312341768893e+01 3.103239616306895527e+02
2.458052157470274679e+01 1.087036371232952803e+02 6.876837312341768893e+01 3.103239616306895527e+02
2.458052157470274679e+01 1.087036371232952803e+02 6.876837312341768893e+01 3.103239616306895527e+02
2.423892260038409674e+01 1.112416084203075997e+02 6.802826932459207399e+01 3.104091217569526862e+02
2.423892260038409674e+01 1.112416084203075997e+02 6.802826932459207399e+01 3.104091217569526862e+02
2.423892260038409674e+01 1.112416084203075997e+02 6.802826932459207399e+01 3.104091217569526862e+02
2.423892260038409674e+01 1.112416084203075997e+02 6.802826932459207399e+01 3.104091217569526862e+02
2.423892260038409674e+01 1.112416084203075997e+02 6.802826932459207399e+01 3.104091217569526862e+02
2.423892260038409674e+01 1.112416084203075997e+02 6.802826932459207399e+01 3.104091217569526862e+02
2.431017577238905147e+01 1.087641377458452752e+02 6.908344301084157735e+01 3.105142977859264306e+02
2.431017577238905147e+01 1.087641377458452752e+02 6.908344301084157735e+01 3.105142977859264306e+02
2.431017577238905147e+01 1.087641377458452752e+02 6.908344301084157735e+01 3.105142977859264306e+02
2.431017577238905147e+01 1.087641377458452752e+02 6.908344301084157735e+01 3.105142977859264306e+02
2.362607450694292766e+01 1.108016098027173939e+02 6.924677915939678030e+01 3.101452361317644204e+02
2.341903068267189170e+01 1.152337769106055276e+02 6.915927492046007785e+01 2.975570329473757738e+02
2.341903068267189170e+01 1.152337769106055276e+02 6.915927492046007785e+01 2.975570329473757738e+02
2.341903068267189170e+01 1.152337769106055276e+02 6.915927492046007785e+01 2.975570329473757738e+02
2.341903068267189170e+01 1.152337769106055276e+02 6.915927492046007785e+01 2.975570329473757738e+02
2.341903068267189170e+01 1.152337769106055276e+02 6.915927492046007785e+01 2.975570329473757738e+02
2.341903068267189170e+01 1.152337769106055276e+02 6.915927492046007785e+01 2.975570329473757738e+02
2.301182479899581423e+01 1.162743053065831447e+02 6.888121964315372736e+01 2.978404536413196411e+02
2.301182479899581423e+01 1.162743053065831447e+02 6.888121964315372736e+01 2.978404536413196411e+02
2.301182479899581423e+01 1.162743053065831447e+02 6.888121964315372736e+01 2.978404536413196411e+02
2.301182479899581423e+01 1.162743053065831447e+02 6.888121964315372736e+01 2.978404536413196411e+02
2.301182479899581423e+01 1.162743053065831447e+02 6.888121964315372736e+01 2.978404536413196411e+02
2.301182479899581423e+01 1.162743053065831447e+02 6.888121964315372736e+01 2.978404536413196411e+02
2.225274880076757000e+01 1.221966036949748826e+02 6.578040926777809716e+01 2.907298174230975292e+02
2.225274880076757000e+01 1.221966036949748826e+02 6.578040926777809716e+01 2.907298174230975292e+02
2.225274880076757000e+01 1.221966036949748826e+02 6.578040926777809716e+01 2.907298174230975292e+02
2.225274880076757000e+01 1.221966036949748826e+02 6.578040926777809716e+01 2.907298174230975292e+02
2.225274880076757000e+01 1.221966036949748826e+02 6.578040926777809716e+01 2.907298174230975292e+02
2.225274880076757000e+01 1.221966036949748826e+02 6.578040926777809716e+01 2.907298174230975292e+02
2.225274880076757000e+01 1.221966036949748826e+02 6.578040926777809716e+01 2.907298174230975292e+02
2.225274880076757000e+01 1.221966036949748826e+02 6.578040926777809716e+01 2.907298174230975292e+02
2.225274880076757000e+01 1.221966036949748826e+02 6.578040926777809716e+01 2.907298174230975292e+02
2.225274880076757000e+01 1.221966036949748826e+02 6.578040926777809716e+01 2.907298174230975292e+02
2.225274880076757000e+01 1.221966036949748826e+02 6.578040926777809716e+01 2.907298174230975292e+02
2.225274880076757000e+01 1.221966036949748826e+02 6.578040926777809716e+01 2.907298174230975292e+02
2.225274880076757000e+01 1.221966036949748826e+02 6.578040926777809716e+01 2.907298174230975292e+02
2.225274880076757000e+01 1.221966036949748826e+02 6.578040926777809716e+01 2.907298174230975292e+02
2.225274880076757000e+01 1.221966036949748826e+02 6.578040926777809716e+01 2.907298174230975292e+02
2.225274880076757000e+01 1.221966036949748826e+02 6.578040926777809716e+01 2.907298174230975292e+02
2.225274880076757000e+01 1.221966036949748826e+02 6.578040926777809716e+01 2.907298174230975292e+02
2.225274880076757000e+01 1.221966036949748826e+02 6.578040926777809716e+01 2.907298174230975292e+02
2.225274880076757000e+01 1.221966036949748826e+02 6.578040926777809716e+01 2.907298174230975292e+02
2.225274880076757000e+01 1.221966036949748826e+02 6.578040926777809716e+01 2.907298174230975292e+02
2.240457787244086063e+01 1.206582097767772837e+02 6.509772266009900932e+01 2.943794148490845259e+02
2.240457787244086063e+01 1.206582097767772837e+02 6.509772266009900932e+01 2.943794148490845259e+02
2.240457787244086063e+01 1.206582097767772837e+02 6.509772266009900932e+01 2.943794148490845259e+02
2.240457787244086063e+01 1.206582097767772837e+02 6.509772266009900932e+01 2.943794148490845259e+02
2.240457787244086063e+01 1.206582097767772837e+02 6.509772266009900932e+01 2.943794148490845259e+02
2.240457787244086063e+01 1.206582097767772837e+02 6.509772266009900932e+01 2.943794148490845259e+02
2.240457787244086063e+01 1.206582097767772837e+02 6.509772266009900932e+01 2.943794148490845259e+02
2.240457787244086063e+01 1.206582097767772837e+02 6.509772266009900932e+01 2.943794148490845259e+02
2.240457787244086063e+01 1.206582097767772837e+02 6.509772266009900932e+01 2.943794148490845259e+02
2.240457787244086063e+01 1.206582097767772837e+02 6.509772266009900932e+01 2.943794148490845259e+02
2.240457787244086063e+01 1.206582097767772837e+02 6.509772266009900932e+01 2.943794148490845259e+02
2.240457787244086063e+01 1.206582097767772837e+02 6.509772266009900932e+01 2.943794148490845259e+02
2.240457787244086063e+01 1.206582097767772837e+02 6.509772266009900932e+01 2.943794148490845259e+02
2.240457787244086063e+01 1.206582097767772837e+02 6.509772266009900932e+01 2.943794148490845259e+02
2.240457787244086063e+01 1.206582097767772837e+02 6.509772266009900932e+01 2.943794148490845259e+02
2.240457787244086063e+01 1.206582097767772837e+02 6.509772266009900932e+01 2.943794148490845259e+02
2.240457787244086063e+01 1.206582097767772837e+02 6.509772266009900932e+01 2.943794148490845259e+02
2.240457787244086063e+01 1.206582097767772837e+02 6.509772266009900932e+01 2.943794148490845259e+02
2.240457787244086063e+01 1.206582097767772837e+02 6.509772266009900932e+01 2.943794148490845259e+02
2.240457787244086063e+01 1.206582097767772837e+02 6.509772266009900932e+01 2.943794148490845259e+02
2.240457787244086063e+01 1.206582097767772837e+02 6.509772266009900932e+01 2.943794148490845259e+02
2.240457787244086063e+01 1.206582097767772837e+02 6.509772266009900932e+01 2.943794148490845259e+02
2.240457787244086063e+01 1.206582097767772837e+02 6.509772266009900932e+01 2.943794148490845259e+02
2.240457787244086063e+01 1.206582097767772837e+02 6.509772266009900932e+01 2.943794148490845259e+02
2.240457787244086063e+01 1.206582097767772837e+02 6.509772266009900932e+01 2.943794148490845259e+02
2.221758210887423601e+01 1.214578462668180094e+02 6.494140163956706147e+01 2.956143212181341937e+02
2.221758210887423601e+01 1.214578462668180094e+02 6.494140163956706147e+01 2.956143212181341937e+02
2.239093296040699954e+01 1.192346976378322978e+02 6.561953187300258605e+01 2.945975195788341807e+02
2.239093296040699954e+01 1.192346976378322978e+02 6.561953187300258605e+01 2.945975195788341807e+02
2.239093296040699954e+01 1.192346976378322978e+02 6.561953187300258605e+01 2.945975195788341807e+02
2.239093296040699954e+01 1.192346976378322978e+02 6.561953187300258605e+01 2.945975195788341807e+02
2.239093296040699954e+01 1.192346976378322978e+02 6.561953187300258605e+01 2.945975195788341807e+02
2.239093296040699954e+01 1.192346976378322978e+02 6.561953187300258605e+01 2.945975195788341807e+02
2.239093296040699954e+01 1.192346976378322978e+02 6.561953187300258605e+01 2.945975195788341807e+02
2.239093296040699954e+01 1.192346976378322978e+02 6.561953187300258605e+01 2.945975195788341807e+02
2.239093296040699954e+01 1.192346976378322978e+02 6.561953187300258605e+01 2.945975195788341807e+02
2.239093296040699954e+01 1.192346976378322978e+02 6.561953187300258605e+01 2.945975195788341807e+02
2.239093296040699954e+01 1.192346976378322978e+02 6.561953187300258605e+01 2.945975195788341807e+02
2.239093296040699954e+01 1.192346976378322978e+02 6.561953187300258605e+01 2.945975195788341807e+02
2.239093296040699954e+01 1.192346976378322978e+02 6.561953187300258605e+01 2.945975195788341807e+02
2.239093296040699954e+01 1.192346976378322978e+02 6.561953187300258605e+01 2.945975195788341807e+02
2.239093296040699954e+01 1.192346976378322978e+02 6.561953187300258605e+01 2.945975195788341807e+02
2.239093296040699954e+01 1.192346976378322978e+02 6.561953187300258605e+01 2.945975195788341807e+02
2.239093296040699954e+01 1.192346976378322978e+02 6.561953187300258605e+01 2.945975195788341807e+02
2.239093296040699954e+01 1.192346976378322978e+02 6.561953187300258605e+01 2.945975195788341807e+02
2.217924845971148784e+01 1.207264713059197021e+02 6.473650428761301612e+01 2.914939687221576605e+02
2.217924845971148784e+01 1.207264713059197021e+02 6.473650428761301612e+01 2.914939687221576605e+02
2.217924845971148784e+01 1.207264713059197021e+02 6.473650428761301612e+01 2.914939687221576605e+02
2.233616439754626271e+01 1.175013673361810618e+02 6.496680709150572852e+01 2.927912082036181118e+02
2.233616439754626271e+01 1.175013673361810618e+02 6.496680709150572852e+01 2.927912082036181118e+02
2.233616439754626271e+01 1.175013673361810618e+02 6.496680709150572852e+01 2.927912082036181118e+02
2.250159797742658796e+01 1.147021956233450481e+02 6.559590798247542409e+01 2.952357256721927001e+02
2.250159797742658796e+01 1.147021956233450481e+02 6.559590798247542409e+01 2.952357256721927001e+02
2.250159797742658796e+01 1.147021956233450481e+02 6.559590798247542409e+01 2.952357256721927001e+02
2.250159797742658796e+01 1.147021956233450481e+02 6.559590798247542409e+01 2.952357256721927001e+02
2.250159797742658796e+01 1.147021956233450481e+02 6.559590798247542409e+01 2.952357256721927001e+02
2.250159797742658796e+01 1.147021956233450481e+02 6.559590798247542409e+01 2.952357256721927001e+02
2.250159797742658796e+01 1.147021956233450481e+02 6.559590798247542409e+01 2.952357256721927001e+02
2.244532298087622380e+01 1.153945743731199514e+02 6.527983951396186058e+01 2.926328460536957436e+02
2.244532298087622380e+01 1.153945743731199514e+02 6.527983951396186058e+01 2.926328460536957436e+02
2.244532298087622380e+01 1.153945743731199514e+02 6.527983951396186058e+01 2.926328460536957436e+02
2.244532298087622380e+01 1.153945743731199514e+02 6.527983951396186058e+01 2.926328460536957436e+02
2.244532298087622380e+01 1.153945743731199514e+02 6.527983951396186058e+01 2.926328460536957436e+02
2.244532298087622380e+01 1.153945743731199514e+02 6.527983951396186058e+01 2.926328460536957436e+02
2.244532298087622380e+01 1.153945743731199514e+02 6.527983951396186058e+01 2.926328460536957436e+02
2.244532298087622380e+01 1.153945743731199514e+02 6.527983951396186058e+01 2.926328460536957436e+02
2.245497603747794102e+01 1.150615987056055758e+02 6.531710922886239246e+01 2.927551161017402137e+02
2.245497603747794102e+01 1.150615987056055758e+02 6.531710922886239246e+01 2.927551161017402137e+02
2.245497603747794102e+01 1.150615987056055758e+02 6.531710922886239246e+01 2.927551161017402137e+02
2.245497603747794102e+01 1.150615987056055758e+02 6.531710922886239246e+01 2.927551161017402137e+02
2.245497603747794102e+01 1.150615987056055758e+02 6.531710922886239246e+01 2.927551161017402137e+02
2.245497603747794102e+01 1.150615987056055758e+02 6.531710922886239246e+01 2.927551161017402137e+02
2.245497603747794102e+01 1.150615987056055758e+02 6.531710922886239246e+01 2.927551161017402137e+02
2.245497603747794102e+01 1.150615987056055758e+02 6.531710922886239246e+01 2.927551161017402137e+02
2.245497603747794102e+01 1.150615987056055758e+02 6.531710922886239246e+01 2.927551161017402137e+02
2.245497603747794102e+01 1.150615987056055758e+02 6.531710922886239246e+01 2.927551161017402137e+02
2.245497603747794102e+01 1.150615987056055758e+02 6.531710922886239246e+01 2.927551161017402137e+02
2.245497603747794102e+01 1.150615987056055758e+02 6.531710922886239246e+01 2.927551161017402137e+02
2.245497603747794102e+01 1.150615987056055758e+02 6.531710922886239246e+01 2.927551161017402137e+02
2.245497603747794102e+01 1.150615987056055758e+02 6.531710922886239246e+01 2.927551161017402137e+02
2.245497603747794102e+01 1.150615987056055758e+02 6.531710922886239246e+01 2.927551161017402137e+02
2.245497603747794102e+01 1.150615987056055758e+02 6.531710922886239246e+01 2.927551161017402137e+02
2.245497603747794102e+01 1.150615987056055758e+02 6.531710922886239246e+01 2.927551161017402137e+02
2.245497603747794102e+01 1.150615987056055758e+02 6.531710922886239246e+01 2.927551161017402137e+02
2.245497603747794102e+01 1.150615987056055758e+02 6.531710922886239246e+01 2.927551161017402137e+02
2.245497603747794102e+01 1.150615987056055758e+02 6.531710922886239246e+01 2.927551161017402137e+02
2.245497603747794102e+01 1.150615987056055758e+02 6.531710922886239246e+01 2.927551161017402137e+02
2.245497603747794102e+01 1.150615987056055758e+02 6.531710922886239246e+01 2.927551161017402137e+02
2.245497603747794102e+01 1.150615987056055758e+02 6.531710922886239246e+01 2.927551161017402137e+02
2.245497603747794102e+01 1.150615987056055758e+02 6.531710922886239246e+01 2.927551161017402137e+02
2.245497603747794102e+01 1.150615987056055758e+02 6.531710922886239246e+01 2.927551161017402137e+02
2.245497603747794102e+01 1.150615987056055758e+02 6.531710922886239246e+01 2.927551161017402137e+02
2.245497603747794102e+01 1.150615987056055758e+02 6.531710922886239246e+01 2.927551161017402137e+02
2.245497603747794102e+01 1.150615987056055758e+02 6.531710922886239246e+01 2.927551161017402137e+02
2.245497603747794102e+01 1.150615987056055758e+02 6.531710922886239246e+01 2.927551161017402137e+02
2.245497603747794102e+01 1.150615987056055758e+02 6.531710922886239246e+01 2.927551161017402137e+02
2.265158127041028280e+01 1.130994684808873956e+02 6.597248518577488596e+01 2.942974247261365122e+02
2.265158127041028280e+01 1.130994684808873956e+02 6.597248518577488596e+01 2.942974247261365122e+02
2.274665119579726635e+01 1.126258665633809102e+02 6.530633539668774290e+01 2.962440772816155459e+02
2.274665119579726635e+01 1.126258665633809102e+02 6.530633539668774290e+01 2.962440772816155459e+02
2.260682714059755227e+01 1.132279559208058259e+02 6.480092567647336921e+01 2.972259239226468139e+02
2.260682714059755227e+01 1.132279559208058259e+02 6.480092567647336921e+01 2.972259239226468139e+02
2.260682714059755227e+01 1.132279559208058259e+02 6.480092567647336921e+01 2.972259239226468139e+02
2.260682714059755227e+01 1.132279559208058259e+02 6.480092567647336921e+01 2.972259239226468139e+02
2.260682714059755227e+01 1.132279559208058259e+02 6.480092567647336921e+01 2.972259239226468139e+02
2.260682714059755227e+01 1.132279559208058259e+02 6.480092567647336921e+01 2.972259239226468139e+02
2.260682714059755227e+01 1.132279559208058259e+02 6.480092567647336921e+01 2.972259239226468139e+02
2.260682714059755227e+01 1.132279559208058259e+02 6.480092567647336921e+01 2.972259239226468139e+02
2.260682714059755227e+01 1.132279559208058259e+02 6.480092567647336921e+01 2.972259239226468139e+02
2.260682714059755227e+01 1.132279559208058259e+02 6.480092567647336921e+01 2.972259239226468139e+02
2.260682714059755227e+01 1.132279559208058259e+02 6.480092567647336921e+01 2.972259239226468139e+02
2.260682714059755227e+01 1.132279559208058259e+02 6.480092567647336921e+01 2.972259239226468139e+02
2.260682714059755227e+01 1.132279559208058259e+02 6.480092567647336921e+01 2.972259239226468139e+02
2.247161061182359276e+01 1.120862535568278986e+02 6.608524765021894609e+01 2.929328868286734746e+02
2.247161061182359276e+01 1.120862535568278986e+02 6.608524765021894609e+01 2.929328868286734746e+02
2.247996577075376479e+01 1.122344081041482724e+02 6.444556664185461159e+01 2.951059331753979791e+02
2.247996577075376479e+01 1.122344081041482724e+02 6.444556664185461159e+01 2.951059331753979791e+02
2.247996577075376479e+01 1.122344081041482724e+02 6.444556664185461159e+01 2.951059331753979791e+02
2.247996577075376479e+01 1.122344081041482724e+02 6.444556664185461159e+01 2.951059331753979791e+02
2.247996577075376479e+01 1.122344081041482724e+02 6.444556664185461159e+01 2.951059331753979791e+02
2.230669584506965819e+01 1.125197664949385086e+02 6.439425216466044333e+01 2.951031086108236536e+02
2.230669584506965819e+01 1.125197664949385086e+02 6.439425216466044333e+01 2.951031086108236536e+02
2.230669584506965819e+01 1.125197664949385086e+02 6.439425216466044333e+01 2.951031086108236536e+02
2.230669584506965819e+01 1.125197664949385086e+02 6.439425216466044333e+01 2.951031086108236536e+02
2.230669584506965819e+01 1.125197664949385086e+02 6.439425216466044333e+01 2.951031086108236536e+02
2.230669584506965819e+01 1.125197664949385086e+02 6.439425216466044333e+01 2.951031086108236536e+02
2.230669584506965819e+01 1.125197664949385086e+02 6.439425216466044333e+01 2.951031086108236536e+02
2.230669584506965819e+01 1.125197664949385086e+02 6.439425216466044333e+01 2.951031086108236536e+02
2.230669584506965819e+01 1.125197664949385086e+02 6.439425216466044333e+01 2.951031086108236536e+02
2.230669584506965819e+01 1.125197664949385086e+02 6.439425216466044333e+01 2.951031086108236536e+02
2.230669584506965819e+01 1.125197664949385086e+02 6.439425216466044333e+01 2.951031086108236536e+02
2.230669584506965819e+01 1.125197664949385086e+02 6.439425216466044333e+01 2.951031086108236536e+02
2.230669584506965819e+01 1.125197664949385086e+02 6.439425216466044333e+01 2.951031086108236536e+02
2.230669584506965819e+01 1.125197664949385086e+02 6.439425216466044333e+01 2.951031086108236536e+02
2.230669584506965819e+01 1.125197664949385086e+02 6.439425216466044333e+01 2.951031086108236536e+02
2.230669584506965819e+01 1.125197664949385086e+02 6.439425216466044333e+01 2.951031086108236536e+02
2.230669584506965819e+01 1.125197664949385086e+02 6.439425216466044333e+01 2.951031086108236536e+02
2.230669584506965819e+01 1.125197664949385086e+02 6.439425216466044333e+01 2.951031086108236536e+02
2.230669584506965819e+01 1.125197664949385086e+02 6.439425216466044333e+01 2.951031086108236536e+02
2.230669584506965819e+01 1.125197664949385086e+02 6.439425216466044333e+01 2.951031086108236536e+02
2.230669584506965819e+01 1.125197664949385086e+02 6.439425216466044333e+01 2.951031086108236536e+02
2.230669584506965819e+01 1.125197664949385086e+02 6.439425216466044333e+01 2.951031086108236536e+02
2.230669584506965819e+01 1.125197664949385086e+02 6.439425216466044333e+01 2.951031086108236536e+02
2.230669584506965819e+01 1.125197664949385086e+02 6.439425216466044333e+01 2.951031086108236536e+02
2.230669584506965819e+01 1.125197664949385086e+02 6.439425216466044333e+01 2.951031086108236536e+02
2.230669584506965819e+01 1.125197664949385086e+02 6.439425216466044333e+01 2.951031086108236536e+02
2.230669584506965819e+01 1.125197664949385086e+02 6.439425216466044333e+01 2.951031086108236536e+02
2.230669584506965819e+01 1.125197664949385086e+02 6.439425216466044333e+01 2.951031086108236536e+02
2.230669584506965819e+01 1.125197664949385086e+02 6.439425216466044333e+01 2.951031086108236536e+02
2.230669584506965819e+01 1.125197664949385086e+02 6.439425216466044333e+01 2.951031086108236536e+02
2.230669584506965819e+01 1.125197664949385086e+02 6.439425216466044333e+01 2.951031086108236536e+02
2.230669584506965819e+01 1.125197664949385086e+02 6.439425216466044333e+01 2.951031086108236536e+02
2.230669584506965819e+01 1.125197664949385086e+02 6.439425216466044333e+01 2.951031086108236536e+02
2.230669584506965819e+01 1.125197664949385086e+02 6.439425216466044333e+01 2.951031086108236536e+02
2.230669584506965819e+01 1.125197664949385086e+02 6.439425216466044333e+01 2.951031086108236536e+02
2.230669584506965819e+01 1.125197664949385086e+02 6.439425216466044333e+01 2.951031086108236536e+02
2.230669584506965819e+01 1.125197664949385086e+02 6.439425216466044333e+01 2.951031086108236536e+02
2.230669584506965819e+01 1.125197664949385086e+02 6.439425216466044333e+01 2.951031086108236536e+02
2.230669584506965819e+01 1.125197664949385086e+02 6.439425216466044333e+01 2.951031086108236536e+02
2.230669584506965819e+01 1.125197664949385086e+02 6.439425216466044333e+01 2.951031086108236536e+02
2.230669584506965819e+01 1.125197664949385086e+02 6.439425216466044333e+01 2.951031086108236536e+02
2.230669584506965819e+01 1.125197664949385086e+02 6.439425216466044333e+01 2.951031086108236536e+02
2.230669584506965819e+01 1.125197664949385086e+02 6.439425216466044333e+01 2.951031086108236536e+02
2.230669584506965819e+01 1.125197664949385086e+02 6.439425216466044333e+01 2.951031086108236536e+02
2.230669584506965819e+01 1.125197664949385086e+02 6.439425216466044333e+01 2.951031086108236536e+02
2.230669584506965819e+01 1.125197664949385086e+02 6.439425216466044333e+01 2.951031086108236536e+02
2.230669584506965819e+01 1.125197664949385086e+02 6.439425216466044333e+01 2.951031086108236536e+02
2.230669584506965819e+01 1.125197664949385086e+02 6.439425216466044333e+01 2.951031086108236536e+02
2.230669584506965819e+01 1.125197664949385086e+02 6.439425216466044333e+01 2.951031086108236536e+02
2.230669584506965819e+01 1.125197664949385086e+02 6.439425216466044333e+01 2.951031086108236536e+02
2.230669584506965819e+01 1.125197664949385086e+02 6.439425216466044333e+01 2.951031086108236536e+02
2.230669584506965819e+01 1.125197664949385086e+02 6.439425216466044333e+01 2.951031086108236536e+02
2.230669584506965819e+01 1.125197664949385086e+02 6.439425216466044333e+01 2.951031086108236536e+02
2.230669584506965819e+01 1.125197664949385086e+02 6.439425216466044333e+01 2.951031086108236536e+02
2.230669584506965819e+01 1.125197664949385086e+02 6.439425216466044333e+01 2.951031086108236536e+02
2.230669584506965819e+01 1.125197664949385086e+02 6.439425216466044333e+01 2.951031086108236536e+02
2.230669584506965819e+01 1.125197664949385086e+02 6.439425216466044333e+01 2.951031086108236536e+02
2.230669584506965819e+01 1.125197664949385086e+02 6.439425216466044333e+01 2.951031086108236536e+02
2.230669584506965819e+01 1.125197664949385086e+02 6.439425216466044333e+01 2.951031086108236536e+02
2.230669584506965819e+01 1.125197664949385086e+02 6.439425216466044333e+01 2.951031086108236536e+02
2.230669584506965819e+01 1.125197664949385086e+02 6.439425216466044333e+01 2.951031086108236536e+02
2.230669584506965819e+01 1.125197664949385086e+02 6.439425216466044333e+01 2.951031086108236536e+02
2.230669584506965819e+01 1.125197664949385086e+02 6.439425216466044333e+01 2.951031086108236536e+02
2.230669584506965819e+01 1.125197664949385086e+02 6.439425216466044333e+01 2.951031086108236536e+02
2.230669584506965819e+01 1.125197664949385086e+02 6.439425216466044333e+01 2.951031086108236536e+02
2.230669584506965819e+01 1.125197664949385086e+02 6.439425216466044333e+01 2.951031086108236536e+02
2.230669584506965819e+01 1.125197664949385086e+02 6.439425216466044333e+01 2.951031086108236536e+02
2.230669584506965819e+01 1.125197664949385086e+02 6.439425216466044333e+01 2.951031086108236536e+02
2.230669584506965819e+01 1.125197664949385086e+02 6.439425216466044333e+01 2.951031086108236536e+02
2.230669584506965819e+01 1.125197664949385086e+02 6.439425216466044333e+01 2.951031086108236536e+02
2.230669584506965819e+01 1.125197664949385086e+02 6.439425216466044333e+01 2.951031086108236536e+02
2.230669584506965819e+01 1.125197664949385086e+02 6.439425216466044333e+01 2.951031086108236536e+02
2.221069320771980315e+01 1.137494296978726425e+02 6.458653014666495551e+01 2.919183651415354461e+02
2.221069320771980315e+01 1.137494296978726425e+02 6.458653014666495551e+01 2.919183651415354461e+02
2.221069320771980315e+01 1.137494296978726425e+02 6.458653014666495551e+01 2.919183651415354461e+02
2.221069320771980315e+01 1.137494296978726425e+02 6.458653014666495551e+01 2.919183651415354461e+02
2.221069320771980315e+01 1.137494296978726425e+02 6.458653014666495551e+01 2.919183651415354461e+02
2.221069320771980315e+01 1.137494296978726425e+02 6.458653014666495551e+01 2.919183651415354461e+02
2.221069320771980315e+01 1.137494296978726425e+02 6.458653014666495551e+01 2.919183651415354461e+02
2.221069320771980315e+01 1.137494296978726425e+02 6.458653014666495551e+01 2.919183651415354461e+02
2.221069320771980315e+01 1.137494296978726425e+02 6.458653014666495551e+01 2.919183651415354461e+02
2.221069320771980315e+01 1.137494296978726425e+02 6.458653014666495551e+01 2.919183651415354461e+02
2.221069320771980315e+01 1.137494296978726425e+02 6.458653014666495551e+01 2.919183651415354461e+02
2.221069320771980315e+01 1.137494296978726425e+02 6.458653014666495551e+01 2.919183651415354461e+02
2.221069320771980315e+01 1.137494296978726425e+02 6.458653014666495551e+01 2.919183651415354461e+02
2.221069320771980315e+01 1.137494296978726425e+02 6.458653014666495551e+01 2.919183651415354461e+02
2.221069320771980315e+01 1.137494296978726425e+02 6.458653014666495551e+01 2.919183651415354461e+02
2.221069320771980315e+01 1.137494296978726425e+02 6.458653014666495551e+01 2.919183651415354461e+02
2.221069320771980315e+01 1.137494296978726425e+02 6.458653014666495551e+01 2.919183651415354461e+02
2.221069320771980315e+01 1.137494296978726425e+02 6.458653014666495551e+01 2.919183651415354461e+02
2.221069320771980315e+01 1.137494296978726425e+02 6.458653014666495551e+01 2.919183651415354461e+02
2.221069320771980315e+01 1.137494296978726425e+02 6.458653014666495551e+01 2.919183651415354461e+02
2.221069320771980315e+01 1.137494296978726425e+02 6.458653014666495551e+01 2.919183651415354461e+02
2.221069320771980315e+01 1.137494296978726425e+02 6.458653014666495551e+01 2.919183651415354461e+02
2.221069320771980315e+01 1.137494296978726425e+02 6.458653014666495551e+01 2.919183651415354461e+02
2.221069320771980315e+01 1.137494296978726425e+02 6.458653014666495551e+01 2.919183651415354461e+02
2.221069320771980315e+01 1.137494296978726425e+02 6.458653014666495551e+01 2.919183651415354461e+02
2.221069320771980315e+01 1.137494296978726425e+02 6.458653014666495551e+01 2.919183651415354461e+02
2.221069320771980315e+01 1.137494296978726425e+02 6.458653014666495551e+01 2.919183651415354461e+02
2.221069320771980315e+01 1.137494296978726425e+02 6.458653014666495551e+01 2.919183651415354461e+02
2.221069320771980315e+01 1.137494296978726425e+02 6.458653014666495551e+01 2.919183651415354461e+02
2.221069320771980315e+01 1.137494296978726425e+02 6.458653014666495551e+01 2.919183651415354461e+02
2.221069320771980315e+01 1.137494296978726425e+02 6.458653014666495551e+01 2.919183651415354461e+02
2.221069320771980315e+01 1.137494296978726425e+02 6.458653014666495551e+01 2.919183651415354461e+02
2.221069320771980315e+01 1.137494296978726425e+02 6.458653014666495551e+01 2.919183651415354461e+02
2.221069320771980315e+01 1.137494296978726425e+02 6.458653014666495551e+01 2.919183651415354461e+02
2.221069320771980315e+01 1.137494296978726425e+02 6.458653014666495551e+01 2.919183651415354461e+02
2.221069320771980315e+01 1.137494296978726425e+02 6.458653014666495551e+01 2.919183651415354461e+02
2.221069320771980315e+01 1.137494296978726425e+02 6.458653014666495551e+01 2.919183651415354461e+02
2.221069320771980315e+01 1.137494296978726425e+02 6.458653014666495551e+01 2.919183651415354461e+02
2.221069320771980315e+01 1.137494296978726425e+02 6.458653014666495551e+01 2.919183651415354461e+02
2.221069320771980315e+01 1.137494296978726425e+02 6.458653014666495551e+01 2.919183651415354461e+02
2.221069320771980315e+01 1.137494296978726425e+02 6.458653014666495551e+01 2.919183651415354461e+02
2.251816436157254486e+01 1.128174979255881993e+02 6.445500676545553631e+01 2.944113490665751556e+02
2.251816436157254486e+01 1.128174979255881993e+02 6.445500676545553631e+01 2.944113490665751556e+02
2.251816436157254486e+01 1.128174979255881993e+02 6.445500676545553631e+01 2.944113490665751556e+02
2.257467596547925126e+01 1.119751745266702869e+02 6.479604360904959037e+01 2.950452777514469744e+02
2.256462567299878330e+01 1.118403428402690025e+02 6.431930565340607586e+01 2.943088476307427754e+02
2.256462567299878330e+01 1.118403428402690025e+02 6.431930565340607586e+01 2.943088476307427754e+02
2.256462567299878330e+01 1.118403428402690025e+02 6.431930565340607586e+01 2.943088476307427754e+02
2.256462567299878330e+01 1.118403428402690025e+02 6.431930565340607586e+01 2.943088476307427754e+02
2.256462567299878330e+01 1.118403428402690025e+02 6.431930565340607586e+01 2.943088476307427754e+02
2.256462567299878330e+01 1.118403428402690025e+02 6.431930565340607586e+01 2.943088476307427754e+02
2.255895899710929697e+01 1.123870262497507042e+02 6.440368548278760841e+01 2.948239675947332330e+02
2.257208779814340005e+01 1.116566492810525659e+02 6.450068413136688150e+01 2.947905186607258088e+02
2.236850053576924324e+01 1.142131386999659952e+02 6.470488615555953515e+01 2.913234337031974519e+02
2.236850053576924324e+01 1.142131386999659952e+02 6.470488615555953515e+01 2.913234337031974519e+02
2.236850053576924324e+01 1.142131386999659952e+02 6.470488615555953515e+01 2.913234337031974519e+02
2.236850053576924324e+01 1.142131386999659952e+02 6.470488615555953515e+01 2.913234337031974519e+02
2.255722323310949662e+01 1.107469344875445074e+02 6.464383422722394812e+01 2.945919733660347788e+02
2.255722323310949662e+01 1.107469344875445074e+02 6.464383422722394812e+01 2.945919733660347788e+02
2.250803798909252151e+01 1.109032364369272869e+02 6.482192742130297347e+01 2.932310722874581757e+02
2.250803798909252151e+01 1.109032364369272869e+02 6.482192742130297347e+01 2.932310722874581757e+02
2.250803798909252151e+01 1.109032364369272869e+02 6.482192742130297347e+01 2.932310722874581757e+02
2.250803798909252151e+01 1.109032364369272869e+02 6.482192742130297347e+01 2.932310722874581757e+02
2.250803798909252151e+01 1.109032364369272869e+02 6.482192742130297347e+01 2.932310722874581757e+02
2.250803798909252151e+01 1.109032364369272869e+02 6.482192742130297347e+01 2.932310722874581757e+02
2.250803798909252151e+01 1.109032364369272869e+02 6.482192742130297347e+01 2.932310722874581757e+02
2.250803798909252151e+01 1.109032364369272869e+02 6.482192742130297347e+01 2.932310722874581757e+02
2.250803798909252151e+01 1.109032364369272869e+02 6.482192742130297347e+01 2.932310722874581757e+02
2.250803798909252151e+01 1.109032364369272869e+02 6.482192742130297347e+01 2.932310722874581757e+02
2.231337663686434780e+01 1.119375120108597628e+02 6.480151349446644815e+01 2.940079870442706920e+02
2.231337663686434780e+01 1.119375120108597628e+02 6.480151349446644815e+01 2.940079870442706920e+02
2.198364377047892049e+01 1.149067188278138474e+02 6.463874847154396264e+01 2.905286873906039773e+02
2.198364377047892049e+01 1.149067188278138474e+02 6.463874847154396264e+01 2.905286873906039773e+02
2.198364377047892049e+01 1.149067188278138474e+02 6.463874847154396264e+01 2.905286873906039773e+02
2.198364377047892049e+01 1.149067188278138474e+02 6.463874847154396264e+01 2.905286873906039773e+02
2.198364377047892049e+01 1.149067188278138474e+02 6.463874847154396264e+01 2.905286873906039773e+02
2.198364377047892049e+01 1.149067188278138474e+02 6.463874847154396264e+01 2.905286873906039773e+02
2.198364377047892049e+01 1.149067188278138474e+02 6.463874847154396264e+01 2.905286873906039773e+02
2.198364377047892049e+01 1.149067188278138474e+02 6.463874847154396264e+01 2.905286873906039773e+02
2.198364377047892049e+01 1.149067188278138474e+02 6.463874847154396264e+01 2.905286873906039773e+02
2.198364377047892049e+01 1.149067188278138474e+02 6.463874847154396264e+01 2.905286873906039773e+02
2.198364377047892049e+01 1.149067188278138474e+02 6.463874847154396264e+01 2.905286873906039773e+02
2.198364377047892049e+01 1.149067188278138474e+02 6.463874847154396264e+01 2.905286873906039773e+02
2.198364377047892049e+01 1.149067188278138474e+02 6.463874847154396264e+01 2.905286873906039773e+02
2.198364377047892049e+01 1.149067188278138474e+02 6.463874847154396264e+01 2.905286873906039773e+02
2.198364377047892049e+01 1.149067188278138474e+02 6.463874847154396264e+01 2.905286873906039773e+02
2.198364377047892049e+01 1.149067188278138474e+02 6.463874847154396264e+01 2.905286873906039773e+02
2.198364377047892049e+01 1.149067188278138474e+02 6.463874847154396264e+01 2.905286873906039773e+02
2.198364377047892049e+01 1.149067188278138474e+02 6.463874847154396264e+01 2.905286873906039773e+02
2.198364377047892049e+01 1.149067188278138474e+02 6.463874847154396264e+01 2.905286873906039773e+02
2.198364377047892049e+01 1.149067188278138474e+02 6.463874847154396264e+01 2.905286873906039773e+02
2.198364377047892049e+01 1.149067188278138474e+02 6.463874847154396264e+01 2.905286873906039773e+02
2.198364377047892049e+01 1.149067188278138474e+02 6.463874847154396264e+01 2.905286873906039773e+02
2.198364377047892049e+01 1.149067188278138474e+02 6.463874847154396264e+01 2.905286873906039773e+02
2.198364377047892049e+01 1.149067188278138474e+02 6.463874847154396264e+01 2.905286873906039773e+02
2.198364377047892049e+01 1.149067188278138474e+02 6.463874847154396264e+01 2.905286873906039773e+02
2.198364377047892049e+01 1.149067188278138474e+02 6.463874847154396264e+01 2.905286873906039773e+02
2.198364377047892049e+01 1.149067188278138474e+02 6.463874847154396264e+01 2.905286873906039773e+02
2.198364377047892049e+01 1.149067188278138474e+02 6.463874847154396264e+01 2.905286873906039773e+02
2.198364377047892049e+01 1.149067188278138474e+02 6.463874847154396264e+01 2.905286873906039773e+02
2.198364377047892049e+01 1.149067188278138474e+02 6.463874847154396264e+01 2.905286873906039773e+02
2.198364377047892049e+01 1.149067188278138474e+02 6.463874847154396264e+01 2.905286873906039773e+02
2.198364377047892049e+01 1.149067188278138474e+02 6.463874847154396264e+01 2.905286873906039773e+02
2.198364377047892049e+01 1.149067188278138474e+02 6.463874847154396264e+01 2.905286873906039773e+02
2.198364377047892049e+01 1.149067188278138474e+02 6.463874847154396264e+01 2.905286873906039773e+02
2.198364377047892049e+01 1.149067188278138474e+02 6.463874847154396264e+01 2.905286873906039773e+02
2.198364377047892049e+01 1.149067188278138474e+02 6.463874847154396264e+01 2.905286873906039773e+02
2.198364377047892049e+01 1.149067188278138474e+02 6.463874847154396264e+01 2.905286873906039773e+02
2.198364377047892049e+01 1.149067188278138474e+02 6.463874847154396264e+01 2.905286873906039773e+02
2.198364377047892049e+01 1.149067188278138474e+02 6.463874847154396264e+01 2.905286873906039773e+02
2.198364377047892049e+01 1.149067188278138474e+02 6.463874847154396264e+01 2.905286873906039773e+02
2.198364377047892049e+01 1.149067188278138474e+02 6.463874847154396264e+01 2.905286873906039773e+02
2.198364377047892049e+01 1.149067188278138474e+02 6.463874847154396264e+01 2.905286873906039773e+02
2.198364377047892049e+01 1.149067188278138474e+02 6.463874847154396264e+01 2.905286873906039773e+02
2.198364377047892049e+01 1.149067188278138474e+02 6.463874847154396264e+01 2.905286873906039773e+02
2.198364377047892049e+01 1.149067188278138474e+02 6.463874847154396264e+01 2.905286873906039773e+02
2.220121573971059092e+01 1.150299980696351838e+02 6.425920508110765184e+01 2.889577081851159619e+02
2.220121573971059092e+01 1.150299980696351838e+02 6.425920508110765184e+01 2.889577081851159619e+02
2.220121573971059092e+01 1.150299980696351838e+02 6.425920508110765184e+01 2.889577081851159619e+02
2.220121573971059092e+01 1.150299980696351838e+02 6.425920508110765184e+01 2.889577081851159619e+02
2.220121573971059092e+01 1.150299980696351838e+02 6.425920508110765184e+01 2.889577081851159619e+02
2.220121573971059092e+01 1.150299980696351838e+02 6.425920508110765184e+01 2.889577081851159619e+02
2.220121573971059092e+01 1.150299980696351838e+02 6.425920508110765184e+01 2.889577081851159619e+02
2.220121573971059092e+01 1.150299980696351838e+02 6.425920508110765184e+01 2.889577081851159619e+02
2.220121573971059092e+01 1.150299980696351838e+02 6.425920508110765184e+01 2.889577081851159619e+02
