1.614952765975940565e+02 5.583474732266057572e+02 6.754446120267760707e+05 2.482889698091397790e+01
1.614952765975940565e+02 5.583474732266057572e+02 6.754446120267760707e+05 2.482889698091397790e+01
1.614952765975940565e+02 5.583474732266057572e+02 6.754446120267760707e+05 2.482889698091397790e+01
1.540570035053118829e+02 5.626357354572865006e+02 6.773423100243656663e+05 2.530093081337236072e+01
1.460399086962696060e+02 5.666242786787087198e+02 6.724901734123795759e+05 2.482700637672299138e+01
1.460399086962696060e+02 5.666242786787087198e+02 6.724901734123795759e+05 2.482700637672299138e+01
1.460399086962696060e+02 5.666242786787087198e+02 6.724901734123795759e+05 2.482700637672299138e+01
1.404125533351188722e+02 5.661837548076834992e+02 6.667177053189419676e+05 2.560585043091869650e+01
1.404125533351188722e+02 5.661837548076834992e+02 6.667177053189419676e+05 2.560585043091869650e+01
9.823486228355028516e+01 6.063215732415900447e+02 6.436650999711089535e+05 2.494538355350424297e+01
5.716123572699078181e+01 6.076771413664148440e+02 5.990068983272021869e+05 2.815771332503554802e+01
5.864574689194899548e+01 5.805871738903648520e+02 5.874391569261467084e+05 2.816549329015246528e+01
5.864574689194899548e+01 5.805871738903648520e+02 5.874391569261467084e+05 2.816549329015246528e+01
5.322338266253296268e+01 5.419166597912306997e+02 5.760414431847872911e+05 3.305830709239021559e+01
5.322338266253296268e+01 5.419166597912306997e+02 5.760414431847872911e+05 3.305830709239021559e+01
5.322338266253296268e+01 5.419166597912306997e+02 5.760414431847872911e+05 3.305830709239021559e+01
5.284806630061427057e+01 5.475693982346653002e+02 5.617196367355353432e+05 3.261129074157561547e+01
5.522557115421150087e+01 5.508026005034138279e+02 5.232756889489748864e+05 3.176933308002135448e+01
5.522557115421150087e+01 5.508026005034138279e+02 5.232756889489748864e+05 3.176933308002135448e+01
4.889758439047734129e+01 5.337136073190870320e+02 5.142976404519709758e+05 3.275128113509958183e+01
4.739392740607476640e+01 5.464702395033333460e+02 5.168253616260920535e+05 3.040923077181481204e+01
4.175442056715075978e+01 5.329858234517130313e+02 5.052592380640142947e+05 3.173260874765106365e+01
4.175442056715075978e+01 5.329858234517130313e+02 5.052592380640142947e+05 3.173260874765106365e+01
4.444278154649437340e+01 4.882843891221912145e+02 5.109023509392177803e+05 2.985081193001397892e+01
4.444278154649437340e+01 4.882843891221912145e+02 5.109023509392177803e+05 2.985081193001397892e+01
4.444278154649437340e+01 4.882843891221912145e+02 5.109023509392177803e+05 2.985081193001397892e+01
4.444278154649437340e+01 4.882843891221912145e+02 5.109023509392177803e+05 2.985081193001397892e+01
4.444278154649437340e+01 4.882843891221912145e+02 5.109023509392177803e+05 2.985081193001397892e+01
4.444278154649437340e+01 4.882843891221912145e+02 5.109023509392177803e+05 2.985081193001397892e+01
4.444278154649437340e+01 4.882843891221912145e+02 5.109023509392177803e+05 2.985081193001397892e+01
4.444278154649437340e+01 4.882843891221912145e+02 5.109023509392177803e+05 2.985081193001397892e+01
4.444278154649437340e+01 4.882843891221912145e+02 5.109023509392177803e+05 2.985081193001397892e+01
4.444278154649437340e+01 4.882843891221912145e+02 5.109023509392177803e+05 2.985081193001397892e+01
4.444278154649437340e+01 4.882843891221912145e+02 5.109023509392177803e+05 2.985081193001397892e+01
4.444278154649437340e+01 4.882843891221912145e+02 5.109023509392177803e+05 2.985081193001397892e+01
4.444278154649437340e+01 4.882843891221912145e+02 5.109023509392177803e+05 2.985081193001397892e+01
4.444278154649437340e+01 4.882843891221912145e+02 5.109023509392177803e+05 2.985081193001397892e+01
4.444278154649437340e+01 4.882843891221912145e+02 5.109023509392177803e+05 2.985081193001397892e+01
4.444278154649437340e+01 4.882843891221912145e+02 5.109023509392177803e+05 2.985081193001397892e+01
4.444278154649437340e+01 4.882843891221912145e+02 5.109023509392177803e+05 2.985081193001397892e+01
4.444278154649437340e+01 4.882843891221912145e+02 5.109023509392177803e+05 2.985081193001397892e+01
4.444278154649437340e+01 4.882843891221912145e+02 5.109023509392177803e+05 2.985081193001397892e+01
4.444278154649437340e+01 4.882843891221912145e+02 5.109023509392177803e+05 2.985081193001397892e+01
4.444278154649437340e+01 4.882843891221912145e+02 5.109023509392177803e+05 2.985081193001397892e+01
4.444278154649437340e+01 4.882843891221912145e+02 5.109023509392177803e+05 2.985081193001397892e+01
4.444278154649437340e+01 4.882843891221912145e+02 5.109023509392177803e+05 2.985081193001397892e+01
4.444278154649437340e+01 4.882843891221912145e+02 5.109023509392177803e+05 2.985081193001397892e+01
4.444278154649437340e+01 4.882843891221912145e+02 5.109023509392177803e+05 2.985081193001397892e+01
4.444278154649437340e+01 4.882843891221912145e+02 5.109023509392177803e+05 2.985081193001397892e+01
4.444278154649437340e+01 4.882843891221912145e+02 5.109023509392177803e+05 2.985081193001397892e+01
4.444278154649437340e+01 4.882843891221912145e+02 5.109023509392177803e+05 2.985081193001397892e+01
4.444278154649437340e+01 4.882843891221912145e+02 5.109023509392177803e+05 2.985081193001397892e+01
4.444278154649437340e+01 4.882843891221912145e+02 5.109023509392177803e+05 2.985081193001397892e+01
4.444278154649437340e+01 4.882843891221912145e+02 5.109023509392177803e+05 2.985081193001397892e+01
4.444278154649437340e+01 4.882843891221912145e+02 5.109023509392177803e+05 2.985081193001397892e+01
4.444278154649437340e+01 4.882843891221912145e+02 5.109023509392177803e+05 2.985081193001397892e+01
4.444278154649437340e+01 4.882843891221912145e+02 5.109023509392177803e+05 2.985081193001397892e+01
4.444278154649437340e+01 4.882843891221912145e+02 5.109023509392177803e+05 2.985081193001397892e+01
4.444278154649437340e+01 4.882843891221912145e+02 5.109023509392177803e+05 2.985081193001397892e+01
4.444278154649437340e+01 4.882843891221912145e+02 5.109023509392177803e+05 2.985081193001397892e+01
4.444278154649437340e+01 4.882843891221912145e+02 5.109023509392177803e+05 2.985081193001397892e+01
4.444278154649437340e+01 4.882843891221912145e+02 5.109023509392177803e+05 2.985081193001397892e+01
4.444278154649437340e+01 4.882843891221912145e+02 5.109023509392177803e+05 2.985081193001397892e+01
4.444278154649437340e+01 4.882843891221912145e+02 5.109023509392177803e+05 2.985081193001397892e+01
4.444278154649437340e+01 4.882843891221912145e+02 5.109023509392177803e+05 2.985081193001397892e+01
4.444278154649437340e+01 4.882843891221912145e+02 5.109023509392177803e+05 2.985081193001397892e+01
4.444278154649437340e+01 4.882843891221912145e+02 5.109023509392177803e+05 2.985081193001397892e+01
4.444278154649437340e+01 4.882843891221912145e+02 5.109023509392177803e+05 2.985081193001397892e+01
3.620309676766766671e+01 4.621292011486772253e+02 4.278351855579572730e+05 4.016514457691477702e+01
3.620309676766766671e+01 4.621292011486772253e+02 4.278351855579572730e+05 4.016514457691477702e+01
3.620309676766766671e+01 4.621292011486772253e+02 4.278351855579572730e+05 4.016514457691477702e+01
3.642800520308257717e+01 4.584485226779424920e+02 4.230527724461379112e+05 3.559619696269860611e+01
3.642800520308257717e+01 4.584485226779424920e+02 4.230527724461379112e+05 3.559619696269860611e+01
3.642800520308257717e+01 4.584485226779424920e+02 4.230527724461379112e+05 3.559619696269860611e+01
3.642800520308257717e+01 4.584485226779424920e+02 4.230527724461379112e+05 3.559619696269860611e+01
3.642800520308257717e+01 4.584485226779424920e+02 4.230527724461379112e+05 3.559619696269860611e+01
3.391339632545031435e+01 4.158840310740754376e+02 3.706458444693498896e+05 4.179654088694204717e+01
3.373467193768217243e+01 4.588100186941532002e+02 3.538503969735025894e+05 3.816510631862932001e+01
3.373467193768217243e+01 4.588100186941532002e+02 3.538503969735025894e+05 3.816510631862932001e+01
3.547744759182545238e+01 4.565009146201384738e+02 3.569331402852630126e+05 3.600919978969290014e+01
3.512626740855774443e+01 4.533856696008234053e+02 3.452306535415842663e+05 3.694472552014337197e+01
3.624251460540589420e+01 4.052460793542496731e+02 3.601598694592613610e+05 3.791793596261553745e+01
3.624251460540589420e+01 4.052460793542496731e+02 3.601598694592613610e+05 3.791793596261553745e+01
3.624251460540589420e+01 4.052460793542496731e+02 3.601598694592613610e+05 3.791793596261553745e+01
3.465069229090947545e+01 4.170196983772477211e+02 3.583555598272597417e+05 3.666871925231895091e+01
3.465069229090947545e+01 4.170196983772477211e+02 3.583555598272597417e+05 3.666871925231895091e+01
3.315107861646053067e+01 3.649937805752630879e+02 3.107510553047452704e+05 4.127399630102506478e+01
3.311537195326120298e+01 3.699386357180553091e+02 3.055089986052423483e+05 3.929726558113011947e+01
3.311537195326120298e+01 3.699386357180553091e+02 3.055089986052423483e+05 3.929726558113011947e+01
3.311537195326120298e+01 3.699386357180553091e+02 3.055089986052423483e+05 3.929726558113011947e+01
3.311537195326120298e+01 3.699386357180553091e+02 3.055089986052423483e+05 3.929726558113011947e+01
3.311537195326120298e+01 3.699386357180553091e+02 3.055089986052423483e+05 3.929726558113011947e+01
3.893215237651190819e+01 3.581832106086974363e+02 2.996432654559894581e+05 3.415402035280995818e+01
3.497729985485867843e+01 3.525452233839902760e+02 2.826911997813679045e+05 3.954261204728114620e+01
3.633798402660203664e+01 3.480065433026560981e+02 2.856099963128847303e+05 3.806187533969507797e+01
3.633798402660203664e+01 3.480065433026560981e+02 2.856099963128847303e+05 3.806187533969507797e+01
3.745736157182295045e+01 2.737644041559000812e+02 2.883732211655833526e+05 4.437756856983816078e+01
3.745736157182295045e+01 2.737644041559000812e+02 2.883732211655833526e+05 4.437756856983816078e+01
3.745736157182295045e+01 2.737644041559000812e+02 2.883732211655833526e+05 4.437756856983816078e+01
3.553856266868117331e+01 2.532037568328891837e+02 2.803060607564506354e+05 4.860407658896424721e+01
3.553856266868117331e+01 2.532037568328891837e+02 2.803060607564506354e+05 4.860407658896424721e+01
3.553856266868117331e+01 2.532037568328891837e+02 2.803060607564506354e+05 4.860407658896424721e+01
3.291705320114959221e+01 2.242072699454597853e+02 2.492555486859258672e+05 5.708193733043971463e+01
3.206367464911514986e+01 2.229372714344758322e+02 2.467334841559820634e+05 5.918672142223988430e+01
3.439837133461897167e+01 1.799079880666758697e+02 2.445563985508040350e+05 6.465303690260346059e+01
3.231467749590270699e+01 1.650313086408070546e+02 2.347687803585416987e+05 6.953067436177427396e+01
3.356905370806074274e+01 1.409517040340945186e+02 2.269161484569944732e+05 7.811449664672954896e+01
3.356905370806074274e+01 1.409517040340945186e+02 2.269161484569944732e+05 7.811449664672954896e+01
3.077664494425867048e+01 1.112741594984905049e+02 2.027760780530179909e+05 9.265350064160354293e+01
3.077664494425867048e+01 1.112741594984905049e+02 2.027760780530179909e+05 9.265350064160354293e+01
3.076841494467292648e+01 8.211464921771151637e+01 2.002763285829166125e+05 9.935959880926667154e+01
2.894919421399490389e+01 5.770566729733167932e+01 1.818670308866309060e+05 1.241781264856330580e+02
2.714105158702626852e+01 5.250924366921364594e+01 1.610141085711280175e+05 1.424720196516721842e+02
2.878246900824137811e+01 5.193468792999460248e+01 1.611625394873633923e+05 1.343387967353116323e+02
2.878246900824137811e+01 5.193468792999460248e+01 1.611625394873633923e+05 1.343387967353116323e+02
2.878246900824137811e+01 5.193468792999460248e+01 1.611625394873633923e+05 1.343387967353116323e+02
2.878246900824137811e+01 5.193468792999460248e+01 1.611625394873633923e+05 1.343387967353116323e+02
2.878246900824137811e+01 5.193468792999460248e+01 1.611625394873633923e+05 1.343387967353116323e+02
2.878246900824137811e+01 5.193468792999460248e+01 1.611625394873633923e+05 1.343387967353116323e+02
2.878246900824137811e+01 5.193468792999460248e+01 1.611625394873633923e+05 1.343387967353116323e+02
2.878246900824137811e+01 5.193468792999460248e+01 1.611625394873633923e+05 1.343387967353116323e+02
2.925821044785813640e+01 5.063022535603517582e+01 1.605664652140541293e+05 1.347905172969236958e+02
2.925821044785813640e+01 5.063022535603517582e+01 1.605664652140541293e+05 1.347905172969236958e+02
2.925821044785813640e+01 5.063022535603517582e+01 1.605664652140541293e+05 1.347905172969236958e+02
2.880487067381257305e+01 5.136370883634902640e+01 1.583718968496996386e+05 1.339442081459732776e+02
2.880487067381257305e+01 5.136370883634902640e+01 1.583718968496996386e+05 1.339442081459732776e+02
2.880487067381257305e+01 5.136370883634902640e+01 1.583718968496996386e+05 1.339442081459732776e+02
2.880487067381257305e+01 5.136370883634902640e+01 1.583718968496996386e+05 1.339442081459732776e+02
2.880487067381257305e+01 5.136370883634902640e+01 1.583718968496996386e+05 1.339442081459732776e+02
2.880487067381257305e+01 5.136370883634902640e+01 1.583718968496996386e+05 1.339442081459732776e+02
2.880487067381257305e+01 5.136370883634902640e+01 1.583718968496996386e+05 1.339442081459732776e+02
2.867860678750531989e+01 5.302293182924201886e+01 1.635386353788847337e+05 1.253856316400764257e+02
2.867860678750531989e+01 5.302293182924201886e+01 1.635386353788847337e+05 1.253856316400764257e+02
2.867860678750531989e+01 5.302293182924201886e+01 1.635386353788847337e+05 1.253856316400764257e+02
2.867860678750531989e+01 5.302293182924201886e+01 1.635386353788847337e+05 1.253856316400764257e+02
2.867860678750531989e+01 5.302293182924201886e+01 1.635386353788847337e+05 1.253856316400764257e+02
2.867860678750531989e+01 5.302293182924201886e+01 1.635386353788847337e+05 1.253856316400764257e+02
2.867860678750531989e+01 5.302293182924201886e+01 1.635386353788847337e+05 1.253856316400764257e+02
2.867860678750531989e+01 5.302293182924201886e+01 1.635386353788847337e+05 1.253856316400764257e+02
2.805848012003941605e+01 5.209180465233293944e+01 1.495791599763060804e+05 1.354114705921431892e+02
2.805848012003941605e+01 5.209180465233293944e+01 1.495791599763060804e+05 1.354114705921431892e+02
2.835811129276818576e+01 5.310562811085629420e+01 1.381533998645675601e+05 1.367333411259004663e+02
2.835811129276818576e+01 5.310562811085629420e+01 1.381533998645675601e+05 1.367333411259004663e+02
2.755926375216571600e+01 5.789417017202959670e+01 1.402207442100112967e+05 1.285986667806832884e+02
2.755926375216571600e+01 5.789417017202959670e+01 1.402207442100112967e+05 1.285986667806832884e+02
2.726280950667885605e+01 5.515132187025177757e+01 1.208980793743708928e+05 1.472353632837457837e+02
2.627958817419848003e+01 5.297683642601013787e+01 1.207626803792835854e+05 1.531000966884518562e+02
2.627958817419848003e+01 5.297683642601013787e+01 1.207626803792835854e+05 1.531000966884518562e+02
2.627958817419848003e+01 5.297683642601013787e+01 1.207626803792835854e+05 1.531000966884518562e+02
2.526074454412718140e+01 5.718277215067978858e+01 1.172147528626912972e+05 1.496423840528455287e+02
2.526074454412718140e+01 5.718277215067978858e+01 1.172147528626912972e+05 1.496423840528455287e+02
2.608991963055732199e+01 5.693616465961506634e+01 1.107929568453148386e+05 1.527070419918519519e+02
2.532327837705541640e+01 5.583194734936427039e+01 1.088879402618341119e+05 1.593269661948478984e+02
2.683356793867429246e+01 6.184616919067686780e+01 1.047910188521982054e+05 1.382989570655947773e+02
2.683356793867429246e+01 6.184616919067686780e+01 1.047910188521982054e+05 1.382989570655947773e+02
2.686461327147460310e+01 5.855440211969030173e+01 1.035694447010145377e+05 1.463123680980611994e+02
2.679142522050408104e+01 6.054699198914943281e+01 9.496930325842532329e+04 1.456755973488258746e+02
2.679142522050408104e+01 6.054699198914943281e+01 9.496930325842532329e+04 1.456755973488258746e+02
2.679142522050408104e+01 6.054699198914943281e+01 9.496930325842532329e+04 1.456755973488258746e+02
2.679142522050408104e+01 6.054699198914943281e+01 9.496930325842532329e+04 1.456755973488258746e+02
2.679142522050408104e+01 6.054699198914943281e+01 9.496930325842532329e+04 1.456755973488258746e+02
2.679142522050408104e+01 6.054699198914943281e+01 9.496930325842532329e+04 1.456755973488258746e+02
2.679142522050408104e+01 6.054699198914943281e+01 9.496930325842532329e+04 1.456755973488258746e+02
2.679142522050408104e+01 6.054699198914943281e+01 9.496930325842532329e+04 1.456755973488258746e+02
2.679142522050408104e+01 6.054699198914943281e+01 9.496930325842532329e+04 1.456755973488258746e+02
2.679142522050408104e+01 6.054699198914943281e+01 9.496930325842532329e+04 1.456755973488258746e+02
2.806130664002388642e+01 5.280365446140636010e+01 9.382426892804147792e+04 1.479898964068842417e+02
2.806130664002388642e+01 5.280365446140636010e+01 9.382426892804147792e+04 1.479898964068842417e+02
2.820034177998623903e+01 5.094069353683207169e+01 9.320479407213100058e+04 1.456204996384422827e+02
2.804381316573122263e+01 5.157962750374413474e+01 9.382032891228383232e+04 1.424868282086733586e+02
2.947232236509948322e+01 5.463267222026296821e+01 8.120324641040584538e+04 1.354867784380344631e+02
3.093078719297195178e+01 5.278175423106316799e+01 8.674540454506612150e+04 1.220323033095697838e+02
3.093078719297195178e+01 5.278175423106316799e+01 8.674540454506612150e+04 1.220323033095697838e+02
3.093078719297195178e+01 5.278175423106316799e+01 8.674540454506612150e+04 1.220323033095697838e+02
3.093078719297195178e+01 5.278175423106316799e+01 8.674540454506612150e+04 1.220323033095697838e+02
3.093078719297195178e+01 5.278175423106316799e+01 8.674540454506612150e+04 1.220323033095697838e+02
3.093078719297195178e+01 5.278175423106316799e+01 8.674540454506612150e+04 1.220323033095697838e+02
3.093078719297195178e+01 5.278175423106316799e+01 8.674540454506612150e+04 1.220323033095697838e+02
3.093078719297195178e+01 5.278175423106316799e+01 8.674540454506612150e+04 1.220323033095697838e+02
3.093078719297195178e+01 5.278175423106316799e+01 8.674540454506612150e+04 1.220323033095697838e+02
3.093078719297195178e+01 5.278175423106316799e+01 8.674540454506612150e+04 1.220323033095697838e+02
3.077147804560997457e+01 5.771006037542955625e+01 7.570930450337190996e+04 1.148263802390981283e+02
3.005475475879608283e+01 5.341929450170066929e+01 7.407450187513930723e+04 1.235456678517714835e+02
3.050179374662084442e+01 5.305569267549266499e+01 7.508178031371367979e+04 1.193694916139754127e+02
3.050179374662084442e+01 5.305569267549266499e+01 7.508178031371367979e+04 1.193694916139754127e+02
3.050179374662084442e+01 5.305569267549266499e+01 7.508178031371367979e+04 1.193694916139754127e+02
3.050179374662084442e+01 5.305569267549266499e+01 7.508178031371367979e+04 1.193694916139754127e+02
3.050179374662084442e+01 5.305569267549266499e+01 7.508178031371367979e+04 1.193694916139754127e+02
3.050179374662084442e+01 5.305569267549266499e+01 7.508178031371367979e+04 1.193694916139754127e+02
3.050179374662084442e+01 5.305569267549266499e+01 7.508178031371367979e+04 1.193694916139754127e+02
3.106744113146205066e+01 5.365785380570027030e+01 7.623929208635483519e+04 1.121863659867876777e+02
3.202877176909209567e+01 5.212110995605134178e+01 6.925692116371500015e+04 1.178943668495274437e+02
3.144035393788194810e+01 4.813705602934397376e+01 6.820347057498624781e+04 1.186809818045293383e+02
3.144035393788194810e+01 4.813705602934397376e+01 6.820347057498624781e+04 1.186809818045293383e+02
3.144035393788194810e+01 4.813705602934397376e+01 6.820347057498624781e+04 1.186809818045293383e+02
3.144035393788194810e+01 4.813705602934397376e+01 6.820347057498624781e+04 1.186809818045293383e+02
3.144035393788194810e+01 4.813705602934397376e+01 6.820347057498624781e+04 1.186809818045293383e+02
3.144035393788194810e+01 4.813705602934397376e+01 6.820347057498624781e+04 1.186809818045293383e+02
3.144035393788194810e+01 4.813705602934397376e+01 6.820347057498624781e+04 1.186809818045293383e+02
3.144035393788194810e+01 4.813705602934397376e+01 6.820347057498624781e+04 1.186809818045293383e+02
3.144035393788194810e+01 4.813705602934397376e+01 6.820347057498624781e+04 1.186809818045293383e+02
3.144035393788194810e+01 4.813705602934397376e+01 6.820347057498624781e+04 1.186809818045293383e+02
3.144035393788194810e+01 4.813705602934397376e+01 6.820347057498624781e+04 1.186809818045293383e+02
3.144035393788194810e+01 4.813705602934397376e+01 6.820347057498624781e+04 1.186809818045293383e+02
3.144035393788194810e+01 4.813705602934397376e+01 6.820347057498624781e+04 1.186809818045293383e+02
3.001156692147005955e+01 4.847875310672221616e+01 6.679925011160456052e+04 1.237588459503246554e+02
3.001156692147005955e+01 4.847875310672221616e+01 6.679925011160456052e+04 1.237588459503246554e+02
3.021502171271373527e+01 4.805977983335560566e+01 6.671472144936844415e+04 1.239617084567435796e+02
3.008557965000847645e+01 4.780625792486179648e+01 6.736428063036344247e+04 1.227540520485173943e+02
3.008557965000847645e+01 4.780625792486179648e+01 6.736428063036344247e+04 1.227540520485173943e+02
2.968239904318474842e+01 4.812296355895745137e+01 6.764847091786999954e+04 1.224809927127391376e+02
2.968239904318474842e+01 4.812296355895745137e+01 6.764847091786999954e+04 1.224809927127391376e+02
3.048788107592654839e+01 4.650029596057693482e+01 6.820224343179266725e+04 1.201768230064987790e+02
3.048788107592654839e+01 4.650029596057693482e+01 6.820224343179266725e+04 1.201768230064987790e+02
3.048788107592654839e+01 4.650029596057693482e+01 6.820224343179266725e+04 1.201768230064987790e+02
3.048788107592654839e+01 4.650029596057693482e+01 6.820224343179266725e+04 1.201768230064987790e+02
3.048788107592654839e+01 4.650029596057693482e+01 6.820224343179266725e+04 1.201768230064987790e+02
3.048788107592654839e+01 4.650029596057693482e+01 6.820224343179266725e+04 1.201768230064987790e+02
2.984168992861379976e+01 4.489258553576301125e+01 6.799212289602489909e+04 1.240417026690789015e+02
2.984168992861379976e+01 4.489258553576301125e+01 6.799212289602489909e+04 1.240417026690789015e+02
2.984168992861379976e+01 4.489258553576301125e+01 6.799212289602489909e+04 1.240417026690789015e+02
2.984168992861379976e+01 4.489258553576301125e+01 6.799212289602489909e+04 1.240417026690789015e+02
2.952205093656657908e+01 4.623824770996726841e+01 6.797467997256506351e+04 1.222390338615123397e+02
2.952205093656657908e+01 4.623824770996726841e+01 6.797467997256506351e+04 1.222390338615123397e+02
2.952205093656657908e+01 4.623824770996726841e+01 6.797467997256506351e+04 1.222390338615123397e+02
2.952205093656657908e+01 4.623824770996726841e+01 6.797467997256506351e+04 1.222390338615123397e+02
2.952205093656657908e+01 4.623824770996726841e+01 6.797467997256506351e+04 1.222390338615123397e+02
2.952205093656657908e+01 4.623824770996726841e+01 6.797467997256506351e+04 1.222390338615123397e+02
3.042152093801324497e+01 4.404121609710470153e+01 6.645457046752372116e+04 1.249875908572549719e+02
3.042152093801324497e+01 4.404121609710470153e+01 6.645457046752372116e+04 1.249875908572549719e+02
3.042152093801324497e+01 4.404121609710470153e+01 6.645457046752372116e+04 1.249875908572549719e+02
3.014044925491510085e+01 4.684419010580069198e+01 6.686176929340099741e+04 1.171515251764270573e+02
3.014044925491510085e+01 4.684419010580069198e+01 6.686176929340099741e+04 1.171515251764270573e+02
3.014044925491510085e+01 4.684419010580069198e+01 6.686176929340099741e+04 1.171515251764270573e+02
3.014044925491510085e+01 4.684419010580069198e+01 6.686176929340099741e+04 1.171515251764270573e+02
3.014044925491510085e+01 4.684419010580069198e+01 6.686176929340099741e+04 1.171515251764270573e+02
3.014044925491510085e+01 4.684419010580069198e+01 6.686176929340099741e+04 1.171515251764270573e+02
3.014044925491510085e+01 4.684419010580069198e+01 6.686176929340099741e+04 1.171515251764270573e+02
3.014044925491510085e+01 4.684419010580069198e+01 6.686176929340099741e+04 1.171515251764270573e+02
3.014044925491510085e+01 4.684419010580069198e+01 6.686176929340099741e+04 1.171515251764270573e+02
3.014044925491510085e+01 4.684419010580069198e+01 6.686176929340099741e+04 1.171515251764270573e+02
3.014044925491510085e+01 4.684419010580069198e+01 6.686176929340099741e+04 1.171515251764270573e+02
3.014044925491510085e+01 4.684419010580069198e+01 6.686176929340099741e+04 1.171515251764270573e+02
3.014044925491510085e+01 4.684419010580069198e+01 6.686176929340099741e+04 1.171515251764270573e+02
3.014044925491510085e+01 4.684419010580069198e+01 6.686176929340099741e+04 1.171515251764270573e+02
3.014044925491510085e+01 4.684419010580069198e+01 6.686176929340099741e+04 1.171515251764270573e+02
3.014044925491510085e+01 4.684419010580069198e+01 6.686176929340099741e+04 1.171515251764270573e+02
3.014044925491510085e+01 4.684419010580069198e+01 6.686176929340099741e+04 1.171515251764270573e+02
3.014044925491510085e+01 4.684419010580069198e+01 6.686176929340099741e+04 1.171515251764270573e+02
3.014044925491510085e+01 4.684419010580069198e+01 6.686176929340099741e+04 1.171515251764270573e+02
3.014044925491510085e+01 4.684419010580069198e+01 6.686176929340099741e+04 1.171515251764270573e+02
3.014044925491510085e+01 4.684419010580069198e+01 6.686176929340099741e+04 1.171515251764270573e+02
3.014044925491510085e+01 4.684419010580069198e+01 6.686176929340099741e+04 1.171515251764270573e+02
3.100246232477337571e+01 4.393322600444342640e+01 6.518958639050470811e+04 1.233106230332381443e+02
3.134447809595698686e+01 4.302464006363014448e+01 6.222457373105354054e+04 1.238862190086864672e+02
3.134447809595698686e+01 4.302464006363014448e+01 6.222457373105354054e+04 1.238862190086864672e+02
3.050039055553131817e+01 4.163681593065360431e+01 5.779346292598620494e+04 1.376555115708382573e+02
3.050039055553131817e+01 4.163681593065360431e+01 5.779346292598620494e+04 1.376555115708382573e+02
3.050039055553131817e+01 4.163681593065360431e+01 5.779346292598620494e+04 1.376555115708382573e+02
3.050039055553131817e+01 4.163681593065360431e+01 5.779346292598620494e+04 1.376555115708382573e+02
3.050039055553131817e+01 4.163681593065360431e+01 5.779346292598620494e+04 1.376555115708382573e+02
3.050039055553131817e+01 4.163681593065360431e+01 5.779346292598620494e+04 1.376555115708382573e+02
3.050039055553131817e+01 4.163681593065360431e+01 5.779346292598620494e+04 1.376555115708382573e+02
2.879168773400360593e+01 4.624115678621531345e+01 4.977503434599110187e+04 1.459868587788472780e+02
2.835873606148050285e+01 4.196089154609163785e+01 5.211107119767610129e+04 1.505218480339895564e+02
2.835873606148050285e+01 4.196089154609163785e+01 5.211107119767610129e+04 1.505218480339895564e+02
2.751403210325372939e+01 4.289616008973186467e+01 4.661852992883904517e+04 1.666958332341548612e+02
2.751403210325372939e+01 4.289616008973186467e+01 4.661852992883904517e+04 1.666958332341548612e+02
2.751403210325372939e+01 4.289616008973186467e+01 4.661852992883904517e+04 1.666958332341548612e+02
2.717228808651018213e+01 4.332369757254227238e+01 4.643382611257350072e+04 1.671055847094986007e+02
2.717228808651018213e+01 4.332369757254227238e+01 4.643382611257350072e+04 1.671055847094986007e+02
2.836147681934695441e+01 4.054151587670024526e+01 4.182380457920246408e+04 1.637874542749602540e+02
2.836147681934695441e+01 4.054151587670024526e+01 4.182380457920246408e+04 1.637874542749602540e+02
2.836147681934695441e+01 4.054151587670024526e+01 4.182380457920246408e+04 1.637874542749602540e+02
2.748298698148328256e+01 4.079538460216098628e+01 4.064136318574283359e+04 1.684735799825990625e+02
2.748298698148328256e+01 4.079538460216098628e+01 4.064136318574283359e+04 1.684735799825990625e+02
2.748298698148328256e+01 4.079538460216098628e+01 4.064136318574283359e+04 1.684735799825990625e+02
2.688370780465488252e+01 4.167180303335539548e+01 4.062783870417067374e+04 1.687376912920038308e+02
2.743543596680123997e+01 4.058000257532404476e+01 4.056812029139779042e+04 1.693710071175130736e+02
2.747426912269860111e+01 4.220795895792230112e+01 3.822404765670547931e+04 1.690618527067372838e+02
2.675512225167017633e+01 4.214435989644334768e+01 3.850423189443653973e+04 1.611471937066413034e+02
2.675512225167017633e+01 4.214435989644334768e+01 3.850423189443653973e+04 1.611471937066413034e+02
2.675512225167017633e+01 4.214435989644334768e+01 3.850423189443653973e+04 1.611471937066413034e+02
2.702071341936700932e+01 4.102851466366834643e+01 3.872148854723605473e+04 1.640019248288346319e+02
2.892076908448039418e+01 4.062512481580332491e+01 3.932794473302405822e+04 1.510358947746145759e+02
2.853216244111744615e+01 4.150222759406789663e+01 3.967500368660761887e+04 1.476290040573029785e+02
2.853216244111744615e+01 4.150222759406789663e+01 3.967500368660761887e+04 1.476290040573029785e+02
2.853216244111744615e+01 4.150222759406789663e+01 3.967500368660761887e+04 1.476290040573029785e+02
3.008503877436287155e+01 4.072252619961040665e+01 4.061328827437272412e+04 1.341446300953210198e+02
3.008503877436287155e+01 4.072252619961040665e+01 4.061328827437272412e+04 1.341446300953210198e+02
3.052725915461600081e+01 4.043939669207036758e+01 4.047782169399358099e+04 1.330897427517358835e+02
2.768266215762215410e+01 4.163080888201345431e+01 3.523151522271415161e+04 1.607886565548701583e+02
2.802615442187432038e+01 4.089793501353618410e+01 3.397095724290358339e+04 1.585690278757246858e+02
2.844218829163687445e+01 4.011481884927379582e+01 3.047369465451773794e+04 1.642759185423767576e+02
2.805448641896451534e+01 3.996585287825454458e+01 2.501790851966931587e+04 1.709093255303417607e+02
2.805448641896451534e+01 3.996585287825454458e+01 2.501790851966931587e+04 1.709093255303417607e+02
2.802645543214580215e+01 3.906236088557298558e+01 2.360213709208558430e+04 1.756265511792257428e+02
2.779545223377344954e+01 3.825322998652942630e+01 2.443251700085639459e+04 1.698460406126966404e+02
2.779545223377344954e+01 3.825322998652942630e+01 2.443251700085639459e+04 1.698460406126966404e+02
2.783751927002360915e+01 3.945550625677788048e+01 2.067449623840894856e+04 1.720806722866892642e+02
2.779622023767666050e+01 3.966970543008798700e+01 1.838624383908548043e+04 1.745642111220301729e+02
2.820775229411535534e+01 3.818973808665411696e+01 1.877477560691357940e+04 1.735224144408022369e+02
2.820775229411535534e+01 3.818973808665411696e+01 1.877477560691357940e+04 1.735224144408022369e+02
2.820775229411535534e+01 3.818973808665411696e+01 1.877477560691357940e+04 1.735224144408022369e+02
2.820775229411535534e+01 3.818973808665411696e+01 1.877477560691357940e+04 1.735224144408022369e+02
2.849388982570038920e+01 3.848834613786260661e+01 1.860718702352116088e+04 1.674472318485918265e+02
2.938074421132228764e+01 4.071695981091266248e+01 1.688197625843429705e+04 1.663851073763298700e+02
2.925914440864126931e+01 3.960119285967619618e+01 1.604965041988597841e+04 1.710836358392890020e+02
2.915755953724925575e+01 3.902994065471131790e+01 1.623446166413159881e+04 1.710470782491374848e+02
2.923597122664800096e+01 3.814663689577885464e+01 1.654277889630060963e+04 1.702887029017632869e+02
2.837536611223789862e+01 3.805320184843791509e+01 1.521815806500372491e+04 1.816364179449142569e+02
2.686562977914649153e+01 3.818395188674453777e+01 1.459073352244792113e+04 1.858636827526809725e+02
2.686562977914649153e+01 3.818395188674453777e+01 1.459073352244792113e+04 1.858636827526809725e+02
2.686562977914649153e+01 3.818395188674453777e+01 1.459073352244792113e+04 1.858636827526809725e+02
2.671813366451949534e+01 3.888044798282254533e+01 1.415772933747170282e+04 1.799287713703779161e+02
2.647767593076246939e+01 3.952596225207670244e+01 1.263255288163624573e+04 1.908249020236927720e+02
2.611801337933848188e+01 3.968448876417370741e+01 1.136474029136340505e+04 2.011144093905588477e+02
2.717997542160986413e+01 3.999666735837364229e+01 1.038545636510387340e+04 2.038548015377015474e+02
2.717997542160986413e+01 3.999666735837364229e+01 1.038545636510387340e+04 2.038548015377015474e+02
2.717997542160986413e+01 3.999666735837364229e+01 1.038545636510387340e+04 2.038548015377015474e+02
2.665867953867478946e+01 4.013178576037599754e+01 9.016641184438083656e+03 2.119681743919846610e+02
2.618053529696043924e+01 4.074713329721527799e+01 9.047350779726059045e+03 2.077051078477486215e+02
2.549796417514212621e+01 4.068761098278879018e+01 8.096698091857721010e+03 2.106183463439282662e+02
2.549796417514212621e+01 4.068761098278879018e+01 8.096698091857721010e+03 2.106183463439282662e+02
2.581837663070539080e+01 4.255160473007904187e+01 6.093778974910592297e+03 2.206097201049949206e+02
2.539425209492875979e+01 4.207395250874760251e+01 6.138664608991001842e+03 2.208192970982416341e+02
2.560557572498363044e+01 4.216034460355059821e+01 6.034482316683159297e+03 2.156055009287954078e+02
2.560557572498363044e+01 4.216034460355059821e+01 6.034482316683159297e+03 2.156055009287954078e+02
2.560557572498363044e+01 4.216034460355059821e+01 6.034482316683159297e+03 2.156055009287954078e+02
2.591123710595406848e+01 4.082339652978900801e+01 5.471406970153509974e+03 2.192661921536746945e+02
2.562622207841251409e+01 4.108284479165656222e+01 5.263685019799090696e+03 2.191203734979270052e+02
2.562622207841251409e+01 4.108284479165656222e+01 5.263685019799090696e+03 2.191203734979270052e+02
2.562622207841251409e+01 4.108284479165656222e+01 5.263685019799090696e+03 2.191203734979270052e+02
2.569605168283610652e+01 4.208393968007400332e+01 4.067041915082506875e+03 2.460093779667473939e+02
2.607959869865413083e+01 4.274914854662759467e+01 3.661855917788016086e+03 2.433996382360243729e+02
2.572418815143361570e+01 4.266690513674302565e+01 3.641284340843045356e+03 2.418798426420165413e+02
2.565130402233873497e+01 4.252314947866253192e+01 3.550721843629245086e+03 2.431957298212341527e+02
2.565130402233873497e+01 4.252314947866253192e+01 3.550721843629245086e+03 2.431957298212341527e+02
2.563857000214773763e+01 4.143281437062757533e+01 2.929438094305833602e+03 2.425693059625320132e+02
2.563857000214773763e+01 4.143281437062757533e+01 2.929438094305833602e+03 2.425693059625320132e+02
2.597814863011521069e+01 4.131835892113350894e+01 2.697780590064731769e+03 2.490429226879840598e+02
2.597814863011521069e+01 4.131835892113350894e+01 2.697780590064731769e+03 2.490429226879840598e+02
2.558792311156379640e+01 4.008828443840488376e+01 2.624001074686452284e+03 2.314825728557373168e+02
2.558792311156379640e+01 4.008828443840488376e+01 2.624001074686452284e+03 2.314825728557373168e+02
2.519944676344271883e+01 3.991062297510016066e+01 2.456361263413693450e+03 2.332729523054419474e+02
2.546842721357137052e+01 3.961852832439505789e+01 1.934515927802368424e+03 2.244812459417900072e+02
2.536096538149829982e+01 4.107845390544644459e+01 1.720241796575995068e+03 2.245221897595572500e+02
2.480226134471782373e+01 4.026566185348434601e+01 1.570479100407474107e+03 2.265329007359296725e+02
2.480226134471782373e+01 4.026566185348434601e+01 1.570479100407474107e+03 2.265329007359296725e+02
2.521109494911893023e+01 4.075526085406722387e+01 1.547044941594793954e+03 2.203122366690462286e+02
2.520157497511155853e+01 3.961997072770030570e+01 1.110651126500851433e+03 2.306622909621317206e+02
2.516844209712385805e+01 4.015098620325402123e+01 1.051421073457766624e+03 2.305771921323117226e+02
2.521835357404449951e+01 4.217940870661976049e+01 9.314499152425331658e+02 2.235360513171498553e+02
2.574562112123650692e+01 4.052978945747336326e+01 6.729515977451451363e+02 2.335190235224265791e+02
2.478778254954768556e+01 4.287565933789862527e+01 6.597480381008379027e+02 2.294137862672755830e+02
2.516829237640427763e+01 4.138204223588668640e+01 3.556238828887555314e+02 2.403199734741103271e+02
2.565952022838608571e+01 4.095719916522829607e+01 3.221015850994610332e+02 2.408805146969380928e+02
2.516307800427969354e+01 4.041267581788224561e+01 1.095125119957570092e+02 2.487982829907345206e+02
2.516307800427969354e+01 4.041267581788224561e+01 1.095125119957570092e+02 2.487982829907345206e+02
2.499988525410035933e+01 3.962653965447049131e+01 1.014551517534194289e+02 2.479337353755342122e+02
2.499988525410035933e+01 3.962653965447049131e+01 1.014551517534194289e+02 2.479337353755342122e+02
2.549034365278615866e+01 3.946578621217410188e+01 9.628271027536621318e+01 2.496361634242364005e+02
2.577974295887333156e+01 3.914204920960477807e+01 7.095030599166753404e+01 2.554695666865860346e+02
2.519792658671006436e+01 3.953925082465197960e+01 6.798955491264783291e+01 2.474841231156019319e+02
2.521509433680250112e+01 3.985279020265414829e+01 6.483221077837227142e+01 2.423814091523868797e+02
2.548553098176682497e+01 3.992274506118657484e+01 6.203750997195137984e+01 2.444024377060293887e+02
2.527894570261712559e+01 3.954668734341185399e+01 6.184031270690032045e+01 2.448477965846004736e+02
2.527894570261712559e+01 3.954668734341185399e+01 6.184031270690032045e+01 2.448477965846004736e+02
2.527894570261712559e+01 3.954668734341185399e+01 6.184031270690032045e+01 2.448477965846004736e+02
2.527894570261712559e+01 3.954668734341185399e+01 6.184031270690032045e+01 2.448477965846004736e+02
2.527894570261712559e+01 3.954668734341185399e+01 6.184031270690032045e+01 2.448477965846004736e+02
2.524125992261433993e+01 3.939654620825842812e+01 5.952848513521388440e+01 2.471364002023739204e+02
2.524125992261433993e+01 3.939654620825842812e+01 5.952848513521388440e+01 2.471364002023739204e+02
2.528279647283146758e+01 3.953120938424580544e+01 5.959876843341498187e+01 2.469976604101937880e+02
2.528279647283146758e+01 3.953120938424580544e+01 5.959876843341498187e+01 2.469976604101937880e+02
2.528279647283146758e+01 3.953120938424580544e+01 5.959876843341498187e+01 2.469976604101937880e+02
2.528279647283146758e+01 3.953120938424580544e+01 5.959876843341498187e+01 2.469976604101937880e+02
2.528279647283146758e+01 3.953120938424580544e+01 5.959876843341498187e+01 2.469976604101937880e+02
2.528279647283146758e+01 3.953120938424580544e+01 5.959876843341498187e+01 2.469976604101937880e+02
2.528279647283146758e+01 3.953120938424580544e+01 5.959876843341498187e+01 2.469976604101937880e+02
2.528279647283146758e+01 3.953120938424580544e+01 5.959876843341498187e+01 2.469976604101937880e+02
2.528279647283146758e+01 3.953120938424580544e+01 5.959876843341498187e+01 2.469976604101937880e+02
2.528279647283146758e+01 3.953120938424580544e+01 5.959876843341498187e+01 2.469976604101937880e+02
2.527010045372514924e+01 3.956160081940242890e+01 5.948689073994003707e+01 2.453525647570306205e+02
2.527010045372514924e+01 3.956160081940242890e+01 5.948689073994003707e+01 2.453525647570306205e+02
2.527010045372514924e+01 3.956160081940242890e+01 5.948689073994003707e+01 2.453525647570306205e+02
2.527010045372514924e+01 3.956160081940242890e+01 5.948689073994003707e+01 2.453525647570306205e+02
2.490036375017106707e+01 3.994048250512409481e+01 6.034999040063409836e+01 2.406521946463415702e+02
2.490036375017106707e+01 3.994048250512409481e+01 6.034999040063409836e+01 2.406521946463415702e+02
2.490036375017106707e+01 3.994048250512409481e+01 6.034999040063409836e+01 2.406521946463415702e+02
2.490036375017106707e+01 3.994048250512409481e+01 6.034999040063409836e+01 2.406521946463415702e+02
2.490036375017106707e+01 3.994048250512409481e+01 6.034999040063409836e+01 2.406521946463415702e+02
2.490036375017106707e+01 3.994048250512409481e+01 6.034999040063409836e+01 2.406521946463415702e+02
2.490036375017106707e+01 3.994048250512409481e+01 6.034999040063409836e+01 2.406521946463415702e+02
2.490036375017106707e+01 3.994048250512409481e+01 6.034999040063409836e+01 2.406521946463415702e+02
2.490036375017106707e+01 3.994048250512409481e+01 6.034999040063409836e+01 2.406521946463415702e+02
2.490036375017106707e+01 3.994048250512409481e+01 6.034999040063409836e+01 2.406521946463415702e+02
2.490036375017106707e+01 3.994048250512409481e+01 6.034999040063409836e+01 2.406521946463415702e+02
2.490036375017106707e+01 3.994048250512409481e+01 6.034999040063409836e+01 2.406521946463415702e+02
2.520143766770392801e+01 3.952956268691215058e+01 6.116252785188255814e+01 2.362750811316569184e+02
2.520143766770392801e+01 3.952956268691215058e+01 6.116252785188255814e+01 2.362750811316569184e+02
2.524339750603106225e+01 3.938851792660234707e+01 5.997805470974731890e+01 2.371934615137652145e+02
2.502484231893891575e+01 3.955230227686706712e+01 5.976461345551189197e+01 2.366621221829811645e+02
2.502484231893891575e+01 3.955230227686706712e+01 5.976461345551189197e+01 2.366621221829811645e+02
2.502484231893891575e+01 3.955230227686706712e+01 5.976461345551189197e+01 2.366621221829811645e+02
2.502484231893891575e+01 3.955230227686706712e+01 5.976461345551189197e+01 2.366621221829811645e+02
2.502484231893891575e+01 3.955230227686706712e+01 5.976461345551189197e+01 2.366621221829811645e+02
2.517406983706350942e+01 3.941180452287196800e+01 5.991232659104781533e+01 2.342507626380755426e+02
2.517315302366348817e+01 3.937910820093800623e+01 5.944508407720687870e+01 2.346639544329158298e+02
2.517315302366348817e+01 3.937910820093800623e+01 5.944508407720687870e+01 2.346639544329158298e+02
2.517315302366348817e+01 3.937910820093800623e+01 5.944508407720687870e+01 2.346639544329158298e+02
2.517315302366348817e+01 3.937910820093800623e+01 5.944508407720687870e+01 2.346639544329158298e+02
2.517315302366348817e+01 3.937910820093800623e+01 5.944508407720687870e+01 2.346639544329158298e+02
2.517315302366348817e+01 3.937910820093800623e+01 5.944508407720687870e+01 2.346639544329158298e+02
2.517315302366348817e+01 3.937910820093800623e+01 5.944508407720687870e+01 2.346639544329158298e+02
2.517315302366348817e+01 3.937910820093800623e+01 5.944508407720687870e+01 2.346639544329158298e+02
2.517315302366348817e+01 3.937910820093800623e+01 5.944508407720687870e+01 2.346639544329158298e+02
2.517315302366348817e+01 3.937910820093800623e+01 5.944508407720687870e+01 2.346639544329158298e+02
2.517315302366348817e+01 3.937910820093800623e+01 5.944508407720687870e+01 2.346639544329158298e+02
2.517315302366348817e+01 3.937910820093800623e+01 5.944508407720687870e+01 2.346639544329158298e+02
2.517315302366348817e+01 3.937910820093800623e+01 5.944508407720687870e+01 2.346639544329158298e+02
2.517315302366348817e+01 3.937910820093800623e+01 5.944508407720687870e+01 2.346639544329158298e+02
2.517315302366348817e+01 3.937910820093800623e+01 5.944508407720687870e+01 2.346639544329158298e+02
2.517315302366348817e+01 3.937910820093800623e+01 5.944508407720687870e+01 2.346639544329158298e+02
2.517315302366348817e+01 3.937910820093800623e+01 5.944508407720687870e+01 2.346639544329158298e+02
2.517315302366348817e+01 3.937910820093800623e+01 5.944508407720687870e+01 2.346639544329158298e+02
2.517315302366348817e+01 3.937910820093800623e+01 5.944508407720687870e+01 2.346639544329158298e+02
2.517315302366348817e+01 3.937910820093800623e+01 5.944508407720687870e+01 2.346639544329158298e+02
2.517315302366348817e+01 3.937910820093800623e+01 5.944508407720687870e+01 2.346639544329158298e+02
2.517315302366348817e+01 3.937910820093800623e+01 5.944508407720687870e+01 2.346639544329158298e+02
2.517315302366348817e+01 3.937910820093800623e+01 5.944508407720687870e+01 2.346639544329158298e+02
2.517315302366348817e+01 3.937910820093800623e+01 5.944508407720687870e+01 2.346639544329158298e+02
2.517315302366348817e+01 3.937910820093800623e+01 5.944508407720687870e+01 2.346639544329158298e+02
2.517315302366348817e+01 3.937910820093800623e+01 5.944508407720687870e+01 2.346639544329158298e+02
2.517315302366348817e+01 3.937910820093800623e+01 5.944508407720687870e+01 2.346639544329158298e+02
2.517315302366348817e+01 3.937910820093800623e+01 5.944508407720687870e+01 2.346639544329158298e+02
2.517315302366348817e+01 3.937910820093800623e+01 5.944508407720687870e+01 2.346639544329158298e+02
2.517315302366348817e+01 3.937910820093800623e+01 5.944508407720687870e+01 2.346639544329158298e+02
2.517315302366348817e+01 3.937910820093800623e+01 5.944508407720687870e+01 2.346639544329158298e+02
2.517315302366348817e+01 3.937910820093800623e+01 5.944508407720687870e+01 2.346639544329158298e+02
2.517315302366348817e+01 3.937910820093800623e+01 5.944508407720687870e+01 2.346639544329158298e+02
2.517315302366348817e+01 3.937910820093800623e+01 5.944508407720687870e+01 2.346639544329158298e+02
2.517315302366348817e+01 3.937910820093800623e+01 5.944508407720687870e+01 2.346639544329158298e+02
2.517315302366348817e+01 3.937910820093800623e+01 5.944508407720687870e+01 2.346639544329158298e+02
2.517315302366348817e+01 3.937910820093800623e+01 5.944508407720687870e+01 2.346639544329158298e+02
2.517315302366348817e+01 3.937910820093800623e+01 5.944508407720687870e+01 2.346639544329158298e+02
2.517315302366348817e+01 3.937910820093800623e+01 5.944508407720687870e+01 2.346639544329158298e+02
2.517315302366348817e+01 3.937910820093800623e+01 5.944508407720687870e+01 2.346639544329158298e+02
2.517315302366348817e+01 3.937910820093800623e+01 5.944508407720687870e+01 2.346639544329158298e+02
2.514133409477788206e+01 3.930496869795254611e+01 5.959884839178775451e+01 2.351399947529848191e+02
2.514133409477788206e+01 3.930496869795254611e+01 5.959884839178775451e+01 2.351399947529848191e+02
2.514133409477788206e+01 3.930496869795254611e+01 5.959884839178775451e+01 2.351399947529848191e+02
2.514133409477788206e+01 3.930496869795254611e+01 5.959884839178775451e+01 2.351399947529848191e+02
2.514133409477788206e+01 3.930496869795254611e+01 5.959884839178775451e+01 2.351399947529848191e+02
2.514133409477788206e+01 3.930496869795254611e+01 5.959884839178775451e+01 2.351399947529848191e+02
2.514133409477788206e+01 3.930496869795254611e+01 5.959884839178775451e+01 2.351399947529848191e+02
2.514133409477788206e+01 3.930496869795254611e+01 5.959884839178775451e+01 2.351399947529848191e+02
2.514133409477788206e+01 3.930496869795254611e+01 5.959884839178775451e+01 2.351399947529848191e+02
2.514133409477788206e+01 3.930496869795254611e+01 5.959884839178775451e+01 2.351399947529848191e+02
2.514133409477788206e+01 3.930496869795254611e+01 5.959884839178775451e+01 2.351399947529848191e+02
2.514133409477788206e+01 3.930496869795254611e+01 5.959884839178775451e+01 2.351399947529848191e+02
2.514133409477788206e+01 3.930496869795254611e+01 5.959884839178775451e+01 2.351399947529848191e+02
2.514133409477788206e+01 3.930496869795254611e+01 5.959884839178775451e+01 2.351399947529848191e+02
2.514133409477788206e+01 3.930496869795254611e+01 5.959884839178775451e+01 2.351399947529848191e+02
2.514133409477788206e+01 3.930496869795254611e+01 5.959884839178775451e+01 2.351399947529848191e+02
2.520953495899829733e+01 3.947931363529799853e+01 5.952815890256371745e+01 2.358572327574026986e+02
2.520953495899829733e+01 3.947931363529799853e+01 5.952815890256371745e+01 2.358572327574026986e+02
2.520953495899829733e+01 3.947931363529799853e+01 5.952815890256371745e+01 2.358572327574026986e+02
2.520953495899829733e+01 3.947931363529799853e+01 5.952815890256371745e+01 2.358572327574026986e+02
2.520953495899829733e+01 3.947931363529799853e+01 5.952815890256371745e+01 2.358572327574026986e+02
2.520953495899829733e+01 3.947931363529799853e+01 5.952815890256371745e+01 2.358572327574026986e+02
2.508339027372783647e+01 3.969055785659958246e+01 5.942684724528400864e+01 2.330785079302734459e+02
2.508339027372783647e+01 3.969055785659958246e+01 5.942684724528400864e+01 2.330785079302734459e+02
2.508339027372783647e+01 3.969055785659958246e+01 5.942684724528400864e+01 2.330785079302734459e+02
2.508339027372783647e+01 3.969055785659958246e+01 5.942684724528400864e+01 2.330785079302734459e+02
2.508339027372783647e+01 3.969055785659958246e+01 5.942684724528400864e+01 2.330785079302734459e+02
2.508339027372783647e+01 3.969055785659958246e+01 5.942684724528400864e+01 2.330785079302734459e+02
2.506904167703362774e+01 3.973199686518879048e+01 5.987484787191410618e+01 2.325928873392926448e+02
2.506904167703362774e+01 3.973199686518879048e+01 5.987484787191410618e+01 2.325928873392926448e+02
2.506904167703362774e+01 3.973199686518879048e+01 5.987484787191410618e+01 2.325928873392926448e+02
2.506904167703362774e+01 3.973199686518879048e+01 5.987484787191410618e+01 2.325928873392926448e+02
2.508321104073775487e+01 3.986275421217901993e+01 5.936971222592453756e+01 2.356300030533618326e+02
2.508321104073775487e+01 3.986275421217901993e+01 5.936971222592453756e+01 2.356300030533618326e+02
2.508321104073775487e+01 3.986275421217901993e+01 5.936971222592453756e+01 2.356300030533618326e+02
2.508321104073775487e+01 3.986275421217901993e+01 5.936971222592453756e+01 2.356300030533618326e+02
2.508321104073775487e+01 3.986275421217901993e+01 5.936971222592453756e+01 2.356300030533618326e+02
2.508321104073775487e+01 3.986275421217901993e+01 5.936971222592453756e+01 2.356300030533618326e+02
2.508321104073775487e+01 3.986275421217901993e+01 5.936971222592453756e+01 2.356300030533618326e+02
2.508321104073775487e+01 3.986275421217901993e+01 5.936971222592453756e+01 2.356300030533618326e+02
2.508321104073775487e+01 3.986275421217901993e+01 5.936971222592453756e+01 2.356300030533618326e+02
2.508321104073775487e+01 3.986275421217901993e+01 5.936971222592453756e+01 2.356300030533618326e+02
2.508321104073775487e+01 3.986275421217901993e+01 5.936971222592453756e+01 2.356300030533618326e+02
2.508321104073775487e+01 3.986275421217901993e+01 5.936971222592453756e+01 2.356300030533618326e+02
2.508321104073775487e+01 3.986275421217901993e+01 5.936971222592453756e+01 2.356300030533618326e+02
2.508321104073775487e+01 3.986275421217901993e+01 5.936971222592453756e+01 2.356300030533618326e+02
2.508321104073775487e+01 3.986275421217901993e+01 5.936971222592453756e+01 2.356300030533618326e+02
2.505944841475402640e+01 3.966673085502414864e+01 5.942314815345062584e+01 2.318855943710434815e+02
2.505944841475402640e+01 3.966673085502414864e+01 5.942314815345062584e+01 2.318855943710434815e+02
2.505944841475402640e+01 3.966673085502414864e+01 5.942314815345062584e+01 2.318855943710434815e+02
2.505944841475402640e+01 3.966673085502414864e+01 5.942314815345062584e+01 2.318855943710434815e+02
