8.219705487069786614e+03 6.137564989862467883e+03 3.320753018453894649e+06 2.482584326959593568e+01
7.039017215102236150e+03 5.231638079962086522e+03 2.893669031847069971e+06 2.482584326959593568e+01
7.039017215102236150e+03 5.231638079962086522e+03 2.893669031847069971e+06 2.482584326959593568e+01
6.171217768852659901e+03 4.593465441951821049e+03 2.638182343515835237e+06 2.482584326959593568e+01
5.120440987407775538e+03 3.803185002584866197e+03 2.337415991485400591e+06 2.482584326959593568e+01
4.953239479156652123e+03 3.685526809740682438e+03 2.283252557655937038e+06 2.482584326959593568e+01
4.953239479156652123e+03 3.685526809740682438e+03 2.283252557655937038e+06 2.482584326959593568e+01
4.862766030505288654e+03 3.623170052491293063e+03 2.276194017524774652e+06 2.482584326959593568e+01
4.511082904668553056e+03 3.366646887631971822e+03 2.006290370998127619e+06 2.482584326959593568e+01
3.125106378210442472e+03 2.455108796838962462e+03 1.550207173181268387e+06 2.482584326959593568e+01
3.125106378210442472e+03 2.455108796838962462e+03 1.550207173181268387e+06 2.482584326959593568e+01
2.904051572372208739e+03 2.326707485068536698e+03 1.353740862116179196e+06 2.482584326959593568e+01
2.904051572372208739e+03 2.326707485068536698e+03 1.353740862116179196e+06 2.482584326959593568e+01
2.846669855542806090e+03 2.290421502460099418e+03 1.328986136067779036e+06 2.482584326959593568e+01
2.727619544454886636e+03 2.217880496589924860e+03 1.273984728599310387e+06 2.482584326959593568e+01
1.920087887389759771e+03 1.634159821228276996e+03 1.183302765058583114e+06 2.547796704619532449e+01
1.920087887389759771e+03 1.634159821228276996e+03 1.183302765058583114e+06 2.547796704619532449e+01
1.920087887389759771e+03 1.634159821228276996e+03 1.183302765058583114e+06 2.547796704619532449e+01
1.852351282010602517e+03 1.578049805742858098e+03 1.139784864427648019e+06 2.508818987155033398e+01
1.379256403243525710e+03 1.267394671936137229e+03 9.642019915065746754e+05 2.694178609172183059e+01
1.379256403243525710e+03 1.267394671936137229e+03 9.642019915065746754e+05 2.694178609172183059e+01
1.192541671494588854e+03 1.002239208901390612e+03 9.425758634087154642e+05 2.729060613637066979e+01
1.044172036566112638e+03 8.555797839471134694e+02 8.801292272030978929e+05 2.767918310903575474e+01
1.044172036566112638e+03 8.555797839471134694e+02 8.801292272030978929e+05 2.767918310903575474e+01
1.044172036566112638e+03 8.555797839471134694e+02 8.801292272030978929e+05 2.767918310903575474e+01
1.044172036566112638e+03 8.555797839471134694e+02 8.801292272030978929e+05 2.767918310903575474e+01
7.506804708179835188e+02 5.639314775562104387e+02 7.574613812488425756e+05 3.493757511142804617e+01
7.444870832052263268e+02 5.744809168140305928e+02 7.700891346934045432e+05 3.166210180006402197e+01
7.463875531960020453e+02 5.531438809392028588e+02 7.706071393632249674e+05 3.162247569893239785e+01
7.463875531960020453e+02 5.531438809392028588e+02 7.706071393632249674e+05 3.162247569893239785e+01
7.463875531960020453e+02 5.531438809392028588e+02 7.706071393632249674e+05 3.162247569893239785e+01
7.463875531960020453e+02 5.531438809392028588e+02 7.706071393632249674e+05 3.162247569893239785e+01
7.463875531960020453e+02 5.531438809392028588e+02 7.706071393632249674e+05 3.162247569893239785e+01
6.496576305350961320e+02 4.594782092440930228e+02 7.198916541081184987e+05 3.339588230598787533e+01
6.496576305350961320e+02 4.594782092440930228e+02 7.198916541081184987e+05 3.339588230598787533e+01
6.496576305350961320e+02 4.594782092440930228e+02 7.198916541081184987e+05 3.339588230598787533e+01
6.228056402923493806e+02 4.229622553948538553e+02 6.978832324685796630e+05 3.512370158869737935e+01
6.228056402923493806e+02 4.229622553948538553e+02 6.978832324685796630e+05 3.512370158869737935e+01
3.705677510861028736e+02 2.399030010819953418e+02 4.725649475705698133e+05 4.303655992316456746e+01
3.442317143061771958e+02 2.069711332282903129e+02 4.512040139016466564e+05 4.421815426098641666e+01
3.442317143061771958e+02 2.069711332282903129e+02 4.512040139016466564e+05 4.421815426098641666e+01
3.226807194618616563e+02 1.942021048918143151e+02 4.465141503261451144e+05 4.522886702409596893e+01
2.271364088916429864e+02 1.295185286567914034e+02 3.698439970608039876e+05 4.958722199645059447e+01
2.271364088916429864e+02 1.295185286567914034e+02 3.698439970608039876e+05 4.958722199645059447e+01
2.271364088916429864e+02 1.295185286567914034e+02 3.698439970608039876e+05 4.958722199645059447e+01
2.043371716286723938e+02 1.083312684405902075e+02 3.493035725575240795e+05 5.102210926632240984e+01
2.043371716286723938e+02 1.083312684405902075e+02 3.493035725575240795e+05 5.102210926632240984e+01
1.829776939762734287e+02 1.086581742312014001e+02 3.331177195765161887e+05 5.222554089287532264e+01
1.829776939762734287e+02 1.086581742312014001e+02 3.331177195765161887e+05 5.222554089287532264e+01
9.187570997867743472e+01 9.604068263494971802e+01 2.346309585252991528e+05 5.248375686224167680e+01
9.187570997867743472e+01 9.604068263494971802e+01 2.346309585252991528e+05 5.248375686224167680e+01
5.307185699578531057e+01 6.292403784517427567e+01 1.756470089264858980e+05 6.879256281700119757e+01
4.648590484032627757e+01 7.552360729470994727e+01 1.591073001887174032e+05 6.911390284144897578e+01
4.308590933796293854e+01 7.136093443757941657e+01 1.437478695566013921e+05 7.846177953144662354e+01
4.535754261971315060e+01 5.884590943945950414e+01 1.528607131562793511e+05 7.184089516951677012e+01
4.535754261971315060e+01 5.884590943945950414e+01 1.528607131562793511e+05 7.184089516951677012e+01
4.535754261971315060e+01 5.884590943945950414e+01 1.528607131562793511e+05 7.184089516951677012e+01
4.535754261971315060e+01 5.884590943945950414e+01 1.528607131562793511e+05 7.184089516951677012e+01
3.293230940778884985e+01 6.546088550912175208e+01 1.165603007174710219e+05 9.819869933794910821e+01
3.293230940778884985e+01 6.546088550912175208e+01 1.165603007174710219e+05 9.819869933794910821e+01
3.293230940778884985e+01 6.546088550912175208e+01 1.165603007174710219e+05 9.819869933794910821e+01
2.840798114503967753e+01 7.327893955369174250e+01 9.586643580483525875e+04 1.149900268004683852e+02
2.648686181189198763e+01 6.564103295533294613e+01 7.439894018620043062e+04 1.599411448989461917e+02
2.648686181189198763e+01 6.564103295533294613e+01 7.439894018620043062e+04 1.599411448989461917e+02
2.648686181189198763e+01 6.564103295533294613e+01 7.439894018620043062e+04 1.599411448989461917e+02
2.648686181189198763e+01 6.564103295533294613e+01 7.439894018620043062e+04 1.599411448989461917e+02
2.648686181189198763e+01 6.564103295533294613e+01 7.439894018620043062e+04 1.599411448989461917e+02
2.623027923008065088e+01 6.846591430262803613e+01 6.265533827163551905e+04 1.707790404611014310e+02
2.607453966461598327e+01 7.316721309827818231e+01 5.517961141317753936e+04 1.648543510523403199e+02
2.638823791385355833e+01 7.562464244335646413e+01 5.586568263759113324e+04 1.549962958058437152e+02
2.638823791385355833e+01 7.562464244335646413e+01 5.586568263759113324e+04 1.549962958058437152e+02
2.630713455230976550e+01 7.176874409222887152e+01 5.232472523955848737e+04 1.592524302896705706e+02
2.630713455230976550e+01 7.176874409222887152e+01 5.232472523955848737e+04 1.592524302896705706e+02
2.618976248375963323e+01 7.127322037880746564e+01 4.736213506272883387e+04 1.712292930190790514e+02
2.635939283696760782e+01 6.763168713951309030e+01 4.081512167462298385e+04 1.946241773439973883e+02
2.841930000222066255e+01 6.288387947109357157e+01 2.865511575766934766e+04 2.306893802124847639e+02
2.841930000222066255e+01 6.288387947109357157e+01 2.865511575766934766e+04 2.306893802124847639e+02
2.915544316916906098e+01 6.323771575846910764e+01 2.544337543601652942e+04 2.395473643640697503e+02
2.900520441970315133e+01 6.272446964218511312e+01 2.627299522149831682e+04 2.344669021938232731e+02
2.900520441970315133e+01 6.272446964218511312e+01 2.627299522149831682e+04 2.344669021938232731e+02
3.307795064554526476e+01 5.962231078760601832e+01 1.746375816657216274e+04 2.846659590795896975e+02
3.220729480976100234e+01 6.138974232117170970e+01 1.576388935995562133e+04 2.900212951296027200e+02
3.386571608556179314e+01 6.112044787002547963e+01 1.441612640964032835e+04 2.803796719145961447e+02
3.386571608556179314e+01 6.112044787002547963e+01 1.441612640964032835e+04 2.803796719145961447e+02
3.386571608556179314e+01 6.112044787002547963e+01 1.441612640964032835e+04 2.803796719145961447e+02
3.386571608556179314e+01 6.112044787002547963e+01 1.441612640964032835e+04 2.803796719145961447e+02
3.386571608556179314e+01 6.112044787002547963e+01 1.441612640964032835e+04 2.803796719145961447e+02
3.634066683208384774e+01 6.142958865550001946e+01 1.064679145968255580e+04 3.057215713818488894e+02
3.870671864252464900e+01 5.991135589370016135e+01 7.346996815115400750e+03 3.092777284378650506e+02
4.422447890680713556e+01 6.186989118743673544e+01 3.995938156144378809e+03 3.253700699094116544e+02
4.889845289558380870e+01 6.143022059809814550e+01 1.721654740936732651e+03 3.310989820222920912e+02
4.369792208436734171e+01 5.353934927595690851e+01 1.425293577451403280e+03 3.391605204645267690e+02
4.369792208436734171e+01 5.353934927595690851e+01 1.425293577451403280e+03 3.391605204645267690e+02
4.485748595305908992e+01 5.765270726099318210e+01 1.115633096100643343e+03 3.406554319291301454e+02
4.485748595305908992e+01 5.765270726099318210e+01 1.115633096100643343e+03 3.406554319291301454e+02
4.936188796237473042e+01 5.806375983140871710e+01 2.748437057004120447e+02 3.461897463236756494e+02
4.936188796237473042e+01 5.806375983140871710e+01 2.748437057004120447e+02 3.461897463236756494e+02
5.489004653162048442e+01 5.371335618736825523e+01 6.372725715498992827e+01 3.544629445043133842e+02
5.489004653162048442e+01 5.371335618736825523e+01 6.372725715498992827e+01 3.544629445043133842e+02
5.489004653162048442e+01 5.371335618736825523e+01 6.372725715498992827e+01 3.544629445043133842e+02
5.489004653162048442e+01 5.371335618736825523e+01 6.372725715498992827e+01 3.544629445043133842e+02
5.489004653162048442e+01 5.371335618736825523e+01 6.372725715498992827e+01 3.544629445043133842e+02
5.489004653162048442e+01 5.371335618736825523e+01 6.372725715498992827e+01 3.544629445043133842e+02
5.489004653162048442e+01 5.371335618736825523e+01 6.372725715498992827e+01 3.544629445043133842e+02
5.634122007125625231e+01 5.423845912814936554e+01 5.884926122514615088e+01 3.579211141367712798e+02
5.634122007125625231e+01 5.423845912814936554e+01 5.884926122514615088e+01 3.579211141367712798e+02
5.634122007125625231e+01 5.423845912814936554e+01 5.884926122514615088e+01 3.579211141367712798e+02
5.634122007125625231e+01 5.423845912814936554e+01 5.884926122514615088e+01 3.579211141367712798e+02
5.634122007125625231e+01 5.423845912814936554e+01 5.884926122514615088e+01 3.579211141367712798e+02
5.634122007125625231e+01 5.423845912814936554e+01 5.884926122514615088e+01 3.579211141367712798e+02
5.634122007125625231e+01 5.423845912814936554e+01 5.884926122514615088e+01 3.579211141367712798e+02
5.634122007125625231e+01 5.423845912814936554e+01 5.884926122514615088e+01 3.579211141367712798e+02
5.634122007125625231e+01 5.423845912814936554e+01 5.884926122514615088e+01 3.579211141367712798e+02
5.634122007125625231e+01 5.423845912814936554e+01 5.884926122514615088e+01 3.579211141367712798e+02
5.634122007125625231e+01 5.423845912814936554e+01 5.884926122514615088e+01 3.579211141367712798e+02
5.634122007125625231e+01 5.423845912814936554e+01 5.884926122514615088e+01 3.579211141367712798e+02
5.634122007125625231e+01 5.423845912814936554e+01 5.884926122514615088e+01 3.579211141367712798e+02
5.634122007125625231e+01 5.423845912814936554e+01 5.884926122514615088e+01 3.579211141367712798e+02
5.634122007125625231e+01 5.423845912814936554e+01 5.884926122514615088e+01 3.579211141367712798e+02
5.634122007125625231e+01 5.423845912814936554e+01 5.884926122514615088e+01 3.579211141367712798e+02
5.634122007125625231e+01 5.423845912814936554e+01 5.884926122514615088e+01 3.579211141367712798e+02
5.634122007125625231e+01 5.423845912814936554e+01 5.884926122514615088e+01 3.579211141367712798e+02
5.634122007125625231e+01 5.423845912814936554e+01 5.884926122514615088e+01 3.579211141367712798e+02
5.634122007125625231e+01 5.423845912814936554e+01 5.884926122514615088e+01 3.579211141367712798e+02
5.634122007125625231e+01 5.423845912814936554e+01 5.884926122514615088e+01 3.579211141367712798e+02
5.634122007125625231e+01 5.423845912814936554e+01 5.884926122514615088e+01 3.579211141367712798e+02
5.634122007125625231e+01 5.423845912814936554e+01 5.884926122514615088e+01 3.579211141367712798e+02
5.634122007125625231e+01 5.423845912814936554e+01 5.884926122514615088e+01 3.579211141367712798e+02
5.634122007125625231e+01 5.423845912814936554e+01 5.884926122514615088e+01 3.579211141367712798e+02
5.634122007125625231e+01 5.423845912814936554e+01 5.884926122514615088e+01 3.579211141367712798e+02
5.634122007125625231e+01 5.423845912814936554e+01 5.884926122514615088e+01 3.579211141367712798e+02
5.634122007125625231e+01 5.423845912814936554e+01 5.884926122514615088e+01 3.579211141367712798e+02
5.634122007125625231e+01 5.423845912814936554e+01 5.884926122514615088e+01 3.579211141367712798e+02
5.634122007125625231e+01 5.423845912814936554e+01 5.884926122514615088e+01 3.579211141367712798e+02
5.634122007125625231e+01 5.423845912814936554e+01 5.884926122514615088e+01 3.579211141367712798e+02
5.634122007125625231e+01 5.423845912814936554e+01 5.884926122514615088e+01 3.579211141367712798e+02
5.634122007125625231e+01 5.423845912814936554e+01 5.884926122514615088e+01 3.579211141367712798e+02
5.634122007125625231e+01 5.423845912814936554e+01 5.884926122514615088e+01 3.579211141367712798e+02
5.634122007125625231e+01 5.423845912814936554e+01 5.884926122514615088e+01 3.579211141367712798e+02
5.634122007125625231e+01 5.423845912814936554e+01 5.884926122514615088e+01 3.579211141367712798e+02
5.634122007125625231e+01 5.423845912814936554e+01 5.884926122514615088e+01 3.579211141367712798e+02
5.634122007125625231e+01 5.423845912814936554e+01 5.884926122514615088e+01 3.579211141367712798e+02
5.634122007125625231e+01 5.423845912814936554e+01 5.884926122514615088e+01 3.579211141367712798e+02
5.634122007125625231e+01 5.423845912814936554e+01 5.884926122514615088e+01 3.579211141367712798e+02
5.649197363038650366e+01 5.354483642674610877e+01 5.815635819335351897e+01 3.589435516981125716e+02
5.649197363038650366e+01 5.354483642674610877e+01 5.815635819335351897e+01 3.589435516981125716e+02
5.649197363038650366e+01 5.354483642674610877e+01 5.815635819335351897e+01 3.589435516981125716e+02
5.649197363038650366e+01 5.354483642674610877e+01 5.815635819335351897e+01 3.589435516981125716e+02
5.649197363038650366e+01 5.354483642674610877e+01 5.815635819335351897e+01 3.589435516981125716e+02
5.649197363038650366e+01 5.354483642674610877e+01 5.815635819335351897e+01 3.589435516981125716e+02
5.649197363038650366e+01 5.354483642674610877e+01 5.815635819335351897e+01 3.589435516981125716e+02
5.649197363038650366e+01 5.354483642674610877e+01 5.815635819335351897e+01 3.589435516981125716e+02
5.649197363038650366e+01 5.354483642674610877e+01 5.815635819335351897e+01 3.589435516981125716e+02
5.649197363038650366e+01 5.354483642674610877e+01 5.815635819335351897e+01 3.589435516981125716e+02
5.649197363038650366e+01 5.354483642674610877e+01 5.815635819335351897e+01 3.589435516981125716e+02
5.649197363038650366e+01 5.354483642674610877e+01 5.815635819335351897e+01 3.589435516981125716e+02
5.649197363038650366e+01 5.354483642674610877e+01 5.815635819335351897e+01 3.589435516981125716e+02
5.625094930512246094e+01 5.368576308510674977e+01 5.762267679192934366e+01 3.568817561267887868e+02
5.625094930512246094e+01 5.368576308510674977e+01 5.762267679192934366e+01 3.568817561267887868e+02
5.625094930512246094e+01 5.368576308510674977e+01 5.762267679192934366e+01 3.568817561267887868e+02
5.778570492047907692e+01 5.190194565294689255e+01 5.664588717430864051e+01 3.636766485194125380e+02
5.778570492047907692e+01 5.190194565294689255e+01 5.664588717430864051e+01 3.636766485194125380e+02
5.778570492047907692e+01 5.190194565294689255e+01 5.664588717430864051e+01 3.636766485194125380e+02
5.678309478278816158e+01 5.226925282109232285e+01 5.597075682424113552e+01 3.618571764912016420e+02
5.678309478278816158e+01 5.226925282109232285e+01 5.597075682424113552e+01 3.618571764912016420e+02
5.678309478278816158e+01 5.226925282109232285e+01 5.597075682424113552e+01 3.618571764912016420e+02
5.678309478278816158e+01 5.226925282109232285e+01 5.597075682424113552e+01 3.618571764912016420e+02
5.678309478278816158e+01 5.226925282109232285e+01 5.597075682424113552e+01 3.618571764912016420e+02
5.678309478278816158e+01 5.226925282109232285e+01 5.597075682424113552e+01 3.618571764912016420e+02
5.678309478278816158e+01 5.226925282109232285e+01 5.597075682424113552e+01 3.618571764912016420e+02
5.678309478278816158e+01 5.226925282109232285e+01 5.597075682424113552e+01 3.618571764912016420e+02
5.678309478278816158e+01 5.226925282109232285e+01 5.597075682424113552e+01 3.618571764912016420e+02
5.678309478278816158e+01 5.226925282109232285e+01 5.597075682424113552e+01 3.618571764912016420e+02
5.678309478278816158e+01 5.226925282109232285e+01 5.597075682424113552e+01 3.618571764912016420e+02
5.678309478278816158e+01 5.226925282109232285e+01 5.597075682424113552e+01 3.618571764912016420e+02
5.678309478278816158e+01 5.226925282109232285e+01 5.597075682424113552e+01 3.618571764912016420e+02
5.678309478278816158e+01 5.226925282109232285e+01 5.597075682424113552e+01 3.618571764912016420e+02
5.678309478278816158e+01 5.226925282109232285e+01 5.597075682424113552e+01 3.618571764912016420e+02
5.678309478278816158e+01 5.226925282109232285e+01 5.597075682424113552e+01 3.618571764912016420e+02
5.678309478278816158e+01 5.226925282109232285e+01 5.597075682424113552e+01 3.618571764912016420e+02
5.678309478278816158e+01 5.226925282109232285e+01 5.597075682424113552e+01 3.618571764912016420e+02
5.678309478278816158e+01 5.226925282109232285e+01 5.597075682424113552e+01 3.618571764912016420e+02
5.678309478278816158e+01 5.226925282109232285e+01 5.597075682424113552e+01 3.618571764912016420e+02
5.678309478278816158e+01 5.226925282109232285e+01 5.597075682424113552e+01 3.618571764912016420e+02
5.678309478278816158e+01 5.226925282109232285e+01 5.597075682424113552e+01 3.618571764912016420e+02
5.678309478278816158e+01 5.226925282109232285e+01 5.597075682424113552e+01 3.618571764912016420e+02
5.678309478278816158e+01 5.226925282109232285e+01 5.597075682424113552e+01 3.618571764912016420e+02
5.678309478278816158e+01 5.226925282109232285e+01 5.597075682424113552e+01 3.618571764912016420e+02
5.678309478278816158e+01 5.226925282109232285e+01 5.597075682424113552e+01 3.618571764912016420e+02
5.678309478278816158e+01 5.226925282109232285e+01 5.597075682424113552e+01 3.618571764912016420e+02
5.678309478278816158e+01 5.226925282109232285e+01 5.597075682424113552e+01 3.618571764912016420e+02
5.678309478278816158e+01 5.226925282109232285e+01 5.597075682424113552e+01 3.618571764912016420e+02
5.678309478278816158e+01 5.226925282109232285e+01 5.597075682424113552e+01 3.618571764912016420e+02
5.678309478278816158e+01 5.226925282109232285e+01 5.597075682424113552e+01 3.618571764912016420e+02
5.678309478278816158e+01 5.226925282109232285e+01 5.597075682424113552e+01 3.618571764912016420e+02
5.678309478278816158e+01 5.226925282109232285e+01 5.597075682424113552e+01 3.618571764912016420e+02
5.678309478278816158e+01 5.226925282109232285e+01 5.597075682424113552e+01 3.618571764912016420e+02
5.678309478278816158e+01 5.226925282109232285e+01 5.597075682424113552e+01 3.618571764912016420e+02
5.678309478278816158e+01 5.226925282109232285e+01 5.597075682424113552e+01 3.618571764912016420e+02
5.678309478278816158e+01 5.226925282109232285e+01 5.597075682424113552e+01 3.618571764912016420e+02
5.678309478278816158e+01 5.226925282109232285e+01 5.597075682424113552e+01 3.618571764912016420e+02
5.678309478278816158e+01 5.226925282109232285e+01 5.597075682424113552e+01 3.618571764912016420e+02
5.678309478278816158e+01 5.226925282109232285e+01 5.597075682424113552e+01 3.618571764912016420e+02
5.678309478278816158e+01 5.226925282109232285e+01 5.597075682424113552e+01 3.618571764912016420e+02
5.678309478278816158e+01 5.226925282109232285e+01 5.597075682424113552e+01 3.618571764912016420e+02
5.678309478278816158e+01 5.226925282109232285e+01 5.597075682424113552e+01 3.618571764912016420e+02
5.678309478278816158e+01 5.226925282109232285e+01 5.597075682424113552e+01 3.618571764912016420e+02
5.678309478278816158e+01 5.226925282109232285e+01 5.597075682424113552e+01 3.618571764912016420e+02
5.678309478278816158e+01 5.226925282109232285e+01 5.597075682424113552e+01 3.618571764912016420e+02
5.678309478278816158e+01 5.226925282109232285e+01 5.597075682424113552e+01 3.618571764912016420e+02
5.678309478278816158e+01 5.226925282109232285e+01 5.597075682424113552e+01 3.618571764912016420e+02
5.678309478278816158e+01 5.226925282109232285e+01 5.597075682424113552e+01 3.618571764912016420e+02
5.641991113242450240e+01 5.222747390533334766e+01 5.665782607150309502e+01 3.586313004242325633e+02
5.641991113242450240e+01 5.222747390533334766e+01 5.665782607150309502e+01 3.586313004242325633e+02
5.641991113242450240e+01 5.222747390533334766e+01 5.665782607150309502e+01 3.586313004242325633e+02
5.641991113242450240e+01 5.222747390533334766e+01 5.665782607150309502e+01 3.586313004242325633e+02
5.641991113242450240e+01 5.222747390533334766e+01 5.665782607150309502e+01 3.586313004242325633e+02
5.641991113242450240e+01 5.222747390533334766e+01 5.665782607150309502e+01 3.586313004242325633e+02
5.641991113242450240e+01 5.222747390533334766e+01 5.665782607150309502e+01 3.586313004242325633e+02
5.641991113242450240e+01 5.222747390533334766e+01 5.665782607150309502e+01 3.586313004242325633e+02
5.641991113242450240e+01 5.222747390533334766e+01 5.665782607150309502e+01 3.586313004242325633e+02
5.641991113242450240e+01 5.222747390533334766e+01 5.665782607150309502e+01 3.586313004242325633e+02
5.641991113242450240e+01 5.222747390533334766e+01 5.665782607150309502e+01 3.586313004242325633e+02
5.641991113242450240e+01 5.222747390533334766e+01 5.665782607150309502e+01 3.586313004242325633e+02
5.641991113242450240e+01 5.222747390533334766e+01 5.665782607150309502e+01 3.586313004242325633e+02
5.641991113242450240e+01 5.222747390533334766e+01 5.665782607150309502e+01 3.586313004242325633e+02
5.641991113242450240e+01 5.222747390533334766e+01 5.665782607150309502e+01 3.586313004242325633e+02
5.641991113242450240e+01 5.222747390533334766e+01 5.665782607150309502e+01 3.586313004242325633e+02
5.641991113242450240e+01 5.222747390533334766e+01 5.665782607150309502e+01 3.586313004242325633e+02
5.641991113242450240e+01 5.222747390533334766e+01 5.665782607150309502e+01 3.586313004242325633e+02
5.641991113242450240e+01 5.222747390533334766e+01 5.665782607150309502e+01 3.586313004242325633e+02
5.641991113242450240e+01 5.222747390533334766e+01 5.665782607150309502e+01 3.586313004242325633e+02
5.641991113242450240e+01 5.222747390533334766e+01 5.665782607150309502e+01 3.586313004242325633e+02
5.641991113242450240e+01 5.222747390533334766e+01 5.665782607150309502e+01 3.586313004242325633e+02
5.641991113242450240e+01 5.222747390533334766e+01 5.665782607150309502e+01 3.586313004242325633e+02
5.641991113242450240e+01 5.222747390533334766e+01 5.665782607150309502e+01 3.586313004242325633e+02
5.641991113242450240e+01 5.222747390533334766e+01 5.665782607150309502e+01 3.586313004242325633e+02
5.641991113242450240e+01 5.222747390533334766e+01 5.665782607150309502e+01 3.586313004242325633e+02
5.641991113242450240e+01 5.222747390533334766e+01 5.665782607150309502e+01 3.586313004242325633e+02
5.641991113242450240e+01 5.222747390533334766e+01 5.665782607150309502e+01 3.586313004242325633e+02
5.641991113242450240e+01 5.222747390533334766e+01 5.665782607150309502e+01 3.586313004242325633e+02
5.641991113242450240e+01 5.222747390533334766e+01 5.665782607150309502e+01 3.586313004242325633e+02
5.641991113242450240e+01 5.222747390533334766e+01 5.665782607150309502e+01 3.586313004242325633e+02
5.641991113242450240e+01 5.222747390533334766e+01 5.665782607150309502e+01 3.586313004242325633e+02
5.641991113242450240e+01 5.222747390533334766e+01 5.665782607150309502e+01 3.586313004242325633e+02
5.641991113242450240e+01 5.222747390533334766e+01 5.665782607150309502e+01 3.586313004242325633e+02
5.641991113242450240e+01 5.222747390533334766e+01 5.665782607150309502e+01 3.586313004242325633e+02
5.641991113242450240e+01 5.222747390533334766e+01 5.665782607150309502e+01 3.586313004242325633e+02
5.641991113242450240e+01 5.222747390533334766e+01 5.665782607150309502e+01 3.586313004242325633e+02
5.641991113242450240e+01 5.222747390533334766e+01 5.665782607150309502e+01 3.586313004242325633e+02
5.641991113242450240e+01 5.222747390533334766e+01 5.665782607150309502e+01 3.586313004242325633e+02
5.641991113242450240e+01 5.222747390533334766e+01 5.665782607150309502e+01 3.586313004242325633e+02
5.641991113242450240e+01 5.222747390533334766e+01 5.665782607150309502e+01 3.586313004242325633e+02
5.641991113242450240e+01 5.222747390533334766e+01 5.665782607150309502e+01 3.586313004242325633e+02
5.641991113242450240e+01 5.222747390533334766e+01 5.665782607150309502e+01 3.586313004242325633e+02
5.641991113242450240e+01 5.222747390533334766e+01 5.665782607150309502e+01 3.586313004242325633e+02
5.641991113242450240e+01 5.222747390533334766e+01 5.665782607150309502e+01 3.586313004242325633e+02
5.641991113242450240e+01 5.222747390533334766e+01 5.665782607150309502e+01 3.586313004242325633e+02
5.641991113242450240e+01 5.222747390533334766e+01 5.665782607150309502e+01 3.586313004242325633e+02
5.641991113242450240e+01 5.222747390533334766e+01 5.665782607150309502e+01 3.586313004242325633e+02
5.641991113242450240e+01 5.222747390533334766e+01 5.665782607150309502e+01 3.586313004242325633e+02
5.641991113242450240e+01 5.222747390533334766e+01 5.665782607150309502e+01 3.586313004242325633e+02
5.641991113242450240e+01 5.222747390533334766e+01 5.665782607150309502e+01 3.586313004242325633e+02
5.641991113242450240e+01 5.222747390533334766e+01 5.665782607150309502e+01 3.586313004242325633e+02
5.641991113242450240e+01 5.222747390533334766e+01 5.665782607150309502e+01 3.586313004242325633e+02
5.641991113242450240e+01 5.222747390533334766e+01 5.665782607150309502e+01 3.586313004242325633e+02
5.641991113242450240e+01 5.222747390533334766e+01 5.665782607150309502e+01 3.586313004242325633e+02
5.641991113242450240e+01 5.222747390533334766e+01 5.665782607150309502e+01 3.586313004242325633e+02
5.641991113242450240e+01 5.222747390533334766e+01 5.665782607150309502e+01 3.586313004242325633e+02
5.641991113242450240e+01 5.222747390533334766e+01 5.665782607150309502e+01 3.586313004242325633e+02
5.641991113242450240e+01 5.222747390533334766e+01 5.665782607150309502e+01 3.586313004242325633e+02
5.641991113242450240e+01 5.222747390533334766e+01 5.665782607150309502e+01 3.586313004242325633e+02
5.641991113242450240e+01 5.222747390533334766e+01 5.665782607150309502e+01 3.586313004242325633e+02
5.641991113242450240e+01 5.222747390533334766e+01 5.665782607150309502e+01 3.586313004242325633e+02
5.641991113242450240e+01 5.222747390533334766e+01 5.665782607150309502e+01 3.586313004242325633e+02
5.641991113242450240e+01 5.222747390533334766e+01 5.665782607150309502e+01 3.586313004242325633e+02
5.641991113242450240e+01 5.222747390533334766e+01 5.665782607150309502e+01 3.586313004242325633e+02
5.641991113242450240e+01 5.222747390533334766e+01 5.665782607150309502e+01 3.586313004242325633e+02
5.641991113242450240e+01 5.222747390533334766e+01 5.665782607150309502e+01 3.586313004242325633e+02
5.641991113242450240e+01 5.222747390533334766e+01 5.665782607150309502e+01 3.586313004242325633e+02
5.641991113242450240e+01 5.222747390533334766e+01 5.665782607150309502e+01 3.586313004242325633e+02
5.641991113242450240e+01 5.222747390533334766e+01 5.665782607150309502e+01 3.586313004242325633e+02
5.641991113242450240e+01 5.222747390533334766e+01 5.665782607150309502e+01 3.586313004242325633e+02
5.641991113242450240e+01 5.222747390533334766e+01 5.665782607150309502e+01 3.586313004242325633e+02
5.641991113242450240e+01 5.222747390533334766e+01 5.665782607150309502e+01 3.586313004242325633e+02
5.641991113242450240e+01 5.222747390533334766e+01 5.665782607150309502e+01 3.586313004242325633e+02
5.641991113242450240e+01 5.222747390533334766e+01 5.665782607150309502e+01 3.586313004242325633e+02
5.641991113242450240e+01 5.222747390533334766e+01 5.665782607150309502e+01 3.586313004242325633e+02
5.641991113242450240e+01 5.222747390533334766e+01 5.665782607150309502e+01 3.586313004242325633e+02
5.641991113242450240e+01 5.222747390533334766e+01 5.665782607150309502e+01 3.586313004242325633e+02
5.641991113242450240e+01 5.222747390533334766e+01 5.665782607150309502e+01 3.586313004242325633e+02
5.641991113242450240e+01 5.222747390533334766e+01 5.665782607150309502e+01 3.586313004242325633e+02
5.641991113242450240e+01 5.222747390533334766e+01 5.665782607150309502e+01 3.586313004242325633e+02
5.641991113242450240e+01 5.222747390533334766e+01 5.665782607150309502e+01 3.586313004242325633e+02
5.641991113242450240e+01 5.222747390533334766e+01 5.665782607150309502e+01 3.586313004242325633e+02
5.641991113242450240e+01 5.222747390533334766e+01 5.665782607150309502e+01 3.586313004242325633e+02
5.641991113242450240e+01 5.222747390533334766e+01 5.665782607150309502e+01 3.586313004242325633e+02
5.641991113242450240e+01 5.222747390533334766e+01 5.665782607150309502e+01 3.586313004242325633e+02
5.641991113242450240e+01 5.222747390533334766e+01 5.665782607150309502e+01 3.586313004242325633e+02
5.641991113242450240e+01 5.222747390533334766e+01 5.665782607150309502e+01 3.586313004242325633e+02
5.641991113242450240e+01 5.222747390533334766e+01 5.665782607150309502e+01 3.586313004242325633e+02
5.641991113242450240e+01 5.222747390533334766e+01 5.665782607150309502e+01 3.586313004242325633e+02
5.641991113242450240e+01 5.222747390533334766e+01 5.665782607150309502e+01 3.586313004242325633e+02
5.641991113242450240e+01 5.222747390533334766e+01 5.665782607150309502e+01 3.586313004242325633e+02
5.641991113242450240e+01 5.222747390533334766e+01 5.665782607150309502e+01 3.586313004242325633e+02
5.641991113242450240e+01 5.222747390533334766e+01 5.665782607150309502e+01 3.586313004242325633e+02
5.641991113242450240e+01 5.222747390533334766e+01 5.665782607150309502e+01 3.586313004242325633e+02
5.675823392396827671e+01 5.185445323209883384e+01 5.669482296653883679e+01 3.609528995900309383e+02
5.675823392396827671e+01 5.185445323209883384e+01 5.669482296653883679e+01 3.609528995900309383e+02
5.675823392396827671e+01 5.185445323209883384e+01 5.669482296653883679e+01 3.609528995900309383e+02
5.675823392396827671e+01 5.185445323209883384e+01 5.669482296653883679e+01 3.609528995900309383e+02
5.785840940762967222e+01 5.048883163347454683e+01 5.709057826658793289e+01 3.582294047326477653e+02
5.794033472787757688e+01 5.110407697757756296e+01 5.581666873560678965e+01 3.594283823763065016e+02
5.794033472787757688e+01 5.110407697757756296e+01 5.581666873560678965e+01 3.594283823763065016e+02
5.794033472787757688e+01 5.110407697757756296e+01 5.581666873560678965e+01 3.594283823763065016e+02
5.794033472787757688e+01 5.110407697757756296e+01 5.581666873560678965e+01 3.594283823763065016e+02
5.794033472787757688e+01 5.110407697757756296e+01 5.581666873560678965e+01 3.594283823763065016e+02
5.794033472787757688e+01 5.110407697757756296e+01 5.581666873560678965e+01 3.594283823763065016e+02
5.794033472787757688e+01 5.110407697757756296e+01 5.581666873560678965e+01 3.594283823763065016e+02
5.794033472787757688e+01 5.110407697757756296e+01 5.581666873560678965e+01 3.594283823763065016e+02
5.794033472787757688e+01 5.110407697757756296e+01 5.581666873560678965e+01 3.594283823763065016e+02
5.794033472787757688e+01 5.110407697757756296e+01 5.581666873560678965e+01 3.594283823763065016e+02
5.794033472787757688e+01 5.110407697757756296e+01 5.581666873560678965e+01 3.594283823763065016e+02
5.784957800988452448e+01 5.079578508911851031e+01 5.579841208819135545e+01 3.584701271927284552e+02
5.784957800988452448e+01 5.079578508911851031e+01 5.579841208819135545e+01 3.584701271927284552e+02
5.784957800988452448e+01 5.079578508911851031e+01 5.579841208819135545e+01 3.584701271927284552e+02
5.784957800988452448e+01 5.079578508911851031e+01 5.579841208819135545e+01 3.584701271927284552e+02
5.784957800988452448e+01 5.079578508911851031e+01 5.579841208819135545e+01 3.584701271927284552e+02
5.784957800988452448e+01 5.079578508911851031e+01 5.579841208819135545e+01 3.584701271927284552e+02
5.784957800988452448e+01 5.079578508911851031e+01 5.579841208819135545e+01 3.584701271927284552e+02
5.784957800988452448e+01 5.079578508911851031e+01 5.579841208819135545e+01 3.584701271927284552e+02
5.784957800988452448e+01 5.079578508911851031e+01 5.579841208819135545e+01 3.584701271927284552e+02
5.784957800988452448e+01 5.079578508911851031e+01 5.579841208819135545e+01 3.584701271927284552e+02
5.784957800988452448e+01 5.079578508911851031e+01 5.579841208819135545e+01 3.584701271927284552e+02
5.784957800988452448e+01 5.079578508911851031e+01 5.579841208819135545e+01 3.584701271927284552e+02
5.784957800988452448e+01 5.079578508911851031e+01 5.579841208819135545e+01 3.584701271927284552e+02
5.784957800988452448e+01 5.079578508911851031e+01 5.579841208819135545e+01 3.584701271927284552e+02
5.784957800988452448e+01 5.079578508911851031e+01 5.579841208819135545e+01 3.584701271927284552e+02
5.784957800988452448e+01 5.079578508911851031e+01 5.579841208819135545e+01 3.584701271927284552e+02
5.784957800988452448e+01 5.079578508911851031e+01 5.579841208819135545e+01 3.584701271927284552e+02
5.792322492706414749e+01 5.054036522363391981e+01 5.582002626617340013e+01 3.575633468687548771e+02
5.792322492706414749e+01 5.054036522363391981e+01 5.582002626617340013e+01 3.575633468687548771e+02
5.792322492706414749e+01 5.054036522363391981e+01 5.582002626617340013e+01 3.575633468687548771e+02
5.792322492706414749e+01 5.054036522363391981e+01 5.582002626617340013e+01 3.575633468687548771e+02
5.792322492706414749e+01 5.054036522363391981e+01 5.582002626617340013e+01 3.575633468687548771e+02
5.792322492706414749e+01 5.054036522363391981e+01 5.582002626617340013e+01 3.575633468687548771e+02
5.792322492706414749e+01 5.054036522363391981e+01 5.582002626617340013e+01 3.575633468687548771e+02
5.792322492706414749e+01 5.054036522363391981e+01 5.582002626617340013e+01 3.575633468687548771e+02
5.792322492706414749e+01 5.054036522363391981e+01 5.582002626617340013e+01 3.575633468687548771e+02
5.792322492706414749e+01 5.054036522363391981e+01 5.582002626617340013e+01 3.575633468687548771e+02
5.792322492706414749e+01 5.054036522363391981e+01 5.582002626617340013e+01 3.575633468687548771e+02
5.792322492706414749e+01 5.054036522363391981e+01 5.582002626617340013e+01 3.575633468687548771e+02
5.792322492706414749e+01 5.054036522363391981e+01 5.582002626617340013e+01 3.575633468687548771e+02
5.792322492706414749e+01 5.054036522363391981e+01 5.582002626617340013e+01 3.575633468687548771e+02
5.792322492706414749e+01 5.054036522363391981e+01 5.582002626617340013e+01 3.575633468687548771e+02
5.792322492706414749e+01 5.054036522363391981e+01 5.582002626617340013e+01 3.575633468687548771e+02
5.792322492706414749e+01 5.054036522363391981e+01 5.582002626617340013e+01 3.575633468687548771e+02
5.792322492706414749e+01 5.054036522363391981e+01 5.582002626617340013e+01 3.575633468687548771e+02
5.792322492706414749e+01 5.054036522363391981e+01 5.582002626617340013e+01 3.575633468687548771e+02
5.792322492706414749e+01 5.054036522363391981e+01 5.582002626617340013e+01 3.575633468687548771e+02
5.792322492706414749e+01 5.054036522363391981e+01 5.582002626617340013e+01 3.575633468687548771e+02
5.792322492706414749e+01 5.054036522363391981e+01 5.582002626617340013e+01 3.575633468687548771e+02
5.792322492706414749e+01 5.054036522363391981e+01 5.582002626617340013e+01 3.575633468687548771e+02
5.792322492706414749e+01 5.054036522363391981e+01 5.582002626617340013e+01 3.575633468687548771e+02
5.792322492706414749e+01 5.054036522363391981e+01 5.582002626617340013e+01 3.575633468687548771e+02
5.792322492706414749e+01 5.054036522363391981e+01 5.582002626617340013e+01 3.575633468687548771e+02
5.792322492706414749e+01 5.054036522363391981e+01 5.582002626617340013e+01 3.575633468687548771e+02
5.792322492706414749e+01 5.054036522363391981e+01 5.582002626617340013e+01 3.575633468687548771e+02
5.792322492706414749e+01 5.054036522363391981e+01 5.582002626617340013e+01 3.575633468687548771e+02
5.792322492706414749e+01 5.054036522363391981e+01 5.582002626617340013e+01 3.575633468687548771e+02
5.792322492706414749e+01 5.054036522363391981e+01 5.582002626617340013e+01 3.575633468687548771e+02
5.792322492706414749e+01 5.054036522363391981e+01 5.582002626617340013e+01 3.575633468687548771e+02
5.792322492706414749e+01 5.054036522363391981e+01 5.582002626617340013e+01 3.575633468687548771e+02
5.792322492706414749e+01 5.054036522363391981e+01 5.582002626617340013e+01 3.575633468687548771e+02
5.792322492706414749e+01 5.054036522363391981e+01 5.582002626617340013e+01 3.575633468687548771e+02
5.792322492706414749e+01 5.054036522363391981e+01 5.582002626617340013e+01 3.575633468687548771e+02
5.792322492706414749e+01 5.054036522363391981e+01 5.582002626617340013e+01 3.575633468687548771e+02
5.792322492706414749e+01 5.054036522363391981e+01 5.582002626617340013e+01 3.575633468687548771e+02
5.792322492706414749e+01 5.054036522363391981e+01 5.582002626617340013e+01 3.575633468687548771e+02
5.792322492706414749e+01 5.054036522363391981e+01 5.582002626617340013e+01 3.575633468687548771e+02
5.792322492706414749e+01 5.054036522363391981e+01 5.582002626617340013e+01 3.575633468687548771e+02
5.792322492706414749e+01 5.054036522363391981e+01 5.582002626617340013e+01 3.575633468687548771e+02
5.792322492706414749e+01 5.054036522363391981e+01 5.582002626617340013e+01 3.575633468687548771e+02
5.792322492706414749e+01 5.054036522363391981e+01 5.582002626617340013e+01 3.575633468687548771e+02
5.792322492706414749e+01 5.054036522363391981e+01 5.582002626617340013e+01 3.575633468687548771e+02
5.792322492706414749e+01 5.054036522363391981e+01 5.582002626617340013e+01 3.575633468687548771e+02
5.792322492706414749e+01 5.054036522363391981e+01 5.582002626617340013e+01 3.575633468687548771e+02
5.792322492706414749e+01 5.054036522363391981e+01 5.582002626617340013e+01 3.575633468687548771e+02
5.792322492706414749e+01 5.054036522363391981e+01 5.582002626617340013e+01 3.575633468687548771e+02
5.792322492706414749e+01 5.054036522363391981e+01 5.582002626617340013e+01 3.575633468687548771e+02
5.792322492706414749e+01 5.054036522363391981e+01 5.582002626617340013e+01 3.575633468687548771e+02
5.792322492706414749e+01 5.054036522363391981e+01 5.582002626617340013e+01 3.575633468687548771e+02
5.792322492706414749e+01 5.054036522363391981e+01 5.582002626617340013e+01 3.575633468687548771e+02
5.792322492706414749e+01 5.054036522363391981e+01 5.582002626617340013e+01 3.575633468687548771e+02
5.792322492706414749e+01 5.054036522363391981e+01 5.582002626617340013e+01 3.575633468687548771e+02
5.792322492706414749e+01 5.054036522363391981e+01 5.582002626617340013e+01 3.575633468687548771e+02
5.792322492706414749e+01 5.054036522363391981e+01 5.582002626617340013e+01 3.575633468687548771e+02
5.792322492706414749e+01 5.054036522363391981e+01 5.582002626617340013e+01 3.575633468687548771e+02
5.792322492706414749e+01 5.054036522363391981e+01 5.582002626617340013e+01 3.575633468687548771e+02
5.792322492706414749e+01 5.054036522363391981e+01 5.582002626617340013e+01 3.575633468687548771e+02
5.792322492706414749e+01 5.054036522363391981e+01 5.582002626617340013e+01 3.575633468687548771e+02
5.792322492706414749e+01 5.054036522363391981e+01 5.582002626617340013e+01 3.575633468687548771e+02
5.792322492706414749e+01 5.054036522363391981e+01 5.582002626617340013e+01 3.575633468687548771e+02
5.792322492706414749e+01 5.054036522363391981e+01 5.582002626617340013e+01 3.575633468687548771e+02
5.792322492706414749e+01 5.054036522363391981e+01 5.582002626617340013e+01 3.575633468687548771e+02
5.792322492706414749e+01 5.054036522363391981e+01 5.582002626617340013e+01 3.575633468687548771e+02
5.792322492706414749e+01 5.054036522363391981e+01 5.582002626617340013e+01 3.575633468687548771e+02
5.792322492706414749e+01 5.054036522363391981e+01 5.582002626617340013e+01 3.575633468687548771e+02
5.799666104326713878e+01 5.051663839198313610e+01 5.590926651246022772e+01 3.574932123939737494e+02
5.799666104326713878e+01 5.051663839198313610e+01 5.590926651246022772e+01 3.574932123939737494e+02
5.799666104326713878e+01 5.051663839198313610e+01 5.590926651246022772e+01 3.574932123939737494e+02
5.799666104326713878e+01 5.051663839198313610e+01 5.590926651246022772e+01 3.574932123939737494e+02
5.799666104326713878e+01 5.051663839198313610e+01 5.590926651246022772e+01 3.574932123939737494e+02
5.799666104326713878e+01 5.051663839198313610e+01 5.590926651246022772e+01 3.574932123939737494e+02
5.799666104326713878e+01 5.051663839198313610e+01 5.590926651246022772e+01 3.574932123939737494e+02
5.799666104326713878e+01 5.051663839198313610e+01 5.590926651246022772e+01 3.574932123939737494e+02
5.799666104326713878e+01 5.051663839198313610e+01 5.590926651246022772e+01 3.574932123939737494e+02
5.799666104326713878e+01 5.051663839198313610e+01 5.590926651246022772e+01 3.574932123939737494e+02
5.799666104326713878e+01 5.051663839198313610e+01 5.590926651246022772e+01 3.574932123939737494e+02
5.799666104326713878e+01 5.051663839198313610e+01 5.590926651246022772e+01 3.574932123939737494e+02
5.799666104326713878e+01 5.051663839198313610e+01 5.590926651246022772e+01 3.574932123939737494e+02
5.799666104326713878e+01 5.051663839198313610e+01 5.590926651246022772e+01 3.574932123939737494e+02
5.799666104326713878e+01 5.051663839198313610e+01 5.590926651246022772e+01 3.574932123939737494e+02
5.799666104326713878e+01 5.051663839198313610e+01 5.590926651246022772e+01 3.574932123939737494e+02
5.799666104326713878e+01 5.051663839198313610e+01 5.590926651246022772e+01 3.574932123939737494e+02
5.799666104326713878e+01 5.051663839198313610e+01 5.590926651246022772e+01 3.574932123939737494e+02
5.799666104326713878e+01 5.051663839198313610e+01 5.590926651246022772e+01 3.574932123939737494e+02
5.799666104326713878e+01 5.051663839198313610e+01 5.590926651246022772e+01 3.574932123939737494e+02
5.798863329462710681e+01 5.036644574525392670e+01 5.585022260568254637e+01 3.591522074993196725e+02
5.798863329462710681e+01 5.036644574525392670e+01 5.585022260568254637e+01 3.591522074993196725e+02
5.798863329462710681e+01 5.036644574525392670e+01 5.585022260568254637e+01 3.591522074993196725e+02
5.798863329462710681e+01 5.036644574525392670e+01 5.585022260568254637e+01 3.591522074993196725e+02
5.798863329462710681e+01 5.036644574525392670e+01 5.585022260568254637e+01 3.591522074993196725e+02
5.798863329462710681e+01 5.036644574525392670e+01 5.585022260568254637e+01 3.591522074993196725e+02
5.798863329462710681e+01 5.036644574525392670e+01 5.585022260568254637e+01 3.591522074993196725e+02
5.798863329462710681e+01 5.036644574525392670e+01 5.585022260568254637e+01 3.591522074993196725e+02
5.798863329462710681e+01 5.036644574525392670e+01 5.585022260568254637e+01 3.591522074993196725e+02
5.798863329462710681e+01 5.036644574525392670e+01 5.585022260568254637e+01 3.591522074993196725e+02
5.798863329462710681e+01 5.036644574525392670e+01 5.585022260568254637e+01 3.591522074993196725e+02
5.798863329462710681e+01 5.036644574525392670e+01 5.585022260568254637e+01 3.591522074993196725e+02
5.798863329462710681e+01 5.036644574525392670e+01 5.585022260568254637e+01 3.591522074993196725e+02
5.798863329462710681e+01 5.036644574525392670e+01 5.585022260568254637e+01 3.591522074993196725e+02
5.798863329462710681e+01 5.036644574525392670e+01 5.585022260568254637e+01 3.591522074993196725e+02
5.798863329462710681e+01 5.036644574525392670e+01 5.585022260568254637e+01 3.591522074993196725e+02
5.806544259809723485e+01 5.042687248396546096e+01 5.622196803979521462e+01 3.574694299653915550e+02
5.806544259809723485e+01 5.042687248396546096e+01 5.622196803979521462e+01 3.574694299653915550e+02
5.806544259809723485e+01 5.042687248396546096e+01 5.622196803979521462e+01 3.574694299653915550e+02
5.806544259809723485e+01 5.042687248396546096e+01 5.622196803979521462e+01 3.574694299653915550e+02
5.806544259809723485e+01 5.042687248396546096e+01 5.622196803979521462e+01 3.574694299653915550e+02
5.806544259809723485e+01 5.042687248396546096e+01 5.622196803979521462e+01 3.574694299653915550e+02
5.806544259809723485e+01 5.042687248396546096e+01 5.622196803979521462e+01 3.574694299653915550e+02
5.806544259809723485e+01 5.042687248396546096e+01 5.622196803979521462e+01 3.574694299653915550e+02
5.806544259809723485e+01 5.042687248396546096e+01 5.622196803979521462e+01 3.574694299653915550e+02
5.806544259809723485e+01 5.042687248396546096e+01 5.622196803979521462e+01 3.574694299653915550e+02
5.806544259809723485e+01 5.042687248396546096e+01 5.622196803979521462e+01 3.574694299653915550e+02
5.806544259809723485e+01 5.042687248396546096e+01 5.622196803979521462e+01 3.574694299653915550e+02
5.806544259809723485e+01 5.042687248396546096e+01 5.622196803979521462e+01 3.574694299653915550e+02
5.806544259809723485e+01 5.042687248396546096e+01 5.622196803979521462e+01 3.574694299653915550e+02
5.806544259809723485e+01 5.042687248396546096e+01 5.622196803979521462e+01 3.574694299653915550e+02
5.806544259809723485e+01 5.042687248396546096e+01 5.622196803979521462e+01 3.574694299653915550e+02
5.806544259809723485e+01 5.042687248396546096e+01 5.622196803979521462e+01 3.574694299653915550e+02
5.806544259809723485e+01 5.042687248396546096e+01 5.622196803979521462e+01 3.574694299653915550e+02
5.806544259809723485e+01 5.042687248396546096e+01 5.622196803979521462e+01 3.574694299653915550e+02
5.788514822332768972e+01 5.033168163873468615e+01 5.598323168894933843e+01 3.569346094024512581e+02
5.788514822332768972e+01 5.033168163873468615e+01 5.598323168894933843e+01 3.569346094024512581e+02
5.788514822332768972e+01 5.033168163873468615e+01 5.598323168894933843e+01 3.569346094024512581e+02
5.788514822332768972e+01 5.033168163873468615e+01 5.598323168894933843e+01 3.569346094024512581e+02
5.788514822332768972e+01 5.033168163873468615e+01 5.598323168894933843e+01 3.569346094024512581e+02
5.788514822332768972e+01 5.033168163873468615e+01 5.598323168894933843e+01 3.569346094024512581e+02
5.788514822332768972e+01 5.033168163873468615e+01 5.598323168894933843e+01 3.569346094024512581e+02
5.788514822332768972e+01 5.033168163873468615e+01 5.598323168894933843e+01 3.569346094024512581e+02
5.788514822332768972e+01 5.033168163873468615e+01 5.598323168894933843e+01 3.569346094024512581e+02
5.788514822332768972e+01 5.033168163873468615e+01 5.598323168894933843e+01 3.569346094024512581e+02
5.788514822332768972e+01 5.033168163873468615e+01 5.598323168894933843e+01 3.569346094024512581e+02
5.788514822332768972e+01 5.033168163873468615e+01 5.598323168894933843e+01 3.569346094024512581e+02
5.788514822332768972e+01 5.033168163873468615e+01 5.598323168894933843e+01 3.569346094024512581e+02
5.788514822332768972e+01 5.033168163873468615e+01 5.598323168894933843e+01 3.569346094024512581e+02
5.788514822332768972e+01 5.033168163873468615e+01 5.598323168894933843e+01 3.569346094024512581e+02
5.788514822332768972e+01 5.033168163873468615e+01 5.598323168894933843e+01 3.569346094024512581e+02
5.788514822332768972e+01 5.033168163873468615e+01 5.598323168894933843e+01 3.569346094024512581e+02
5.788514822332768972e+01 5.033168163873468615e+01 5.598323168894933843e+01 3.569346094024512581e+02
5.788514822332768972e+01 5.033168163873468615e+01 5.598323168894933843e+01 3.569346094024512581e+02
5.788514822332768972e+01 5.033168163873468615e+01 5.598323168894933843e+01 3.569346094024512581e+02
5.788514822332768972e+01 5.033168163873468615e+01 5.598323168894933843e+01 3.569346094024512581e+02
5.788514822332768972e+01 5.033168163873468615e+01 5.598323168894933843e+01 3.569346094024512581e+02
5.788514822332768972e+01 5.033168163873468615e+01 5.598323168894933843e+01 3.569346094024512581e+02
5.788514822332768972e+01 5.033168163873468615e+01 5.598323168894933843e+01 3.569346094024512581e+02
5.788514822332768972e+01 5.033168163873468615e+01 5.598323168894933843e+01 3.569346094024512581e+02
5.788514822332768972e+01 5.033168163873468615e+01 5.598323168894933843e+01 3.569346094024512581e+02
5.788514822332768972e+01 5.033168163873468615e+01 5.598323168894933843e+01 3.569346094024512581e+02
5.788514822332768972e+01 5.033168163873468615e+01 5.598323168894933843e+01 3.569346094024512581e+02
5.788514822332768972e+01 5.033168163873468615e+01 5.598323168894933843e+01 3.569346094024512581e+02
5.788514822332768972e+01 5.033168163873468615e+01 5.598323168894933843e+01 3.569346094024512581e+02
5.788514822332768972e+01 5.033168163873468615e+01 5.598323168894933843e+01 3.569346094024512581e+02
5.788514822332768972e+01 5.033168163873468615e+01 5.598323168894933843e+01 3.569346094024512581e+02
5.788514822332768972e+01 5.033168163873468615e+01 5.598323168894933843e+01 3.569346094024512581e+02
5.788514822332768972e+01 5.033168163873468615e+01 5.598323168894933843e+01 3.569346094024512581e+02
5.788514822332768972e+01 5.033168163873468615e+01 5.598323168894933843e+01 3.569346094024512581e+02
5.788514822332768972e+01 5.033168163873468615e+01 5.598323168894933843e+01 3.569346094024512581e+02
5.788514822332768972e+01 5.033168163873468615e+01 5.598323168894933843e+01 3.569346094024512581e+02
