1.000000000000000000e+00 1.000000000000000000e+00 1.000000000000000000e+00 1.000000000000000000e+00
5.408715550743712491e-02 6.437676453396509735e-02 1.272752379521544555e+02 4.466520536478594261e-01
5.814243471367609717e-02 7.301104072580483217e-02 1.189961055732298405e+02 4.383517244821735770e-01
6.408073419277771077e-02 8.427714772365688112e-02 1.131344830722994033e+02 4.403494192927890349e-01
5.786993024026410720e-02 7.434480028781424721e-02 1.107204565979611885e+02 4.351206546940196707e-01
5.064851325550538685e-02 7.295863119606872671e-02 1.203776780371677830e+02 4.745358333886593449e-01
5.335431041510405731e-02 7.057153851449768367e-02 9.671242518486428708e+01 4.122472126891874034e-01
4.996602365514311861e-02 7.198500617561147397e-02 8.648270176999731973e+01 4.432907056902105070e-01
4.704617634829733747e-02 8.242917423750130423e-02 7.550694349888624402e+01 3.937653011819302051e-01
4.630827588362838865e-02 8.169844712491107497e-02 8.552301471003644906e+01 4.280978679799652964e-01
4.751859233304010083e-02 7.114277304050191375e-02 7.783397211215319089e+01 4.222551000474035199e-01
5.000854727193736193e-02 7.320115553203479508e-02 7.121723748812023302e+01 4.468438426581199385e-01
5.481332089995524792e-02 6.847043044105269316e-02 6.819485972522909378e+01 4.653604327157668807e-01
4.760749214760150172e-02 7.349397009042157869e-02 5.312112096703506836e+01 4.575472221834270825e-01
4.308833964757412260e-02 7.384766775134948835e-02 4.882878898426262282e+01 4.347667616614727670e-01
4.339295161518524208e-02 6.920900744034226559e-02 4.736163619722078977e+01 4.903523809204820560e-01
5.145356378151530463e-02 6.639977524052947944e-02 4.668388478360557770e+01 3.971367223927071977e-01
4.540303208597253060e-02 6.759206950755283771e-02 3.989205894330487467e+01 4.235503534130438119e-01
4.658037764362889938e-02 6.736642725811947674e-02 3.902878444352305820e+01 4.412809355778741782e-01
4.816218824589472980e-02 6.171163312881968593e-02 3.913199972446700059e+01 4.317138336482339023e-01
4.884076482457979512e-02 6.902478731458910888e-02 3.165161567124004094e+01 4.408346721978139704e-01
4.136928672795203710e-02 5.867303047276167111e-02 3.468605859326533647e+01 4.185713580670495926e-01
4.751181103670991390e-02 6.319926819598292722e-02 3.224023053707312414e+01 4.654480960247591170e-01
4.067969244379607274e-02 6.142222365650063659e-02 3.325752516776104528e+01 4.598989947616928253e-01
4.561270135088772715e-02 6.572273579771303886e-02 3.164480344619344265e+01 4.242323051703558168e-01
4.661705220300608327e-02 6.878978740218795462e-02 3.215468009578285802e+01 4.422440524944585283e-01
4.348348169046132444e-02 6.242232736872634080e-02 3.207063604143003488e+01 4.281124578578406892e-01
3.425013300865124843e-02 5.731470258163243875e-02 3.106911778587913275e+01 4.217124979417553599e-01
3.623023736821318758e-02 6.061208793466343198e-02 2.952929738894960821e+01 4.533885974112904504e-01
4.133361857311348975e-02 5.399082111496097264e-02 1.951926847139570853e+01 3.903158940087830819e-01
3.991686292560239768e-02 5.383594047711930120e-02 1.275165230564175722e+01 4.038655274016651475e-01
4.003743009711799306e-02 5.658604805258405507e-02 1.202047432027427298e+01 3.992584209354538838e-01
4.125296644478509966e-02 6.227446574643843297e-02 1.150460651262373446e+01 4.174987153952561258e-01
3.586042972140718321e-02 6.406064166936142890e-02 9.334461174370680681e+00 4.253113958193666111e-01
3.420108509005154174e-02 5.847314575460860891e-02 9.707104700600655889e+00 4.241019900141521082e-01
4.495508793134848219e-02 4.929639582677947801e-02 4.610402894308021970e+00 4.969118907168416643e-01
3.375644816665613474e-02 6.608449895326702628e-02 3.832076866915645308e+00 3.762931383350295311e-01
3.481764171843979710e-02 6.395171682820612047e-02 2.920535374373288029e+00 4.157124235442729021e-01
3.318826612769205930e-02 6.199792468418317826e-02 2.989058151938380981e+00 4.251742509525917590e-01
3.108696280064743994e-02 6.659522597112113584e-02 2.747244163361473923e+00 4.359851409418396551e-01
3.052842513320274190e-02 6.438264152972841825e-02 2.833966233040005278e+00 3.912506286048569870e-01
2.923580265409478698e-02 9.211978005538078162e-02 1.730751783799828747e+00 3.702736953409963561e-01
2.821233185527907000e-02 1.054978174089706983e-01 1.275518453902414029e+00 3.287028742891235367e-01
2.661261296161323425e-02 1.073832205676355928e-01 1.027229562498633841e+00 4.017856483133522283e-01
2.338289363524122255e-02 1.024660315926622378e-01 9.049291099442913211e-01 4.141887524184772462e-01
2.688305198519098591e-02 1.090165116167027964e-01 9.579916160738219943e-01 3.955490108059973031e-01
2.551972234215414345e-02 9.736360088236818700e-02 9.334490844788893016e-01 3.735716400215811639e-01
3.053594977694662135e-02 7.681618315969071520e-02 9.978432890455473103e-01 3.405767128386348319e-01
3.026801480556038856e-02 8.919856959736513491e-02 9.475229108196046024e-01 3.315355045550991697e-01
3.035198585825474304e-02 7.632382395679421228e-02 8.466954595337364831e-01 3.195318667957403047e-01
2.918746080216309824e-02 8.535688623191207969e-02 8.462679647669847371e-01 3.500450497721813714e-01
3.387806266251381510e-02 8.012155839514013833e-02 8.253144860206588218e-01 3.480570690947577539e-01
3.102195482069202218e-02 8.171281604520877484e-02 8.327231224551947530e-01 3.270831671628403603e-01
3.122781555290303143e-02 7.742238972391896068e-02 8.154147411567974624e-01 3.247474216790466883e-01
2.872046113905402445e-02 7.993444877468915133e-02 7.711589738783614090e-01 3.511937109653449074e-01
2.925000631721499239e-02 8.706424860253092479e-02 8.364859459264696318e-01 2.978496684462457744e-01
2.837776722417743869e-02 8.465038802557792175e-02 8.524312763989565500e-01 3.131428279183962049e-01
3.028532707341999655e-02 7.964593814206448463e-02 7.665008830393474915e-01 3.571181659438151246e-01
3.238144271939161212e-02 8.626093599328421568e-02 7.517784675344928447e-01 3.370356373967382524e-01
2.848237042757145038e-02 8.905245320487928384e-02 7.839516475689819464e-01 3.769893255295481138e-01
3.707227786262808078e-02 7.074113887976987702e-02 6.605771051056748000e-01 3.305881003344784408e-01
3.005365444185533960e-02 7.155464924046602004e-02 6.233804527433269849e-01 3.442678020682393703e-01
3.190927569633771749e-02 7.315233961407517638e-02 5.958902585878704805e-01 3.098336520008489470e-01
3.238958455987438201e-02 7.225508317596321395e-02 5.305333376062989492e-01 3.213384870063973886e-01
3.411246085157035313e-02 7.297614579667806300e-02 5.356064554620416640e-01 3.014598949617669499e-01
2.976680690222154035e-02 7.695567690052963761e-02 4.869839331006109440e-01 3.096324199633355145e-01
3.644419085938724323e-02 7.275565610130126093e-02 5.199282253701711376e-01 3.206932693095995157e-01
3.320029285032689154e-02 6.909935567630608177e-02 5.038573009930237268e-01 3.194112231106341904e-01
2.873709647944432469e-02 7.192575383724432447e-02 5.112994909207543293e-01 3.551947081310861676e-01
2.780653978282592378e-02 6.833268061153784101e-02 4.392339391320732034e-01 3.488517425868685184e-01
3.022574688744181226e-02 7.122175172986255909e-02 4.697304758138312053e-01 3.462018968641608074e-01
3.242333074893919559e-02 6.598170645990941718e-02 4.805667319393547299e-01 3.195200094453639061e-01
2.891042891411044549e-02 6.089328867347557767e-02 4.675989671813576831e-01 3.061297000454340500e-01
2.970263604256016127e-02 6.171245004154989056e-02 4.036979326021413739e-01 3.582252152170961601e-01
2.700903191028281025e-02 5.720946297839782368e-02 3.524912347826732462e-01 3.609947449594083091e-01
2.643817566484255727e-02 6.241640182453481872e-02 3.741587970068364077e-01 3.265893183914998499e-01
3.181787232138352101e-02 5.897417695657539150e-02 3.384905521908346260e-01 3.637143841647823561e-01
3.041709328517525068e-02 6.447688962116421285e-02 3.136137857220996361e-01 3.441260408477967436e-01
2.768163808695990255e-02 7.514104214713591967e-02 2.455163045438782665e-01 3.103677101606578947e-01
2.892903495901487029e-02 7.068879309994734184e-02 2.067085840785168327e-01 3.188238213495446782e-01
2.911784579627479941e-02 7.148744597263873013e-02 2.154806914581374744e-01 3.097936850484602211e-01
2.930519119715097043e-02 6.990968522216077508e-02 2.180947639015874961e-01 3.417075045264346689e-01
2.838752390464791345e-02 7.018668796308792646e-02 2.256155746705711118e-01 3.057918238577343462e-01
2.904378774652582526e-02 8.038989855827455289e-02 2.218560784446774459e-01 3.364499054868594352e-01
2.989311644540038060e-02 7.265079454872101772e-02 2.150782496061187932e-01 3.234848819530761754e-01
3.028045608146614012e-02 7.451795370510194694e-02 2.070305757039338501e-01 3.067990166926948814e-01
2.889892607708153746e-02 6.654924988764626681e-02 1.684134001010987591e-01 3.564296393098472793e-01
3.533476495753695712e-02 4.619697025340471774e-02 1.518288045371748718e-01 3.099272747909286307e-01
3.168345853582751198e-02 5.045515014801406350e-02 1.347519537615792240e-01 3.366686765888731170e-01
3.529370798009520693e-02 5.215474772352093197e-02 1.097580795451725821e-01 3.224292826458973193e-01
3.721067844681882203e-02 5.087386260881002209e-02 1.018390689862811171e-01 3.285075996095164763e-01
3.627014141199438185e-02 5.373748594357726643e-02 1.078758622229973457e-01 3.185845548760146695e-01
3.532602451725454229e-02 5.055542809794642822e-02 8.902842683531637935e-02 2.969130083211969917e-01
3.389410739092432040e-02 5.158090649322041171e-02 9.403432606826553353e-02 3.521987698011496137e-01
3.084222800470596410e-02 5.391945394381197909e-02 8.753858846794804194e-02 3.003119373010346149e-01
2.713892771682748645e-02 5.144961762337035144e-02 9.942717315828666913e-02 3.530688203406120995e-01
3.145463188056650539e-02 5.475574319276997615e-02 8.287202949969463273e-02 3.758022215633388674e-01
3.007204844198220484e-02 5.346758893887599423e-02 7.974659096346591036e-02 3.457374629428302537e-01
2.794641788796356149e-02 5.874155927537294541e-02 7.960761640217589585e-02 3.358143847981635566e-01
2.965302308284595290e-02 5.858089847814356571e-02 7.442896946445184958e-02 3.577009549508038955e-01
3.052326174289851993e-02 5.828032496264600598e-02 7.789973661025280383e-02 3.589018859051283927e-01
3.046857490163797436e-02 4.958312617782636295e-02 7.310275031488629172e-02 3.561131898317934641e-01
3.302497803471981380e-02 5.355641487315596083e-02 7.174436123049394987e-02 3.483162158344396131e-01
2.913646754134089842e-02 5.109500877745663805e-02 7.380155292113073362e-02 3.379913757740490854e-01
2.978314712728501179e-02 5.590508876484927281e-02 7.575982832063897499e-02 3.607214134999553456e-01
3.168008625289359809e-02 5.698480172210221989e-02 7.283939644159743987e-02 3.344796253157726329e-01
3.150336674777140522e-02 5.386031835889189961e-02 7.882605647090254464e-02 3.388014581431507133e-01
2.954803172552739401e-02 5.566419566710539835e-02 7.623020603896148162e-02 3.458891655589518832e-01
3.015808854946650658e-02 5.186913591742383506e-02 7.636359743707217540e-02 3.278622216889737206e-01
3.192637401702132921e-02 5.509649473308124434e-02 7.470483384541760918e-02 3.410104710334151967e-01
2.835520716423209006e-02 5.502139547575446432e-02 7.447110232763369531e-02 3.386192542297746244e-01
2.909558555928812990e-02 5.211215577507280483e-02 8.221393743643398699e-02 3.385023115878190159e-01
2.605555020663161483e-02 5.203721494766506278e-02 7.900811894634199306e-02 3.390580431385537552e-01
2.699529053301614676e-02 5.867747205702602414e-02 7.465080644960489509e-02 3.069773466887438240e-01
2.588303970370572221e-02 5.509507385862338208e-02 7.635641037194883241e-02 3.398664908480121261e-01
3.127168607507704867e-02 4.758157926165858254e-02 7.441074089606601605e-02 3.311115679616570828e-01
3.052494824068493345e-02 5.508846307607673937e-02 8.231115293485206930e-02 3.302107191466652214e-01
2.885114011113094901e-02 5.484224903384882915e-02 7.749072645464843978e-02 3.476238458561301536e-01
3.116738803501113708e-02 5.176541186294721097e-02 7.855371811773184665e-02 3.695740391903497568e-01
2.710041000868886746e-02 5.565232788210114356e-02 7.839335193397099777e-02 3.614243267328171028e-01
3.148402194505020568e-02 5.461130163316557651e-02 6.926943736226831572e-02 3.167279117210035078e-01
3.090638833021664214e-02 5.868350507017933149e-02 8.075956221354202436e-02 3.545694078366692925e-01
3.273879249083884446e-02 5.495023493936786185e-02 7.956227446666619407e-02 3.816330949818177443e-01
2.767443817580034562e-02 5.520974688298181665e-02 7.839305161173563963e-02 3.843007552683234129e-01
2.774893779731043425e-02 5.414038931351321943e-02 7.431750960590606525e-02 3.318677583185310476e-01
3.077450177194017075e-02 5.462248211161493949e-02 7.607460888138438404e-02 3.122087057356351392e-01
2.638575957906987360e-02 5.646417334965726093e-02 8.454006685211737371e-02 3.250661708375214842e-01
2.780652765717134267e-02 5.758539773425964264e-02 7.115447813736387739e-02 3.319947510592969331e-01
2.887149632588838916e-02 5.334222324370260782e-02 6.799223273130566847e-02 3.541702363153072519e-01
2.829832448019641705e-02 5.516025993558373863e-02 7.596599673615288262e-02 3.679082784003547824e-01
3.106399598367502041e-02 5.416704595533249067e-02 7.303613729670041521e-02 3.672846074348815604e-01
2.777754978408154135e-02 5.206359019542671634e-02 7.586267921374545420e-02 3.357873611486456578e-01
2.865811733167606540e-02 5.844199020781352949e-02 8.132863444482643644e-02 3.613466713734221902e-01
3.044608677773396818e-02 5.541137943292465118e-02 7.761606754308474077e-02 3.136913649306989349e-01
2.875577701589498644e-02 5.733057652087371336e-02 7.268583897273020455e-02 3.668003123258163911e-01
3.259225792967234553e-02 5.693584039866323582e-02 8.355294226977655336e-02 3.443333740208857630e-01
3.045345095044684272e-02 5.881149814189781666e-02 7.568377919285525224e-02 3.715116603604154966e-01
2.835822596645841756e-02 5.739381471690933878e-02 6.866495297532314301e-02 2.976911990948060138e-01
2.909137952067694655e-02 5.145758176345789636e-02 7.928576647322803372e-02 3.307163654907224193e-01
2.886834283648897354e-02 5.751702318253337082e-02 8.032852555476462098e-02 3.231665103597680666e-01
2.814224386902745498e-02 4.899867195196120490e-02 7.048314394689876583e-02 3.626450397318065066e-01
3.059324120521729820e-02 4.688392566735165995e-02 7.755827674177001585e-02 3.026512048452026926e-01
3.092747047408959254e-02 5.760325039288095167e-02 7.569362684866363933e-02 3.437745167329031570e-01
2.891660298192829173e-02 5.218306178536221557e-02 6.975544101482283876e-02 3.527258952623483768e-01
2.852157920317500289e-02 5.903685248764026922e-02 7.380686511581432963e-02 3.508902326891023549e-01
3.170371637426592365e-02 5.888955596223050676e-02 7.597035784745358178e-02 3.063301318661492689e-01
3.163799474141435614e-02 5.306139193443432100e-02 7.579608993447196907e-02 3.253737453103419108e-01
2.856483717306729231e-02 5.168763616724900839e-02 8.769393045594593705e-02 3.315677960275156821e-01
2.996348477829670343e-02 5.198412041387656668e-02 7.290584729500677874e-02 3.525991837863279299e-01
3.123249796976771894e-02 5.024210321670026513e-02 7.684629049256384847e-02 3.140239996387604871e-01
2.983768295599142570e-02 5.819495828129277182e-02 7.699529836296491181e-02 3.143239647202156206e-01
2.987228961002764624e-02 5.658132799053268436e-02 7.627984756498006058e-02 3.534049355539300996e-01
3.113519177875500796e-02 5.279090216041040090e-02 7.810197822216470576e-02 3.296357583739895625e-01
3.433501363160643832e-02 5.505144761133051040e-02 7.365929251880581896e-02 3.471622177667591513e-01
2.976142478286246396e-02 5.196963418382552491e-02 7.013290711920368292e-02 3.465275657158327083e-01
3.078149248348045763e-02 5.410843436446378940e-02 7.608552315088505658e-02 3.292708200581874189e-01
3.054696023850460990e-02 5.336505689837191951e-02 7.623009860083514166e-02 3.679146731740493559e-01
3.060680455976778555e-02 4.988194331036187312e-02 6.974529885700993248e-02 3.076796025381685618e-01
2.919677153570772107e-02 4.956540470926301678e-02 7.644419975468352835e-02 3.347703290136082588e-01
3.570798977452721568e-02 5.431908718686356136e-02 7.574284335518709221e-02 3.328967671208831192e-01
3.000839741034170075e-02 5.343064097786472122e-02 7.088916555183116808e-02 3.002871829850563556e-01
2.992501461616000821e-02 5.197326048315970004e-02 6.803151681303803988e-02 3.787301417518958990e-01
2.929218577826808723e-02 4.896958412783451037e-02 7.756304344185414867e-02 3.434872898803252306e-01
3.362284430950351205e-02 5.502017559230655552e-02 7.733997788737373424e-02 3.181229014138681199e-01
2.972781615253669227e-02 5.452009782975066748e-02 7.531820922441226362e-02 3.495837579487521274e-01
2.852899884759273197e-02 5.688574983448318328e-02 7.015453828550330395e-02 3.207010228779248462e-01
2.993297489475195070e-02 5.199293809823829493e-02 7.243146751028996244e-02 3.272143542778887526e-01
2.939035369297262473e-02 5.334019056738493331e-02 7.646432561121302429e-02 3.762147486560531440e-01
2.969802022932364199e-02 5.675486030792400993e-02 8.381114481254485493e-02 3.502848836648063680e-01
2.983158884323314566e-02 5.140289409899866102e-02 7.511124415721510961e-02 3.362277925200786166e-01
3.405518841033548794e-02 5.477382088928879622e-02 7.021844934114301884e-02 3.838466290779740664e-01
3.098857201930604530e-02 5.108510005034062884e-02 7.767206442095056507e-02 3.266013954829221633e-01
2.970780204723640419e-02 5.445242042960883599e-02 7.810420352985698866e-02 3.422988667923028139e-01
3.045637835096460036e-02 4.882120966767079101e-02 7.561234129334259979e-02 3.069707491241496777e-01
3.248213317538790890e-02 5.316081113481559151e-02 7.343356018465521662e-02 3.479891233349804436e-01
3.199420500178914301e-02 5.003454545341790710e-02 7.069187991022699014e-02 3.148038357945649457e-01
3.353341606455958329e-02 4.915728268325124384e-02 7.287996082625779193e-02 3.583538411360523424e-01
3.283201458018802227e-02 4.827081107907043450e-02 8.073148603244113819e-02 3.403302452027930913e-01
3.519412074139492003e-02 5.008797263459186661e-02 7.941808949069392720e-02 3.242017134353355479e-01
3.134056374878090717e-02 5.736977135089209312e-02 7.632880984505945043e-02 3.394203173967531573e-01
3.197660952465701534e-02 5.468409956173030106e-02 7.769297866706888211e-02 3.473112983349140315e-01
3.120345463728568802e-02 5.061856938448405091e-02 7.784460024751715945e-02 3.602445425474366525e-01
3.065091233596171569e-02 5.452251230202650317e-02 7.762927264431615515e-02 3.417570167048327168e-01
3.121836199505052811e-02 5.172462042036053004e-02 7.956349590056598087e-02 3.399363138419249641e-01
2.923583695346717790e-02 5.115261819105334368e-02 7.759368553914584854e-02 3.275161782650836684e-01
3.105673078827824937e-02 5.099320319635373966e-02 7.714385193244895078e-02 3.719147394591426625e-01
3.255318135699814680e-02 4.486763994247614656e-02 8.545452809121865945e-02 3.149810782134835896e-01
3.256068427547772343e-02 4.996851825572774103e-02 7.324311420838003350e-02 3.364554024780733732e-01
2.983247151427568730e-02 4.840833972988757561e-02 7.848619953892552181e-02 3.389784497113572659e-01
3.031861738401769174e-02 5.184551287713173168e-02 7.652990330227070481e-02 3.313230866639402250e-01
3.106044978795762315e-02 5.558266110763250556e-02 7.110743300931460231e-02 3.299417549147081186e-01
3.135427309093009179e-02 5.172833331269242885e-02 6.831780321407748824e-02 3.192290408937257240e-01
2.931867900510018790e-02 5.074921839772544851e-02 7.407663475537075437e-02 3.584402850257511486e-01
3.074530792516557212e-02 5.208473663316743468e-02 7.791429507714693614e-02 3.726524157543087967e-01
3.339737674248828558e-02 4.743108211093087501e-02 7.349504623818692295e-02 3.471073546124317510e-01
2.955382768786892628e-02 4.987325864641078271e-02 7.282499406043055346e-02 3.387034354735399266e-01
2.991455219246572442e-02 4.951835497862419611e-02 7.829407413022303197e-02 3.148237892023731943e-01
3.049440320487782630e-02 5.543878051578855770e-02 8.502735128055580183e-02 3.456905446225458367e-01
2.915699058104390465e-02 5.226844134812026060e-02 8.396298436094119799e-02 3.349811068940845571e-01
3.085723295008524145e-02 5.358935082158274021e-02 7.963088221871326977e-02 3.335886099865177923e-01
2.885639741519991155e-02 5.508654453724483313e-02 7.225754554455132705e-02 3.277705453109365785e-01
2.660980422125755473e-02 5.649645268098988510e-02 7.640637786576706669e-02 3.257067987417977539e-01
2.776647897582390848e-02 5.213064324911587805e-02 7.271063434565101791e-02 3.522805794156421699e-01
2.808952324967773154e-02 5.639811062325476160e-02 7.504623606377390510e-02 3.320874521252265010e-01
3.036941556259067573e-02 5.175961992587412019e-02 7.251083656448908954e-02 3.120811277707066789e-01
3.186061272175059328e-02 6.062891416490576169e-02 7.186871163630857706e-02 3.370910141468702603e-01
3.199272066846684665e-02 4.821140569298996981e-02 7.611660268308442778e-02 3.665893904176412699e-01
3.217715893366849406e-02 5.640381930013948358e-02 7.954246931118491570e-02 3.510999105500388628e-01
3.116616801868914155e-02 5.202549290310616581e-02 8.875892221693877648e-02 3.117954842291125184e-01
3.086973598366321223e-02 5.599548842995263204e-02 8.345764523871809781e-02 3.387544001927550452e-01
3.128718559289630358e-02 5.883511146722147922e-02 6.890320960955106933e-02 3.277072764743357847e-01
2.824611701654176910e-02 5.290252754142119040e-02 6.638904294968206443e-02 3.632521353876542181e-01
3.203974262351683144e-02 5.053227389449261447e-02 7.856678193579005876e-02 3.599383098970009298e-01
3.115764805730830353e-02 5.162661067817791299e-02 6.974182739535830788e-02 4.031002465781511335e-01
3.030971036308642563e-02 5.246584948496368916e-02 7.975953759857007386e-02 3.505103092833983247e-01
2.887790921579201989e-02 5.357680551057348445e-02 8.424645690668726428e-02 3.496140480731146361e-01
3.110560012987874032e-02 5.581831416218285824e-02 7.863665807705506883e-02 3.361549862597397187e-01
3.366211339772776784e-02 5.239689423953492603e-02 7.948671201224266625e-02 3.652988042064632679e-01
2.927074392053344645e-02 5.597878268987034611e-02 8.157393709952266703e-02 3.296888985783342774e-01
3.122573703023324293e-02 5.393565949483077743e-02 7.862916123451367534e-02 3.274615145401674754e-01
3.174788761620604693e-02 5.589869241444810760e-02 7.106883900999837189e-02 3.421526926622201481e-01
2.895418409505400373e-02 5.639861286482713426e-02 7.243947707475129061e-02 3.503521058463610061e-01
3.314568285445612661e-02 5.188170105898972512e-02 7.819401068907107233e-02 3.343981792625898564e-01
3.216562760177243963e-02 5.755346294025143195e-02 7.941192793951679096e-02 3.242328397232655535e-01
3.049435808042685186e-02 4.999418149285838470e-02 7.968350114942009121e-02 3.303140441926565862e-01
3.230600902052118556e-02 5.311189604879365533e-02 7.445761301855902126e-02 3.303505303340281141e-01
2.835353499259016599e-02 4.743998005409964802e-02 7.306803923351172514e-02 3.280772250999190454e-01
3.080192929032262578e-02 4.894930082206353644e-02 7.638930582652497803e-02 3.111253970388440093e-01
2.981928358533417200e-02 5.214354484566495473e-02 7.783783788023602990e-02 3.354364027806632231e-01
3.149166377883424323e-02 5.332386460026621033e-02 7.562165037902474074e-02 3.413421531429992051e-01
3.140299236372198072e-02 4.699056969173269482e-02 7.346456130743930779e-02 3.134830073286029584e-01
3.035405166526268864e-02 5.842674220720438238e-02 7.639545101133114746e-02 3.044560041102847281e-01
3.268466674260629701e-02 5.547661324278293365e-02 7.575024955961978668e-02 3.235612972322246539e-01
2.882909800724264143e-02 4.818138236565280147e-02 7.091072509943795177e-02 3.665445629622535728e-01
3.082482610466785386e-02 5.391327411991965468e-02 6.949791805323073113e-02 3.511583877957331623e-01
3.098590294940810341e-02 4.970323044479853930e-02 7.265184111191917704e-02 2.940966548335082753e-01
3.002755367793143171e-02 5.181826808943514745e-02 7.548457133386063389e-02 3.394097064976259182e-01
2.943771473679518413e-02 5.348990856349286616e-02 6.876654985032200351e-02 3.349341501975769408e-01
2.817796125770184040e-02 5.150449018406400709e-02 7.031093069328185619e-02 3.373509773379603227e-01
3.205891485219031223e-02 5.304318757858234035e-02 7.229621200038757745e-02 3.092140678738899418e-01
2.895956299757223781e-02 5.495302559351620403e-02 7.357747842132440763e-02 3.668685650999738979e-01
2.819306191525858263e-02 5.568490646199577426e-02 7.648765643972257888e-02 3.514137186300121951e-01
2.986283795514135114e-02 5.132336502099517361e-02 7.765042966711853401e-02 3.211590459487092541e-01
3.365613571859837894e-02 5.065893269743361460e-02 7.993483729323772047e-02 3.363205462986834648e-01
3.042272298751601961e-02 5.127696717491112000e-02 7.783043106051862337e-02 3.518749398750510293e-01
3.027990750646134682e-02 5.763579262512384671e-02 7.906637162155709386e-02 3.344431557304375358e-01
2.975569527006903525e-02 5.639320577159986914e-02 7.936287395918811827e-02 3.158568496418110438e-01
2.782785746982767774e-02 4.938755227369855116e-02 7.910196271799219137e-02 3.580158975910247010e-01
2.862064327279260564e-02 5.336545987750872244e-02 7.694819691190381283e-02 3.728866492644524189e-01
3.071688433486211012e-02 5.188133518103509728e-02 7.628898503591959035e-02 3.317956075806181571e-01
3.236096037152225852e-02 5.257484632208427738e-02 6.621726835379611320e-02 3.186599552919279210e-01
3.118280427122546369e-02 5.104696944782743245e-02 7.241216626125107636e-02 3.286758811291030091e-01
2.836281009527925195e-02 5.570275407039683435e-02 7.786040587426529269e-02 3.659138902445715491e-01
2.823477657955872008e-02 5.586837946093447388e-02 7.215242771418199641e-02 3.519404159222166983e-01
2.983202443062798331e-02 5.511767708354982365e-02 7.324421172552975090e-02 3.336809848939563672e-01
3.095834075938772717e-02 4.873345204221232740e-02 7.960966158756931088e-02 3.272358341363574286e-01
3.031769480896504346e-02 5.223755257637421878e-02 8.175371677225964917e-02 3.195323985437324432e-01
3.172408904401826518e-02 5.317831571103150828e-02 7.340552159359371720e-02 3.487362224417559498e-01
2.898246880476986961e-02 4.452202261878655809e-02 7.413239837621188322e-02 3.317852006490768502e-01
2.799043885826484404e-02 5.404448051968983868e-02 7.991421306476083342e-02 3.105901866840755088e-01
3.428879462369557873e-02 5.184685608269896245e-02 7.698946262732714318e-02 3.439164752499955235e-01
2.863595370700502615e-02 5.420804496102402115e-02 7.195158878280580317e-02 3.270052763182810796e-01
3.089276442464473221e-02 5.215725053566873382e-02 7.243120286336363067e-02 3.233632775372443646e-01
3.159193984627759605e-02 5.793712861970200939e-02 6.833033805154858920e-02 3.624148557737508214e-01
3.180594095315267267e-02 4.950518654664171764e-02 7.948125757251867096e-02 3.265159813602029892e-01
3.074704062378202582e-02 4.972011787194809823e-02 7.853745023671009073e-02 3.316558620154567150e-01
2.917397068956473563e-02 5.804454243271383457e-02 7.477748987180996010e-02 3.280191043433970943e-01
2.946253408453412131e-02 5.366862613818979694e-02 8.286706482746598879e-02 3.042354452243007934e-01
3.095683507404812032e-02 5.554359518170527005e-02 7.097586006480538501e-02 3.059879614876341303e-01
2.930203896362497396e-02 5.220742483730844014e-02 7.720460385391635094e-02 3.106724670724990145e-01
3.175558455411358477e-02 5.356338881475360136e-02 7.194409073509627772e-02 3.396510307880110657e-01
2.978573806562027568e-02 4.936254402768830429e-02 7.628947010313387456e-02 3.339558992042521712e-01
3.021407782613754270e-02 5.432532833984290987e-02 7.511161124698448321e-02 3.281795275516027344e-01
2.994213960242639305e-02 5.270128885268546975e-02 7.806612367033008426e-02 3.223110209591428799e-01
2.761283294380589490e-02 5.058521448336338044e-02 8.109449714704823620e-02 3.287143397213260210e-01
2.905188996096216836e-02 5.218844611422311652e-02 7.312960059792722456e-02 3.410013288923733898e-01
3.013855097121595494e-02 5.894469792877305575e-02 7.843346207463884612e-02 3.136881346911574164e-01
2.897247736509225846e-02 4.910981208926823438e-02 8.262867289719430519e-02 2.959508588268535134e-01
3.068414687104956823e-02 5.254263916311117943e-02 7.514805197373561341e-02 3.744151252160834997e-01
2.850118730062445316e-02 5.313411513848800144e-02 6.954005447992168965e-02 3.138384668248528908e-01
2.880744542449584916e-02 5.724891352359192526e-02 8.358772338581101080e-02 3.260964382042621512e-01
2.691584495523399040e-02 5.867971456849437051e-02 8.646275716433181324e-02 3.621233754229816193e-01
3.026733732947786693e-02 5.970115860471671837e-02 7.343903369342724696e-02 3.278015846990719462e-01
3.043976207450387397e-02 5.239765517496325353e-02 8.121549228371874318e-02 3.274600762152586331e-01
2.994520801479389621e-02 5.165079690631303039e-02 8.240434389946577065e-02 3.379560920323621542e-01
2.995975569270759031e-02 5.025271074311452729e-02 7.254860288540247726e-02 3.095338026064896053e-01
2.973663293231245883e-02 5.233237393731612896e-02 7.118956122109076912e-02 3.181851601725278478e-01
3.252063168261493803e-02 4.688069959708412310e-02 7.597821498394369266e-02 3.579362986871100771e-01
2.946504426152734418e-02 5.634833933152021829e-02 8.188371990351195340e-02 3.268156668118388786e-01
2.843429121430746109e-02 4.763972060481447279e-02 7.073241048721402857e-02 3.216216606491103525e-01
2.949326798315048126e-02 5.209393384740038796e-02 7.604233557644940467e-02 3.349233671028622461e-01
3.153492458512777846e-02 5.629422210382941522e-02 7.478313748570986075e-02 3.324673253156600894e-01
2.939707665058909764e-02 5.535977726351928863e-02 7.783338792258596983e-02 3.104435441790986405e-01
3.152405551919133797e-02 5.171530120483790183e-02 7.611133844685526173e-02 3.643320526398720616e-01
2.725867914156186039e-02 5.472654868716546328e-02 7.062446749900566645e-02 3.254033796607858631e-01
3.087524856430952369e-02 5.389482217494886984e-02 7.070150217163168049e-02 3.141247645153771861e-01
2.931270081308196690e-02 5.531932771842559826e-02 7.940213827217453002e-02 3.177433395250009451e-01
3.229754669687715657e-02 5.105461036875801745e-02 7.927521491031233603e-02 3.166950300768638371e-01
3.109790951956541150e-02 5.310175936226595172e-02 8.017807294251480532e-02 3.415475642946045887e-01
3.285213710246944613e-02 5.150893125757429608e-02 7.307581608481560076e-02 3.672293010703090443e-01
3.118300820840119378e-02 5.487057751417459550e-02 8.083576946048133538e-02 3.074503936077929711e-01
3.206470007153440493e-02 5.258641568577088199e-02 7.824870158847635482e-02 3.076230739643933121e-01
2.833948852456032869e-02 5.425110954244014710e-02 8.088136037380623533e-02 3.167641828580950447e-01
3.057694619878450343e-02 5.485103455241088083e-02 8.174879602720690197e-02 3.575131634687827575e-01
3.138820248830750254e-02 5.351407016354939317e-02 7.100151450486272275e-02 3.345501534059090454e-01
3.201756101529616705e-02 5.448698880850330606e-02 7.159186572861882258e-02 3.525338997429602883e-01
2.792285588366773957e-02 5.272701982238153090e-02 8.284739221484850591e-02 3.365467953670049361e-01
3.314334835323912848e-02 5.188427250984778416e-02 7.111308858188471194e-02 3.431974880485633150e-01
3.072926882608516264e-02 4.951849761851083442e-02 7.002260012989754145e-02 3.237813148571079824e-01
3.278511465460274416e-02 5.448774158191673628e-02 7.347785065915488079e-02 3.300583302944846142e-01
2.870825742503800918e-02 5.547179808864906997e-02 8.450958250604541366e-02 3.413943771214305034e-01
3.175272299130210002e-02 5.126823269078010364e-02 7.385032019321446928e-02 3.294894271451062062e-01
2.772498103575245926e-02 5.525810734184758571e-02 8.009314006361938076e-02 3.143630485523865037e-01
3.087367217172633238e-02 5.276837713087913911e-02 7.794604431109852793e-02 3.466303371577685311e-01
3.040626826379670689e-02 5.416171814264301998e-02 7.038761903419334109e-02 3.294522419757656140e-01
2.948158762446903211e-02 4.883981177915688865e-02 7.373442489044071402e-02 3.465052415034502453e-01
2.938189466371999778e-02 5.382777720693351226e-02 7.615047696038375336e-02 2.996815716967524135e-01
3.462880759867938835e-02 5.270706858311703658e-02 7.363327477420889000e-02 3.352594914551199623e-01
3.025525641791248013e-02 5.265906402279323800e-02 7.428128112517913550e-02 3.252573754548546137e-01
2.927425423031006918e-02 5.310504787334982546e-02 7.789902776433159370e-02 3.257081916159761947e-01
3.219640697013477493e-02 5.179666925309925340e-02 7.518978372257328902e-02 3.518712673186000228e-01
2.883173313253676803e-02 5.601275976547093194e-02 7.668547004680101309e-02 3.134281993002018263e-01
2.756247391663164958e-02 5.416777531733808770e-02 8.055028965035164468e-02 3.643711768054593847e-01
2.999849871138750637e-02 5.140403125028750880e-02 7.470742978346561758e-02 3.145677398295215754e-01
3.301693373024895684e-02 6.047759483438173989e-02 7.472893928692712906e-02 3.634144903232427448e-01
3.042990919562284929e-02 4.800991159251913332e-02 7.765807067609717396e-02 3.426725191475481491e-01
2.890851108397583108e-02 5.130246349379429666e-02 7.709599380670616176e-02 3.237234854465012579e-01
3.189087931246812474e-02 5.310493900493953867e-02 7.719098605658394896e-02 3.736302496152645869e-01
3.036883364785611383e-02 4.892811623444100894e-02 7.695282780749002072e-02 3.544784894079518467e-01
3.204507222795271310e-02 5.403015235330640292e-02 7.826617716037305439e-02 3.465135684504031532e-01
3.030816940882721106e-02 5.590441181087733163e-02 7.662705062393820876e-02 3.103979804496125872e-01
2.925866465411902997e-02 5.495906799533449572e-02 8.168408021244517869e-02 3.148792331899136765e-01
2.903890242039627173e-02 5.252393781279508789e-02 7.232082143801364660e-02 3.265951910707940997e-01
3.102545039883127659e-02 4.933919591333767868e-02 7.506769544175169451e-02 3.435041954285784627e-01
2.674895716288636441e-02 5.432903684668917432e-02 7.628049375367539076e-02 3.356948628839011572e-01
3.166688122754229145e-02 5.303789232992626307e-02 8.147262568169182095e-02 3.301441438039504628e-01
3.124636023636790869e-02 4.915737798142880144e-02 7.544311924841100303e-02 3.635199907769332550e-01
2.870765815581564212e-02 5.753552746587983768e-02 7.791969661506278899e-02 3.674276768007654903e-01
3.047417251123016313e-02 5.273091427665367592e-02 7.562026685036642160e-02 3.192700949766972829e-01
3.178063915116770971e-02 5.198656090093060206e-02 7.440970811039278321e-02 3.169634930077330215e-01
2.952014887942368618e-02 5.525334023479130940e-02 7.089275434269767806e-02 3.414766790031559252e-01
3.104561711506696048e-02 5.458897918661944487e-02 8.204207606340652159e-02 3.470325947914369991e-01
2.971052893883373985e-02 5.284115677651970988e-02 7.972629492309996069e-02 3.316225132442956469e-01
3.204617335211854684e-02 5.150178541488770190e-02 7.891300363343646540e-02 3.128111569161506345e-01
3.048440068321247448e-02 4.980002532485895000e-02 7.113338417419878823e-02 3.214222153881953759e-01
2.886267047022443230e-02 5.144554870848572908e-02 7.525996414030310111e-02 3.405365695100704970e-01
3.139498080872796942e-02 5.603947941839963753e-02 7.973210458354766661e-02 3.474015158119553859e-01
3.291469327272689843e-02 5.497337513391372527e-02 7.241895351263999414e-02 3.189838938996076290e-01
2.847268235793661006e-02 5.351174154023415064e-02 7.459639231543627180e-02 3.737232064506353368e-01
2.933754395829584610e-02 5.511089101969674636e-02 7.334218568517970882e-02 3.416850534984328114e-01
2.988223840613605728e-02 5.497932510697501468e-02 7.894627259601053049e-02 3.407516339996238264e-01
3.177865287090611557e-02 5.687392461776021729e-02 7.226055381906462682e-02 3.295921173885553723e-01
2.705952447647847967e-02 5.566027639064227706e-02 7.399251116896819747e-02 3.442645584554304139e-01
3.038202565859194140e-02 5.029893288254773387e-02 8.360569859634987833e-02 3.279172531646594169e-01
3.304884604394211361e-02 5.452854238000323650e-02 7.101149049450151962e-02 3.542219842550690667e-01
2.754899861099291761e-02 5.199687246681143626e-02 7.551260473743948154e-02 3.311073651872269985e-01
2.910956927204200878e-02 5.347762904073029289e-02 7.610558620059236501e-02 3.198674501591144970e-01
3.010197004570413018e-02 5.234549215455393256e-02 7.079814808071591137e-02 3.119529597493061468e-01
3.146084695148868710e-02 5.499983280233466942e-02 7.604619863054877527e-02 3.199008675888677655e-01
3.000297369382591908e-02 4.957165012285767725e-02 6.945356856374103327e-02 3.142739485723378134e-01
2.850251444847451757e-02 5.367763898880685558e-02 7.537144908717127723e-02 3.367507484531302997e-01
3.057975971985111077e-02 5.956138422413830708e-02 7.480418588085491205e-02 3.476619165848602866e-01
3.037949493660289588e-02 5.912102076497918052e-02 7.660946682506647454e-02 3.702183012356891623e-01
2.958081274126942231e-02 5.179183826789980627e-02 7.341135278002494657e-02 3.343113347175044603e-01
2.826362421837949959e-02 5.233506879634895054e-02 7.116000802420324733e-02 3.175365344836072468e-01
3.002074056316876224e-02 5.302960100726576698e-02 6.807457991765639149e-02 3.417808979911500233e-01
2.915019133284868849e-02 5.248662406095775529e-02 7.615007840971221853e-02 3.035086952276729866e-01
3.277647678248449270e-02 5.202227484299005306e-02 6.803160609828623473e-02 3.229341105702873693e-01
2.852583562209132922e-02 5.140965643210689690e-02 7.265971371531912415e-02 3.220678782270469664e-01
2.923514233571860438e-02 5.576520454946776867e-02 8.436447643661443285e-02 3.439850004205549650e-01
3.188768901543520551e-02 5.226484133790439829e-02 7.164142503672944751e-02 3.087015578520508896e-01
2.836668854641783213e-02 5.323757675639331777e-02 8.347204046042290548e-02 3.356866172580776908e-01
2.963374200750795370e-02 5.252736755464465501e-02 7.586030201243616766e-02 3.395111428187941871e-01
3.092604611532029715e-02 5.205182285024528149e-02 7.588883633957169139e-02 3.430600157565958375e-01
2.960578988542562212e-02 5.811944684354571761e-02 7.159259719177432646e-02 3.491378586599702127e-01
3.014095255842017332e-02 5.558746100792946732e-02 7.227705728536530649e-02 3.353256870607072004e-01
2.915016360105591661e-02 5.161182878389421885e-02 7.992616156624504642e-02 3.231999431069371154e-01
3.142893346950830641e-02 5.078474549927611270e-02 7.376471164551612336e-02 3.413441269149949941e-01
3.161142954620083101e-02 6.087641474344316489e-02 7.767609366513852920e-02 3.301234265231380305e-01
3.206800090349707505e-02 5.238879333330428295e-02 7.622395088693975640e-02 3.285798252540655939e-01
3.091310350875520543e-02 5.995047630122898874e-02 7.462363266282916185e-02 3.401811942978327230e-01
2.806176931834669652e-02 4.861443848043703331e-02 8.010128774084401826e-02 3.375502835082031527e-01
3.222094716061581904e-02 5.362388255383747360e-02 7.793922403272673938e-02 3.274607673299032573e-01
2.978898991618923742e-02 5.451367360906488047e-02 7.465795861049909221e-02 3.496315475667850503e-01
3.165483080147860062e-02 5.772128836340602309e-02 7.426048373834034932e-02 3.185963279384755875e-01
2.921557426663193291e-02 4.929558960234652065e-02 8.213254353534470142e-02 3.648994820081948864e-01
3.231358338342611020e-02 5.551627810640596961e-02 7.717512518923094755e-02 3.154309727902873117e-01
2.924033591667808685e-02 5.580934597540297692e-02 7.960494280030883107e-02 3.180844266845521684e-01
3.003035969066704391e-02 5.450787876785029989e-02 7.221412166986307390e-02 3.374633568119539406e-01
3.203009570917147997e-02 4.680588397966496672e-02 6.660171215592086691e-02 3.201341540214384662e-01
2.657553469158604326e-02 4.918280781442446736e-02 7.470089785051770015e-02 3.511434385110977496e-01
2.867307695762133166e-02 5.263641233997816415e-02 7.478145913871378503e-02 3.374530630024096256e-01
3.337052444945583923e-02 5.132370619182564236e-02 7.374589870186015750e-02 3.320131299144601367e-01
2.929016199983953961e-02 5.170603200164300417e-02 7.491603418665811198e-02 3.269803268481593639e-01
3.162118737877826768e-02 5.632539986140305821e-02 8.002544231429936650e-02 3.470003771707339535e-01
2.918659634729879257e-02 5.484528287151319709e-02 7.540024276417359173e-02 3.469069758268846781e-01
3.059780308069189048e-02 5.148946726394995621e-02 8.276347815110079997e-02 3.323500353166145005e-01
3.127954280414278754e-02 5.283059503637054649e-02 7.895424617236480869e-02 3.293595224976590408e-01
2.523268935201857660e-02 5.166442001291806502e-02 7.512424587598807990e-02 3.357743249360437554e-01
2.905698209375707011e-02 5.344846074125986224e-02 8.246656973398855395e-02 3.515611690011822832e-01
