1.000000000000000000e+00 1.000000000000000000e+00 1.000000000000000000e+00 1.000000000000000000e+00
2.536414083314558407e-02 7.701016796906645645e-01 6.272645004280682315e+02 3.836878254251364084e-01
2.614525997659854911e-02 7.453733278981201638e-01 6.480659726822567563e+02 4.006252469759797319e-01
2.601953432807493222e-02 7.810835949856755889e-01 5.969866596046924769e+02 3.298711920635992723e-01
2.613342940308412132e-02 7.900273213269858319e-01 6.380040740312163052e+02 3.376032288163417494e-01
2.673439341072523026e-02 8.374465809025833929e-01 4.283554436762950672e+02 3.532005250157888021e-01
2.889570563153555371e-02 8.688207978958195632e-01 3.686432703806372615e+02 3.267537547194314107e-01
2.775117978663095217e-02 8.147316362832471848e-01 3.673650667872265103e+02 2.968451998420881810e-01
2.879553465173034094e-02 8.134832406715681863e-01 3.841244829779037104e+02 3.163592932831946758e-01
2.881596829352139205e-02 8.689609548083004897e-01 3.763022799792648243e+02 3.177965328940985379e-01
3.013984901435476371e-02 7.861857294413773234e-01 3.746459990681815384e+02 3.288249513957731129e-01
2.840182482519239618e-02 8.096717649603041300e-01 3.507241578004291682e+02 3.016681711727751125e-01
2.725306412974835488e-02 8.683691353094687981e-01 3.206524568493474590e+02 2.992225679624099799e-01
2.738581289584307230e-02 8.215444111657070891e-01 3.346548357610694211e+02 3.012390300310276436e-01
2.782169936112495121e-02 7.507612160045232796e-01 3.360956848150878500e+02 2.943908790582047130e-01
2.828340248311183441e-02 8.663183772526125148e-01 3.036311672843541487e+02 2.871155340398366396e-01
2.942443800772816948e-02 8.497348629431268341e-01 3.183777265083839438e+02 2.964020686260245840e-01
2.697875416017966529e-02 8.047935413813597227e-01 2.921931197693723448e+02 3.087299504500882197e-01
2.931011503280119695e-02 8.868466916554738066e-01 3.021261311966308085e+02 2.866559645392498523e-01
2.736899657832434982e-02 7.987152270655933917e-01 2.857994770187710856e+02 2.762738599982466625e-01
2.818985378694971455e-02 8.505153454031771920e-01 2.576900262951270975e+02 2.874124389803575652e-01
2.978093360709106741e-02 8.398118694111105231e-01 2.281024940413661284e+02 2.603438391758072790e-01
2.861831378273557019e-02 8.007320444432652895e-01 1.408508261912367914e+02 2.622011920448759081e-01
3.171195151531291945e-02 7.583438782282937440e-01 1.440095248507732038e+02 2.392653010760264765e-01
2.760487035743426978e-02 8.147407403037804086e-01 1.113973786079778137e+02 2.626628572577355270e-01
3.152942951665541060e-02 8.064908475881166217e-01 1.114596041198535232e+02 2.419028614446581127e-01
3.134963606786354134e-02 8.675537063946473504e-01 1.018128390119044866e+02 2.327132903657291307e-01
3.259982073566522476e-02 8.608925995627109140e-01 9.082423799395311903e+01 2.218884832149093100e-01
2.958711779673046938e-02 8.281463912701247931e-01 9.367291106497062003e+01 2.133025359142153299e-01
3.264379772180749095e-02 8.174384864376291748e-01 6.517526004847289300e+01 2.073230115374627425e-01
2.760870463625234722e-02 8.396102874929930460e-01 6.557331088783280393e+01 1.981410413799820358e-01
2.877625565442831074e-02 8.711501351712522823e-01 6.724054831997706572e+01 2.108091928041058161e-01
2.897473085454689914e-02 8.069239260222094146e-01 6.160384008648410514e+01 1.955752135725695728e-01
2.967766089309618535e-02 7.953527950209086095e-01 6.566206487514877210e+01 2.001222303434488925e-01
2.994112221529703771e-02 8.216414131565236145e-01 3.805740411093893982e+01 1.967169417493741246e-01
3.321554491339462345e-02 7.785317923723734657e-01 3.770798547623333974e+01 1.944611899622710471e-01
3.395426284914926374e-02 8.808757198917231968e-01 4.422354508488539437e+01 1.984591672796434392e-01
3.071989769322314157e-02 9.009357919195609687e-01 3.598186566097524519e+01 1.851655718473830814e-01
3.018973721573013635e-02 7.794798292050996169e-01 4.271200396591292048e+01 1.752330333731046130e-01
3.056035274616789379e-02 7.007465643647879938e-01 3.375127437182969459e+01 2.023819038922232694e-01
3.195034970611815989e-02 8.840933444393328511e-01 2.831599137847851111e+01 1.805000728622960238e-01
3.390110884151074228e-02 8.778106979255533293e-01 2.473079190489296764e+01 1.655888703658428829e-01
3.223288169904914985e-02 9.088163257664505501e-01 1.419717525133997604e+01 1.413550850643823520e-01
3.225335311053343507e-02 8.554076327106219235e-01 1.485335545198762830e+01 1.325098737730515119e-01
2.856994590319861596e-02 7.756335811151898740e-01 1.601013577863609783e+01 1.250548398174293196e-01
3.386501904026079091e-02 8.641916191103303779e-01 1.257854470083492870e+01 1.423949732545849722e-01
3.056687204724596596e-02 8.077583443754606796e-01 1.222795187602249811e+01 1.266292136422288994e-01
3.046959254060918262e-02 8.449035737298502546e-01 1.181063518389325573e+01 1.343270360621017789e-01
3.375439801442325222e-02 7.931825101985132687e-01 1.749848075146749560e+00 1.072049372850498311e-01
3.573913730321572751e-02 8.506219412097897337e-01 1.867620818732225851e+00 1.013211316843698057e-01
3.306648402012520027e-02 7.965804070929368708e-01 1.698268923822047860e+00 1.021281790825700475e-01
3.801407943704527420e-02 7.813106073582711808e-01 1.915562556954363060e+00 9.744002591848029138e-02
3.285878017971244347e-02 7.960609469206295641e-01 1.794393939279703476e+00 9.680062094842471765e-02
3.243369484962143473e-02 7.772484816186456813e-01 1.190727339801039619e+00 9.930454202124408547e-02
3.286652326777423500e-02 7.479968715187514938e-01 1.086224057423168743e+00 9.707097463623705347e-02
3.137141459361408174e-02 7.809983616330530287e-01 8.334513054767369589e-01 1.073816916890978357e-01
3.271662262683400907e-02 8.610963814937444560e-01 9.230644653165684943e-01 1.118642759900929512e-01
3.585529078740423009e-02 7.668245532168931344e-01 8.890196821921092507e-01 9.871216110415126366e-02
3.361686442373112288e-02 8.506877779877076717e-01 7.241154966660010572e-01 1.159787162553261586e-01
3.173593075798022967e-02 8.175800432604379830e-01 6.781184042255559152e-01 1.129085068359468591e-01
3.249665157822988204e-02 9.299008446407321937e-01 6.221705855217743997e-01 1.057576156808819889e-01
3.244408837911929439e-02 8.182161493182140699e-01 3.958149170122992055e-01 1.058600653419579790e-01
3.251340197927962694e-02 7.765884536744510624e-01 4.150917572706074865e-01 1.028728113906516445e-01
3.349362005976746354e-02 7.322794799654382958e-01 4.186240752759447514e-01 1.037575757217283345e-01
3.488354081615670926e-02 7.702149234297941405e-01 4.389543141456243025e-01 1.145380683376745201e-01
3.419025208559277329e-02 7.355697881798279880e-01 3.408261617099915819e-01 1.133322951179365629e-01
3.455261713024301851e-02 8.469730003882054437e-01 3.257460689463400616e-01 1.091872593969511057e-01
3.286790609197540874e-02 8.011773376801301083e-01 3.193004998016443774e-01 1.024748748076230315e-01
3.509211028196285859e-02 8.504564914203998072e-01 3.098489017499831966e-01 1.046954244965548342e-01
3.601594076883258416e-02 8.475464804683580100e-01 3.376698098130352932e-01 1.049350105736766153e-01
3.260140790108193715e-02 8.230317573596865888e-01 2.765577139548523466e-01 1.034225485023496371e-01
3.280535322297444684e-02 7.443760923578298661e-01 2.648012801199102761e-01 1.044138556827960695e-01
3.188527091269371949e-02 7.759409859209982496e-01 2.802583614812123036e-01 1.138212290049512437e-01
3.409913550675127553e-02 7.951208420715611958e-01 2.720256758528538654e-01 1.168422500619854532e-01
3.143162471363839666e-02 7.061505933112072197e-01 2.594833868195914883e-01 1.076758594992791584e-01
3.390698598031757077e-02 8.585455497178807738e-01 2.868018891493385181e-01 1.145813470539528561e-01
3.498272671256662247e-02 7.668960990312382320e-01 2.863734244353200453e-01 9.508001106442347250e-02
3.156946958525522207e-02 7.625380931257141892e-01 2.414659989255802108e-01 1.101378607838253004e-01
3.739649424724542787e-02 8.378824446195783926e-01 2.304632005615520340e-01 1.041077455543703290e-01
3.778710039185734226e-02 9.054296577647578115e-01 2.498910463992078390e-01 1.060916098956012216e-01
3.507613417461310362e-02 7.560541424315561088e-01 2.098604864831987438e-01 1.006575648546496338e-01
3.686900730434441303e-02 8.163860779716389793e-01 1.915895674965894246e-01 9.691943925577289898e-02
3.534827013532048506e-02 7.401856189416846643e-01 1.902865070914973589e-01 1.057312847395198013e-01
3.339743171784883419e-02 8.881837873035992592e-01 2.064495607233733376e-01 1.147146115352245116e-01
3.213544546707816640e-02 7.738132587114806560e-01 1.948705181068921821e-01 1.030312725392860673e-01
3.366875635558867763e-02 8.137431641439960561e-01 1.742311626479594866e-01 9.688788359902424097e-02
3.179036535422844617e-02 8.548775570915182476e-01 1.889052298949548681e-01 1.013804427783008694e-01
3.487460271394506733e-02 8.024678227944986864e-01 1.790257368325214593e-01 1.028003890135982118e-01
3.446430584907875933e-02 7.616135680315595513e-01 1.881006068458144498e-01 7.971374420402041472e-02
3.439710598603509806e-02 8.431525974511969723e-01 1.895990703779321385e-01 9.809253032009340734e-02
3.541831266583348597e-02 9.017368953833521106e-01 1.996264605354756139e-01 8.607721301436248307e-02
3.491964988847780921e-02 8.313843914693616055e-01 1.980331243519618256e-01 8.525137662894433088e-02
3.541336860753213633e-02 7.418584497227390662e-01 2.072316112731010518e-01 9.550624372012411767e-02
3.567316886782639224e-02 7.966447595267558413e-01 2.034427254461368406e-01 9.573456111939837587e-02
3.401808363162970444e-02 8.246639633535202130e-01 1.907787397301498877e-01 9.305358896142226777e-02
3.641075051335228990e-02 8.307485771216868153e-01 2.005193257360251557e-01 9.153485493954477414e-02
3.293387940485541232e-02 7.865346729955843275e-01 1.892458608216945337e-01 8.941970535464038861e-02
3.696534989518779346e-02 7.627379369003519649e-01 1.885891288874652905e-01 9.663922926270618330e-02
3.334567798255039933e-02 7.862092483393490205e-01 1.873023541666377634e-01 1.081497137974410661e-01
3.184308370001907168e-02 7.762722498908969371e-01 2.011651779964440945e-01 9.260986412106700372e-02
3.419187510718308537e-02 7.481602986717997839e-01 1.856602825829037906e-01 1.031122609608265267e-01
3.330329695476725443e-02 8.228432606684750183e-01 1.936312951976406904e-01 9.562232792914772406e-02
3.177883647513096016e-02 8.066247032214221013e-01 2.161048469704193453e-01 9.985105156500806434e-02
3.497980528175130555e-02 7.979406071977290793e-01 2.021005790858661222e-01 1.032979899608910540e-01
3.666804312191083298e-02 7.586214842688241422e-01 1.905811765849640960e-01 9.635640160726570425e-02
3.440044383548106210e-02 8.177986574515156981e-01 1.940230093475639184e-01 1.038612719444796800e-01
3.768555570961838047e-02 7.640731000886114010e-01 1.906722331993776220e-01 1.005004922152802488e-01
3.301232329287851625e-02 7.540034863289898359e-01 1.950926346053001581e-01 9.384939932700640808e-02
3.220100811478197878e-02 7.774303832035175388e-01 1.925595275212506619e-01 9.926271919463706961e-02
3.392034509415611104e-02 7.905117626912413487e-01 2.011264166589354918e-01 9.396591392145201005e-02
3.107434553912633013e-02 8.075341896414457432e-01 1.945310641123116635e-01 1.006543606243123640e-01
3.489613231562574414e-02 8.186879477493672619e-01 1.872183752633747034e-01 8.665983944732665034e-02
3.354466708567200445e-02 7.805540412424160079e-01 1.970867591886850123e-01 8.836007950365246111e-02
3.354493419621639577e-02 8.004604952685104857e-01 1.962320657207662356e-01 8.836699254521956926e-02
3.053933123867786162e-02 7.945367128092702957e-01 1.983590326662560688e-01 9.172385945633335091e-02
3.398596713687888210e-02 7.849992794489638603e-01 1.933750714997193310e-01 9.073279412082167761e-02
3.002383416670276195e-02 7.963988681178669760e-01 1.798275615353620294e-01 9.231609304205769251e-02
3.480642137965417326e-02 7.597383606652475807e-01 2.100972557135449004e-01 8.246489140829083020e-02
3.331231982788701584e-02 7.637246571539370033e-01 1.875174292118979014e-01 8.979359498961426989e-02
3.906732580289010159e-02 8.005954548465709086e-01 1.972928607232183884e-01 9.128598628315606756e-02
3.202638882412493782e-02 8.487195209249728256e-01 1.824016447845905886e-01 9.468144156474496420e-02
3.397873205502713323e-02 7.941249583835270354e-01 2.018025043150536990e-01 9.234766639568321722e-02
3.481923042983855326e-02 7.698535641893730075e-01 1.895746785939232404e-01 8.897532177244760199e-02
3.542026422922948947e-02 7.822395808629233338e-01 2.178425727668537037e-01 8.732769080010019391e-02
3.196651233333646508e-02 7.881571252814740802e-01 1.936547781957094760e-01 9.162221854025584533e-02
3.670321735167716981e-02 8.061914165643548902e-01 1.953376026030163581e-01 9.232077156079696034e-02
3.441559646695600827e-02 7.770894393342440143e-01 1.795253997894203368e-01 9.270125272826020002e-02
3.100292547326785608e-02 8.050039832523240291e-01 1.832021697227629586e-01 9.097924102676771541e-02
3.145011640666363351e-02 8.956330406551017420e-01 1.982047039731028581e-01 9.240367533102436526e-02
3.326449307465012550e-02 7.301978358727120311e-01 1.909831301837691953e-01 9.303552457023879507e-02
3.561646200176615817e-02 8.185973763332025088e-01 1.998179314844932830e-01 9.917817894008346125e-02
3.806802220655520347e-02 7.963749452678996477e-01 1.918837884561622742e-01 1.016468535384612293e-01
3.190097127064542987e-02 8.743201606587956976e-01 2.023695192156889922e-01 9.068828384438308576e-02
3.488994617454453662e-02 6.957653080752845831e-01 1.752428033350327818e-01 9.057830556275130174e-02
3.347534584964893117e-02 7.668076599095322576e-01 2.011322910665108987e-01 8.175136910370633947e-02
3.112422188582274207e-02 8.297145670795701422e-01 2.076902794406975949e-01 9.673064645498699599e-02
3.436090188813264307e-02 8.208141334205770745e-01 1.889999818239224416e-01 8.948017716863372606e-02
3.257046092730941922e-02 7.507226309218182347e-01 1.959658988321590911e-01 9.229834958578628235e-02
3.343620018775539382e-02 8.085903875378781525e-01 1.728944051770311685e-01 8.474347786440143693e-02
3.151901878171693011e-02 7.600155939454030785e-01 1.905116300945590424e-01 9.084480709813029520e-02
3.202587784151633005e-02 7.468569934103190811e-01 2.134682529359763214e-01 8.809530288316086422e-02
3.234518665326958919e-02 7.942187107609300911e-01 2.052671503307927359e-01 9.999103118933538870e-02
3.406612773361878538e-02 8.686596027692874422e-01 1.926945379786946522e-01 9.956268502969578549e-02
3.237563158170037730e-02 8.216970662768341427e-01 2.032770042446383207e-01 1.031684180921963456e-01
3.536417515297248654e-02 8.000479431819784715e-01 1.876840063417908044e-01 8.445049740056774501e-02
3.205001208092769782e-02 8.460849770773674061e-01 1.952731250766782944e-01 8.603815279001467142e-02
3.302166433256636252e-02 8.123744786873836610e-01 1.898349496582170115e-01 8.568746405115150455e-02
3.188125096116766616e-02 8.547200222828297278e-01 1.820952228337945344e-01 9.353817021030844114e-02
3.384881531847748481e-02 8.307911870044339953e-01 1.807837183544789006e-01 8.925121977201919132e-02
3.344719820456423798e-02 8.229607638556571958e-01 1.940880904580824240e-01 9.730953767969215129e-02
3.719643152652302165e-02 8.108244370495318876e-01 1.953311792201003760e-01 9.444219248783733422e-02
3.351886475209798349e-02 7.989191944710700710e-01 1.766027568440187434e-01 1.048163261313741351e-01
3.155139997133282748e-02 7.233621195008352878e-01 2.032515074348703876e-01 9.462143069534602324e-02
3.289597020596182059e-02 8.606259878371931293e-01 1.937976433222380335e-01 9.078722963224780673e-02
3.151676850747466008e-02 8.425835601901826566e-01 1.800064445699531002e-01 9.257647078926470319e-02
3.178622131951686774e-02 8.264056444996934481e-01 1.861040102063643564e-01 9.021216054206487867e-02
3.382774353919817262e-02 8.189422748435911670e-01 1.778655927588048413e-01 9.360958265078150875e-02
3.129750614573687667e-02 8.365025153224184828e-01 1.881521331685940268e-01 8.960633773387188805e-02
3.068324908648637980e-02 7.380268366547632075e-01 2.052916601318728329e-01 9.673469242911997279e-02
3.308897691316609047e-02 8.171568290158806036e-01 1.893354912544800983e-01 9.295611007406891224e-02
3.352853741520613051e-02 8.115174283237390762e-01 1.928917201909576828e-01 9.928688474626080895e-02
3.492847471806419940e-02 7.625888475127916566e-01 1.862668616565245072e-01 9.383838531104223002e-02
3.279572303785115162e-02 8.282155700389972619e-01 1.916748714702862233e-01 9.571659464736488598e-02
3.482267512488163713e-02 8.054069713835394495e-01 1.882406698860623062e-01 8.411588804278678777e-02
3.531162004207212546e-02 7.797298955922400410e-01 1.917975643913593931e-01 9.022234024593833723e-02
3.302745255016456549e-02 7.683027813243031856e-01 1.930577649365380344e-01 8.996855575041726172e-02
3.409232155206393111e-02 8.024862593491655094e-01 1.919732213342134064e-01 9.313825286125577974e-02
3.223138557480399041e-02 7.884270237704168460e-01 1.860095535410105916e-01 8.403415803951626295e-02
3.713199252978389986e-02 7.193824217546016531e-01 2.064059025683234738e-01 9.376563102214552359e-02
3.186259308699847942e-02 8.002331297280136368e-01 1.920058788473838485e-01 8.738021017012974345e-02
3.360416982233577904e-02 7.967021697887506360e-01 1.846869297433871293e-01 1.025503203099473321e-01
3.340766761113881517e-02 7.884802909964440110e-01 1.836251521475990856e-01 9.413864525041609754e-02
3.648463588108128569e-02 7.458282676660608068e-01 1.959353775273895149e-01 9.230035127247733506e-02
3.229025824141564666e-02 7.800946082473100285e-01 2.005671984260010143e-01 8.692309451007627918e-02
3.483737524937366437e-02 7.970844920976705161e-01 1.935022928613558402e-01 8.933957412059087555e-02
3.631423270785961999e-02 8.194635381432360255e-01 2.092680502567570433e-01 9.392328772823942129e-02
3.147563842279357121e-02 7.849342808455807008e-01 1.829748103257039793e-01 8.779320871558973782e-02
3.517245017283069514e-02 7.920269268487580838e-01 1.937330923790126780e-01 8.740455193165184988e-02
3.427375527504549629e-02 8.507960328667428795e-01 1.831741251969293549e-01 9.409794370744993530e-02
3.382842519902694994e-02 7.502991906097908892e-01 1.769427251443534965e-01 9.026432261406858171e-02
3.127409446890837275e-02 7.294068701587673731e-01 1.899151180794423355e-01 8.711613763631581575e-02
3.496937224346142320e-02 9.173615665213982195e-01 1.862306433646710169e-01 9.138679536813110182e-02
3.290812105600774556e-02 7.743709199630197659e-01 1.819686439759604368e-01 9.350717422879024909e-02
3.736577092450762277e-02 7.785209858784454262e-01 1.976238042888508739e-01 9.936393913256537369e-02
3.368639036553199712e-02 7.865839352251566829e-01 1.947436420232629417e-01 1.049710534473990986e-01
2.947289849444018062e-02 8.586810602802924519e-01 2.105679571674740347e-01 9.076796380839591283e-02
3.177418370315591295e-02 8.220382155053066464e-01 1.921134394356316388e-01 9.332089958136516317e-02
3.462205963957620120e-02 8.115003460694090176e-01 1.800855002336236577e-01 8.818436003482374441e-02
3.244176280711298654e-02 8.336246898138964800e-01 2.053945200000244775e-01 9.480968154291534444e-02
3.399722258338316178e-02 8.005684602719060905e-01 2.003451147881385175e-01 8.919398724220531371e-02
3.279888602154246852e-02 8.074989200384679044e-01 1.855607418620021654e-01 9.012674317768566701e-02
3.250846513862091364e-02 7.838949295765306191e-01 1.957662019478084436e-01 9.526693285289608570e-02
3.349656584025791778e-02 8.227802726804726019e-01 2.149102012638207382e-01 1.034592284659462263e-01
3.239052487763115218e-02 7.396243083760954962e-01 1.968288352813310771e-01 8.729335417619292492e-02
3.317214132239144214e-02 7.738678436752135514e-01 1.953671160819120678e-01 9.246189767594373277e-02
3.507623758946887271e-02 8.108522641537188047e-01 1.845852854974891766e-01 9.188160501220801746e-02
3.545116105432850190e-02 7.792888144968567188e-01 1.675174932793300764e-01 8.846019183065956248e-02
3.273688969436949064e-02 7.375501928905817683e-01 1.884722345107859298e-01 9.923153531923523119e-02
3.111701118380799311e-02 8.714152084420915267e-01 1.993650465801836691e-01 9.348838472363087126e-02
3.393578666187523074e-02 7.372610061063910036e-01 1.899252972506786097e-01 1.064778327948638081e-01
3.368182366318454857e-02 8.083073755856587939e-01 1.856787332399138235e-01 9.313573969749458503e-02
3.449528700015028204e-02 8.049707221510195021e-01 1.893544504990315736e-01 9.899893795528048879e-02
3.449647413175654237e-02 7.906598924716712329e-01 1.943537979615580225e-01 9.289898637063295772e-02
3.091178857180532438e-02 7.584372847588317645e-01 1.858944530728534050e-01 9.113417039981171197e-02
3.097349226815735920e-02 7.525677106582366882e-01 1.945247791526517334e-01 9.029765154966952478e-02
3.530715758149521183e-02 8.196580484180291393e-01 1.864494841920546486e-01 8.891722106977906215e-02
3.302535269241334975e-02 7.575822520718430431e-01 1.944046930221891845e-01 9.547251258321660938e-02
3.473790941040928726e-02 8.360706316956854067e-01 1.890419355367013998e-01 8.724631068992462490e-02
3.443494470145726932e-02 7.546124422769332485e-01 1.864290514780735097e-01 9.709438081526873543e-02
3.444565749791179965e-02 7.978732691604081273e-01 2.012942948799087417e-01 9.507772412593495925e-02
3.383792905163834908e-02 7.727751430549316680e-01 1.861249109119349210e-01 8.428489395555428809e-02
3.611132556302812380e-02 7.743893249595455996e-01 1.756682565611104307e-01 9.895733582968387065e-02
3.107623293331306449e-02 8.288426325635850356e-01 2.092397923691670103e-01 8.680227024509402922e-02
3.525712710310795195e-02 7.751139842243836009e-01 2.076031925588470439e-01 8.229380279629021355e-02
3.478774159766751667e-02 7.358732078899820062e-01 2.043204358345161731e-01 9.524739039298114884e-02
3.351579454987647227e-02 7.530464994256604871e-01 1.858176015689784744e-01 8.046627217394446141e-02
3.102505773040399942e-02 7.155939150629702095e-01 2.082466929456139870e-01 8.221614998559099996e-02
3.363434832812098318e-02 8.055841256283045038e-01 1.865641010227341023e-01 8.843078435596275766e-02
3.365138109485912160e-02 8.162865132335753726e-01 2.092511137536114674e-01 8.867762580938932937e-02
3.353824944357219895e-02 7.720306809661865444e-01 1.973803687052239075e-01 8.544720730253006769e-02
3.374698637662109507e-02 9.120523017736547056e-01 1.804523650260695111e-01 8.701382686974475089e-02
3.384327723743515981e-02 8.113837059650553796e-01 1.909693596686060924e-01 9.198845533482559456e-02
3.485508792893926566e-02 7.534362002336311148e-01 1.855430044729710071e-01 8.606463408979528329e-02
3.308503602614329409e-02 8.025109840126642968e-01 1.989994687001187257e-01 8.455356802769281588e-02
3.535332682854826908e-02 8.346320691913304834e-01 2.021949501162014773e-01 9.199996128625914649e-02
3.127708228573310156e-02 8.643581450012927103e-01 1.799933904373321736e-01 8.159848003788328086e-02
3.411449650356802865e-02 8.587909199661082349e-01 2.098995527765595004e-01 9.571627546391747732e-02
3.529258798292481125e-02 8.131671207582762406e-01 2.162767406594105490e-01 8.479039281380292004e-02
3.406471487279141147e-02 7.784735162650199269e-01 2.112975298114306288e-01 8.786721896820223754e-02
3.373849267725730072e-02 8.202551274530301972e-01 2.087594694496434367e-01 8.757814372658859203e-02
3.482849193689195599e-02 7.949524115475866681e-01 1.983500283674042852e-01 8.223770262700066946e-02
3.184826584377669495e-02 7.686781454828919280e-01 1.874449712676013735e-01 9.950447491591257743e-02
3.506486977963537560e-02 7.273258509551233653e-01 1.817296941904782415e-01 9.457593889518982333e-02
3.251028471919990837e-02 7.731613925192227788e-01 1.984258521483740767e-01 8.920121212892842544e-02
3.373487631436504486e-02 7.359993152856452170e-01 1.923984168573876219e-01 9.104278196461891570e-02
3.270593904655463846e-02 8.122740681743445545e-01 1.836960344845596504e-01 8.136106640363198472e-02
3.324466295107919578e-02 8.153541018085255221e-01 1.810268233922149861e-01 9.855256026827767524e-02
3.565217424792027634e-02 7.487132166498690067e-01 1.982703067887480464e-01 8.543556589418201119e-02
3.109393149931046624e-02 7.909494873434262940e-01 2.024208097482522173e-01 8.532452077482043096e-02
3.281050388202426393e-02 7.607723854379693229e-01 2.047419898746608014e-01 8.447639726909873803e-02
3.525218001827963576e-02 7.756043471160785074e-01 1.989093589900326198e-01 8.419589935918891932e-02
3.137321420805824768e-02 8.417924234825507890e-01 1.903072260053763620e-01 8.519980909809987679e-02
3.546310175340065124e-02 7.794678661621886606e-01 1.834489334106805813e-01 9.145332671831574167e-02
3.179293895237143841e-02 8.310912600299769082e-01 1.928032482381701329e-01 8.517592252659188234e-02
3.369582893099570126e-02 7.894256122321904323e-01 1.969551570536872964e-01 8.460527252448354907e-02
3.271664615125430969e-02 7.642025377189299862e-01 1.955956793941472371e-01 8.603878844109368040e-02
3.139342739691820816e-02 7.809486844501422054e-01 2.067612311518927659e-01 9.048271771856102041e-02
3.438370510417204651e-02 7.814047069213666541e-01 1.894342909668045860e-01 9.935741838496292555e-02
3.230797835537138618e-02 7.772438610209160270e-01 1.972815654811928832e-01 9.272636561491665042e-02
3.292340926381425587e-02 6.907154807460060830e-01 2.153851869681880637e-01 8.847627634026911103e-02
3.359172899304309345e-02 7.999560772343530246e-01 2.008965255353084289e-01 8.353359942627903989e-02
3.358269545239295911e-02 8.379477098100078791e-01 1.956178777715639749e-01 7.870037796400659869e-02
3.554613328873105355e-02 7.358709108743733962e-01 2.084472421737764980e-01 8.686727331025899390e-02
3.401782034427389828e-02 8.245682741101270086e-01 1.898522500352486375e-01 8.680621254179518576e-02
3.397032768871278280e-02 7.616017102072547562e-01 1.828676737074015068e-01 8.699117819498944360e-02
3.173183610802664950e-02 7.822287081688575894e-01 2.003702852255007383e-01 8.475634194162050272e-02
3.218002093120863466e-02 8.231841368295973460e-01 1.792052298569342950e-01 7.978394624658724510e-02
3.254813015695414563e-02 8.145128781442541044e-01 1.891709205452747899e-01 9.643775838358538410e-02
3.227394902511143693e-02 8.061763517010156477e-01 1.933263634052647673e-01 9.207292089355159637e-02
3.143046178476090191e-02 8.103062222476069554e-01 1.986281854767277255e-01 8.939028209176091977e-02
3.365385939510001645e-02 8.427554255239748660e-01 1.815196209967342988e-01 8.788278500873412946e-02
3.720650530467353029e-02 8.120385495566122547e-01 1.967189204623570331e-01 8.966009451574252775e-02
3.006403984255674039e-02 8.366529567583149696e-01 1.961228143838788518e-01 8.904135153985895390e-02
3.446166290017619455e-02 7.528025890547545007e-01 2.012028793990483233e-01 8.327941093282995033e-02
3.342842096528092499e-02 8.514472342189746135e-01 2.011101918398259525e-01 9.245539089319176895e-02
3.327571282948765113e-02 8.169964529387163665e-01 2.025864605991430645e-01 8.538551130467132710e-02
3.010863906218710223e-02 7.449248367408248805e-01 2.040984710721918394e-01 1.027256789636433465e-01
3.539332299203139937e-02 8.351592631949463774e-01 1.938800820040050277e-01 8.436028257734805302e-02
3.249547758670378456e-02 8.162956271305260580e-01 2.074389626810755061e-01 8.380218452196602774e-02
3.183642284242184373e-02 7.881813432880825365e-01 2.018847660631293561e-01 8.013262650651037378e-02
3.087651989234787078e-02 7.953301746234752168e-01 1.871565235298405516e-01 8.764993304173351873e-02
3.574185325402233493e-02 8.567019558566693060e-01 1.777142439213895697e-01 8.130833282209794233e-02
3.473081942131792804e-02 7.991356075859684660e-01 1.926029339983922617e-01 8.754506499132644337e-02
3.591930670023123912e-02 8.365768313867033568e-01 2.092058585363922585e-01 8.556085000660454409e-02
3.404399110985190102e-02 7.696957939614592625e-01 2.012754814654604263e-01 9.185476404300529918e-02
3.445565234549818889e-02 7.811140158414232593e-01 1.985401232136670968e-01 8.546003661560830356e-02
3.541525728436224069e-02 7.556659016396698458e-01 1.821093117124014948e-01 8.625252067911225173e-02
3.260262966745815921e-02 7.723001335665521383e-01 1.832660158269509565e-01 9.080361485577755076e-02
3.452002344639549386e-02 8.169943520213444055e-01 1.888397881060950578e-01 8.627080078118642970e-02
3.494360679493933863e-02 8.081301117215640151e-01 1.993560245576853907e-01 8.097553960798670181e-02
3.705802096473730795e-02 7.388971535208427310e-01 1.906105951246256092e-01 8.457668390343688058e-02
3.227758532298173610e-02 7.351281732298654559e-01 1.886491134412607018e-01 8.825842740999129132e-02
3.221942665696268804e-02 7.697188999941393384e-01 1.958183509793145483e-01 8.318078500798384289e-02
3.143953513688343276e-02 8.171856866062620073e-01 1.850666068192934333e-01 8.824200141093684058e-02
3.132195012461268246e-02 7.940978848449575800e-01 2.161653235047778787e-01 8.923236648605030463e-02
3.063691944125660968e-02 7.801363747322196396e-01 1.805073849109807005e-01 9.430385938492066855e-02
3.271237364516810242e-02 8.188514532088736475e-01 2.061253074777638361e-01 8.955124189987023753e-02
3.634825837844926633e-02 7.951925596748636860e-01 2.069053112307310816e-01 8.075862071317942148e-02
3.445471947866251411e-02 7.758225871961159648e-01 2.106514985343183044e-01 9.481994453391576205e-02
3.258481470858796275e-02 7.892491714717577711e-01 1.982778816156587076e-01 8.707663170367085925e-02
3.547962315458795535e-02 8.281782424847122792e-01 1.967825374110296899e-01 8.701038339852160131e-02
3.436120779260032343e-02 8.230535578351252379e-01 1.860279722976529715e-01 7.982913863856916370e-02
3.754573699249977997e-02 8.178813045065409515e-01 1.912125356517091757e-01 9.006909753205281921e-02
3.237874694956136695e-02 7.322567185440088666e-01 2.061540834332272754e-01 7.815359648276154481e-02
3.230561000942429317e-02 8.260543110625060415e-01 1.744187356298212976e-01 8.826660067321079328e-02
3.033059261780363808e-02 8.183569917215951506e-01 2.011015168228491024e-01 8.509015613931462940e-02
3.138652317348974291e-02 7.532234562001584033e-01 1.828855704322199516e-01 9.325733390600858541e-02
3.445158432399165332e-02 8.015982668803027789e-01 2.010009341693410612e-01 8.881771979611716161e-02
3.248416496535422304e-02 8.249898175485651519e-01 1.839908281319569405e-01 8.894288929180121928e-02
3.323880350830795555e-02 7.758280578166081298e-01 1.993498610941970839e-01 8.570396596072243911e-02
3.484863321819478554e-02 7.666092743600343429e-01 1.807981328903194018e-01 8.390600962806293861e-02
3.077362151792112366e-02 8.033909775205304582e-01 1.903189993035720173e-01 8.800683863085223546e-02
3.359792975318556113e-02 6.998112299205395681e-01 1.905279095425925495e-01 8.497843181231849730e-02
3.279218666125701537e-02 8.315808533747454101e-01 1.961623510956122529e-01 9.275735619087342732e-02
3.343135854104482829e-02 8.459915086056477573e-01 1.840541651729410422e-01 9.342004224336868112e-02
3.490457433930637537e-02 8.011460915360008039e-01 2.011532174857545985e-01 8.280981499935625989e-02
3.224184962007905358e-02 7.846863205421907850e-01 1.923939758156900104e-01 8.827954751003111444e-02
3.059580966572139626e-02 7.874061869327083629e-01 1.915876879674984490e-01 8.724486511276874356e-02
3.358612076556870274e-02 8.093316943092010440e-01 1.892491077648299769e-01 7.918650184998930752e-02
3.226852228421761559e-02 8.794578121286741323e-01 1.846392664978207532e-01 8.733843182329342758e-02
3.140806299431441601e-02 7.667206547618879986e-01 1.994737546823309449e-01 8.314080480499025372e-02
3.553905716233553280e-02 7.818840384953630318e-01 1.971968693229913527e-01 8.393428556118832928e-02
3.444123587907259310e-02 7.256257188601137331e-01 2.209296465418538746e-01 8.719390298596786659e-02
3.384452249774774768e-02 7.434422903511643810e-01 2.020931683479606777e-01 9.352914385624969129e-02
3.499637449419957386e-02 7.584703602794218291e-01 1.922595416173000227e-01 8.808797986664217150e-02
3.510573887974461488e-02 7.697058604071247423e-01 1.925310244945892535e-01 8.368045819918490391e-02
3.418977095402849636e-02 7.616513962708668650e-01 2.137711308223435580e-01 8.207513966214824430e-02
3.293803520367939719e-02 7.962880668786449512e-01 2.035653328226097181e-01 8.336224243771800380e-02
3.201171927388921784e-02 7.875707461366183715e-01 1.850289601318486077e-01 8.420039256899131130e-02
3.177327965721399305e-02 7.175936912706336601e-01 2.044249966614924419e-01 8.669046857376894177e-02
3.363451111971837298e-02 7.278125612716885851e-01 2.086677858838140442e-01 8.064381960915449621e-02
3.512616742315821661e-02 8.161788900020610082e-01 1.847092223147307199e-01 8.678214940530984411e-02
3.442321835063345825e-02 8.017569791579364225e-01 1.772812922758761067e-01 8.336327700412499153e-02
3.420917488752869134e-02 6.939562797541697359e-01 2.007573716681049780e-01 8.243200597747539493e-02
3.632629210359469840e-02 8.265877711126297100e-01 1.782069230976997265e-01 9.124799400376149006e-02
3.295516861051241836e-02 8.341483647952594449e-01 1.939026532793743374e-01 8.944085610359701899e-02
3.233102369627066652e-02 7.865612558748736882e-01 2.042389630873717166e-01 8.520981961596746368e-02
3.588480311352112984e-02 8.302801523367367986e-01 1.829177372327877860e-01 8.794793345942837626e-02
3.162097778752290950e-02 8.412323762773371572e-01 1.770525711367669508e-01 9.052228391403331631e-02
3.615252236766992172e-02 8.317703530065477802e-01 2.054887271676282545e-01 8.502633984835616943e-02
3.353770789998335861e-02 8.289427149853048071e-01 1.757081836547613740e-01 8.817650049208614060e-02
3.361972019639550974e-02 8.309168794458804408e-01 2.000558167425003087e-01 8.477797240708564996e-02
3.355316583305283790e-02 7.555490753565877737e-01 1.955916465289257722e-01 8.143354880552347574e-02
3.409021756136380171e-02 8.048741303180827478e-01 1.952016614873567091e-01 8.457202845988801010e-02
3.518062569681230933e-02 7.917959990461006514e-01 1.813448512843923444e-01 8.708781554602923469e-02
3.484397857470102056e-02 8.035340123110655819e-01 1.905964345433469320e-01 8.370725620757618612e-02
3.584757588886388485e-02 8.341892010285147929e-01 1.997545549223716799e-01 8.964747589818317097e-02
3.239843515613295005e-02 8.027836742372977952e-01 1.759515038087111904e-01 8.461621764024628012e-02
3.282286169806911125e-02 7.381169318179338079e-01 2.056959240622513174e-01 8.637140872980182682e-02
3.476734785847680753e-02 7.541019364330189267e-01 1.795617620541284098e-01 8.341351584544812181e-02
3.289517639763422929e-02 7.752227704840822797e-01 1.942827923465978990e-01 8.434293497098252490e-02
3.470877795050613529e-02 7.738030227376554437e-01 2.004458694508131633e-01 9.433091569787342701e-02
3.039368471038216696e-02 7.724514591291732346e-01 2.172457027823113118e-01 8.181015532790042455e-02
3.603410774432788677e-02 8.153574897101713015e-01 1.991045706137839766e-01 8.944364338440373430e-02
3.274638616280019232e-02 8.308727067429382274e-01 1.906895240539623060e-01 8.510654894543269455e-02
3.249442026321192056e-02 7.643582526045189507e-01 1.949203792094314769e-01 8.587529257211357070e-02
3.772589632046944447e-02 7.039093651396426399e-01 2.152678172312171290e-01 8.223842033423105213e-02
3.173363723959041899e-02 8.268140319841092989e-01 2.007962140843970456e-01 8.605722538375654151e-02
3.392248213718501021e-02 7.455148216018007146e-01 1.832721152711095647e-01 8.985683749548574462e-02
3.497758657484029143e-02 8.028792761741562201e-01 1.968517009485578617e-01 8.179756049752642810e-02
3.529763873273912556e-02 7.961825098758024133e-01 1.828103486187312443e-01 9.108516093745858133e-02
3.487682751880418625e-02 7.845365728506364933e-01 2.004029186616663460e-01 7.785694664880150884e-02
3.197556714306312026e-02 8.428270490357526734e-01 2.058919516180979514e-01 8.362222926512385968e-02
3.104541155706834477e-02 7.687116422650602798e-01 1.943267641293300041e-01 8.554134290795448181e-02
3.070786984633893865e-02 7.255273801148791613e-01 1.861772657440271816e-01 8.628364826889187156e-02
3.127722274733749780e-02 7.653233917118298368e-01 1.974009351865243511e-01 8.193977183855917501e-02
3.263479658035618042e-02 8.679058305660981576e-01 1.807855411509693422e-01 8.572159890675970506e-02
3.447078622057520025e-02 7.453579533221726949e-01 2.156092481910356629e-01 8.570191516754685490e-02
3.339258666813739451e-02 7.617669800626534204e-01 1.902677518839426540e-01 9.043799622865220100e-02
3.314610227240322865e-02 7.897423172108326561e-01 2.032725047566347476e-01 8.476260323159505450e-02
3.131409454261833980e-02 7.939131521575003569e-01 1.802897455589254350e-01 8.366239810833171753e-02
3.857382589599505501e-02 7.664205851202925412e-01 1.984801479860489326e-01 8.873156129346276844e-02
2.995724247158294828e-02 7.667241068147876426e-01 2.040566256954332303e-01 8.301057176363833834e-02
3.299399535311831749e-02 7.737392481271078148e-01 2.065322339089791792e-01 8.634794861026452717e-02
3.090221063829138096e-02 7.936808501963513729e-01 1.808848562317231234e-01 8.720156221807842667e-02
3.800543679523889218e-02 8.227829096034898759e-01 1.950484062369229610e-01 8.526165991399986543e-02
3.233255256520232296e-02 7.945700839999982890e-01 1.927747286637021829e-01 7.568932978595363514e-02
3.479222621947566929e-02 7.596845139773761302e-01 1.789381786941834640e-01 8.410380298297648327e-02
3.598486945630940959e-02 7.516868890312460305e-01 2.024998244607564557e-01 7.813223362596331822e-02
3.421426988565656746e-02 8.452744708758449521e-01 1.764874660765559933e-01 8.071669417147130099e-02
3.205364080962186391e-02 8.049383223398132170e-01 1.746581431876044754e-01 8.136084251692188296e-02
3.329169341706662150e-02 7.740989113007704647e-01 1.787551075203502315e-01 8.728065612093653669e-02
3.465655556758147349e-02 7.651819005553998077e-01 1.974454036355169084e-01 8.584450666448019407e-02
3.398957272241912714e-02 8.444796873569776485e-01 1.846676675790762667e-01 8.790078117676049241e-02
3.261728580427301905e-02 7.433049140007258471e-01 1.995628493515384794e-01 8.211944661986400607e-02
3.364582320770081320e-02 7.923482473179610519e-01 1.913626056905105288e-01 8.657940526504857848e-02
3.121397051955737689e-02 7.749011694258709504e-01 1.867642320845087356e-01 8.377369439001373930e-02
3.108503139259138903e-02 7.748734539778459052e-01 2.003568281180430899e-01 8.611825236898160152e-02
3.555527442893308826e-02 7.285636690018135742e-01 1.972955743014628560e-01 8.301633928353908953e-02
3.426226781443634378e-02 8.294750021717561816e-01 1.926559336441005243e-01 8.407034819401715264e-02
3.196536301583218637e-02 8.128818857014377119e-01 1.959948978526943886e-01 8.479766075151480564e-02
3.410279856703821166e-02 7.891187524479512660e-01 1.982382294268626444e-01 8.715045232411829101e-02
3.279864489298286306e-02 7.528301469723592820e-01 2.137225315645142620e-01 8.540000972133482415e-02
3.234202412211814592e-02 7.861222743432851878e-01 1.931726634800858822e-01 8.262139363981849116e-02
2.933522256666314110e-02 7.787232100082217556e-01 1.710335768059452477e-01 8.651710110362791084e-02
3.503087915179185080e-02 7.788403332777588117e-01 2.059921083004187248e-01 8.309828822408545090e-02
3.429138436492340514e-02 8.482576672266598505e-01 2.108328783451673683e-01 8.409464176981400196e-02
3.326900600065257202e-02 8.166688459351170160e-01 2.139343943752014809e-01 9.078665223895242276e-02
3.446999982969049803e-02 7.611758369964912729e-01 2.048490227806983033e-01 9.099785946321808927e-02
3.155607226816203176e-02 7.352973909220090754e-01 2.074598980091078015e-01 8.212901860864345316e-02
3.429530718425831404e-02 7.666377904154262346e-01 2.108932359644879739e-01 8.322935962132023413e-02
3.345418916803695464e-02 8.119788619125983820e-01 1.868000773801807013e-01 8.132807609671448279e-02
3.286742487734826274e-02 7.147839130371512750e-01 2.171756316245794238e-01 8.480835475548199887e-02
3.508398539350038314e-02 7.841242005713827679e-01 1.937234484398474010e-01 8.579911722738260693e-02
3.272877396701376340e-02 7.097577994847512617e-01 2.132138745561494575e-01 8.341671968441939644e-02
3.443371575780515559e-02 8.291772187721563325e-01 1.972597633442549625e-01 8.321998102970064315e-02
3.538745018833974049e-02 7.264579516107264601e-01 2.041442422249195310e-01 8.899581917479161552e-02
3.637608738239906520e-02 7.735147272255672446e-01 2.205898913879531797e-01 8.368714214033917687e-02
3.811591936590357638e-02 7.742797440010804610e-01 1.848776186067344063e-01 9.546258507252451675e-02
3.354192743680887989e-02 7.791920546457096197e-01 2.007559870724635043e-01 9.728673353948977254e-02
3.358983702695691326e-02 7.239624725249553805e-01 1.983700420031656864e-01 9.000438957745106328e-02
3.511878467773706797e-02 7.762759636921523487e-01 2.138843062240463333e-01 8.896831322057691116e-02
3.323496779936264967e-02 8.337569173411556456e-01 2.236227635428549854e-01 8.509642524069331582e-02
3.419527341013724880e-02 8.102375693573309334e-01 2.042307892660130131e-01 8.784066199734029412e-02
3.183584270361322632e-02 8.160049232003373509e-01 2.040469031757227436e-01 8.348144161684883935e-02
3.379721253166734912e-02 7.017016290085467123e-01 2.013981396226759701e-01 9.056331686493175603e-02
3.252337895424173286e-02 8.667395502787588191e-01 2.087757570230587834e-01 9.350076114632242807e-02
3.093906377747457706e-02 8.286317823256711401e-01 1.870714955247901878e-01 8.649919880774441239e-02
3.217540495940090367e-02 8.239275102661502981e-01 2.048662124084233704e-01 8.714854007582745199e-02
3.254828717473939176e-02 7.752254072574468191e-01 1.805524311563175832e-01 8.400295658093638596e-02
3.179225039740080777e-02 7.154508106923087585e-01 1.927384765945180656e-01 8.489007505694233513e-02
3.511338021234138018e-02 8.467517890857612084e-01 1.853548386439251294e-01 7.940412087947050501e-02
3.378404201957115743e-02 8.435294001891973092e-01 2.112354471132832090e-01 8.249239147635958891e-02
3.649661320398309844e-02 8.092364058606567045e-01 2.079141376915419892e-01 8.362969442557555144e-02
3.403892834098711656e-02 8.279394192147571108e-01 2.179983214681617820e-01 8.840095452588676850e-02
3.291622269114907740e-02 7.817897229396649772e-01 1.870014599725570437e-01 8.837248061640931573e-02
2.835199550031328522e-02 7.585068683029745351e-01 1.872277046175825910e-01 8.877588970108502009e-02
3.423610095005099468e-02 7.841101021349792255e-01 1.938316705573138732e-01 9.304621694748144156e-02
3.198375683041277534e-02 7.883015993042451486e-01 1.772449458954299673e-01 8.270725057127842339e-02
3.621812561200252190e-02 6.849707590620456310e-01 1.986407587148549536e-01 8.793606014627727840e-02
3.483695103993789816e-02 7.578306182717096107e-01 1.905797410904084832e-01 8.654422885126550335e-02
3.247351874897844853e-02 7.826971683619461384e-01 1.980637973756576020e-01 7.531533049283653525e-02
3.146853622041273502e-02 7.478249367273415160e-01 1.952177993041242232e-01 8.187181575966070990e-02
3.340610276544012103e-02 8.532534848554200746e-01 1.932545815813687951e-01 8.430148462718722868e-02
3.299226936371726926e-02 7.495281908907924784e-01 1.915839477470214214e-01 8.516772342945803931e-02
3.366182597252659336e-02 8.063536961815337412e-01 1.817464986230555024e-01 8.177362936960615170e-02
3.621460049231479961e-02 7.537685998265015730e-01 1.917872562575167472e-01 9.753904447682598677e-02
3.073173164941315344e-02 7.528100626163777287e-01 1.702219998603224649e-01 8.545593976490353794e-02
3.254899509198551366e-02 7.510680531871269938e-01 1.913173465260951389e-01 8.680243382017670262e-02
3.441726673010590820e-02 7.378816755851688169e-01 1.968277827089940923e-01 8.256211938977649212e-02
3.907449741123605186e-02 8.943902362298101760e-01 1.749743497322670538e-01 8.360666819219127188e-02
3.207664623710818064e-02 8.395091840671438099e-01 1.970841019197868693e-01 9.094741260788191672e-02
3.259180976702900218e-02 8.500692855302378614e-01 1.926708838819011504e-01 9.405614252834622324e-02
3.391636757065312480e-02 7.486935234093174962e-01 1.851422398235830491e-01 9.460952994046141484e-02
3.300300147783009896e-02 8.240433260375322755e-01 2.031896442437926553e-01 9.089591187825664387e-02
3.222306559641893026e-02 7.797817656704704170e-01 2.001110092796828943e-01 8.512870321171965571e-02
3.535931197485638056e-02 7.764290807990624765e-01 1.989526723473369896e-01 8.452357315221342704e-02
3.629969325722209178e-02 7.590874758727157445e-01 1.974316709566551753e-01 8.645672199760399967e-02
3.544771819817195413e-02 8.135583914080634083e-01 1.776046344727576776e-01 7.802064455187160408e-02
3.166982977911252800e-02 8.114945118269393243e-01 2.017465070295090257e-01 8.477938444727389777e-02
3.240785471543888158e-02 7.913817903863982206e-01 1.948979733330501174e-01 8.511127900808128366e-02
3.285638266208189273e-02 8.691558379374593191e-01 1.918674274503149035e-01 9.559790654553261546e-02
3.282164169753389732e-02 7.926069283901768792e-01 1.905159811559501981e-01 8.547245734458849831e-02
3.609457391734211679e-02 8.023226430180884217e-01 2.063466681920402557e-01 8.600843074561442814e-02
3.751686262842802294e-02 8.275862239601099457e-01 1.898981607591493370e-01 7.894599777571291443e-02
3.018516945233955945e-02 7.827188677242080672e-01 1.872365293781171336e-01 8.918520196733131788e-02
3.261468276223781354e-02 8.210408938324591510e-01 1.977971683254337032e-01 9.242455541266431096e-02
3.211265668077168539e-02 7.507002585007250817e-01 1.868966497252363412e-01 8.358461819360923917e-02
3.384539736693635559e-02 7.482910406143187254e-01 1.944074274306663852e-01 8.366398185283141498e-02
3.374452984721248994e-02 7.778763855028212326e-01 2.004641881672365733e-01 9.017006359016277450e-02
3.499046218636035765e-02 8.508458459095220583e-01 1.858386767595662792e-01 9.274414855732608653e-02
3.383904556142073444e-02 7.987313894585216234e-01 2.102247477599434866e-01 8.962678853598493589e-02
3.548366878367491956e-02 7.881552929927180262e-01 2.011970392437789634e-01 8.788605539352460638e-02
3.331482391638200535e-02 7.803129623078826071e-01 1.972684568028412189e-01 9.201342308744621390e-02
3.423661724549927066e-02 7.790153686412445433e-01 1.977378680675970224e-01 8.236161041116235593e-02
3.438787374219243881e-02 7.555975766447607933e-01 1.717960716247370900e-01 9.138561285014303037e-02
3.323710100086055275e-02 8.134730939211146650e-01 2.123211094705096391e-01 9.105193648994946987e-02
3.348490317553402124e-02 7.906447892324945936e-01 1.948008781607577233e-01 9.064629287539138769e-02
3.242936820776125967e-02 8.192780860507399288e-01 1.843241611123259405e-01 9.278577345677231636e-02
3.053255113805499604e-02 9.288369591128508018e-01 2.048058114902796545e-01 9.298640982205208516e-02
3.410418917017833673e-02 8.245858370438150509e-01 2.022077270823738337e-01 8.851757652094473239e-02
3.349791931864394556e-02 7.867785256812271921e-01 1.933134543469011701e-01 7.862384334161270916e-02
3.307373398300205575e-02 7.952270113762264225e-01 1.848418771207885336e-01 8.834756559472807524e-02
3.586676357499650469e-02 7.424208983566952247e-01 1.880458679986223569e-01 8.955233716700196356e-02
3.428976959678903952e-02 7.884877765410979178e-01 1.837792666644762762e-01 8.804721700664584760e-02
3.477933404192963540e-02 7.730253855176324462e-01 1.933450394718045917e-01 8.531198196367814623e-02
3.113381547247660863e-02 7.827439806370679598e-01 2.045866305512681893e-01 8.954583130507855204e-02
3.209187575755757804e-02 7.536462386582946094e-01 1.902200911248582149e-01 8.516535155627569242e-02
3.668661713232906213e-02 8.200914967602515038e-01 2.077455122141725896e-01 8.557641589629140511e-02
3.463198549719515712e-02 7.462226399936030541e-01 2.139705883412895138e-01 9.178266408122680298e-02
3.335851700511701518e-02 8.208596759964466028e-01 2.022728884172971253e-01 9.356811840647390188e-02
3.549996918276239477e-02 7.943738952572024781e-01 1.992611567808979245e-01 8.635160013602528883e-02
3.331774113001322035e-02 7.890202459641142418e-01 1.797903463675935565e-01 8.601064904774913256e-02
3.401972012843882537e-02 7.517348077940746442e-01 2.047132296612456104e-01 9.174827589082180934e-02
3.331038408461737405e-02 7.754505622636462814e-01 1.839939898234770055e-01 8.567442094954885734e-02
3.423995940407338623e-02 7.288326146884259726e-01 1.885686482297765365e-01 7.925594067052291192e-02
3.202881222225603675e-02 7.910125841037987104e-01 2.052579944674929879e-01 8.520704290665342961e-02
3.165349909363220082e-02 7.955010174905943199e-01 1.956637574272526436e-01 8.584084944983645660e-02
3.741019929812169909e-02 8.005016708255415780e-01 1.976332993815458627e-01 9.230927802623309364e-02
3.322868940658307152e-02 8.172208647629931599e-01 1.891471788534052623e-01 9.200512566694747651e-02
3.305481684779135870e-02 8.177561286355174985e-01 1.850354527887428380e-01 8.356502438247956355e-02
3.026923618390640891e-02 8.042808982526499229e-01 1.925710286912330760e-01 8.821853680430739864e-02
3.619247167063913834e-02 8.399805924492677045e-01 1.870134843208094422e-01 8.947098705005894492e-02
3.248358484796205758e-02 8.049474771988366362e-01 1.817181095129542234e-01 9.377737593514283432e-02
3.306469689488227004e-02 7.418715098344845771e-01 1.947290951703640749e-01 8.630305631900837826e-02
3.361065672263004872e-02 8.010341249795740470e-01 1.941038500556607205e-01 8.373779984253258701e-02
3.322728945360074737e-02 7.904158611310666549e-01 2.136791130862434052e-01 8.602776897117526966e-02
3.112436820575598118e-02 8.123735013328076127e-01 1.802856358815619897e-01 8.219165859672107610e-02
3.352182739426001062e-02 8.304540341408853665e-01 1.930943782943137232e-01 8.438149748309510534e-02
3.300957831748033144e-02 7.915475658852062502e-01 1.771940040826527341e-01 9.249633984199462367e-02
2.994075346570444773e-02 7.749656811689019653e-01 1.834700083429113560e-01 9.276162895540916720e-02
3.029749335027496701e-02 8.388325332587319716e-01 2.139158331451969097e-01 8.791464443492537362e-02
3.235986094161158455e-02 8.049988710248223711e-01 2.044951818222813522e-01 8.446095519193443091e-02
3.637523202225385194e-02 7.247149439921997116e-01 1.957697484480581951e-01 8.293920867023189814e-02
3.244401433697369913e-02 7.737807414691402208e-01 2.041523088443155387e-01 8.715522929948375797e-02
3.388110067704565992e-02 8.012081871207443751e-01 2.013603715845488085e-01 8.905090364469815667e-02
3.234660291969449625e-02 7.922733561320970397e-01 1.909101305574146534e-01 8.536278596614491065e-02
3.221175163575028255e-02 7.279147641971958071e-01 2.035881457931357497e-01 8.995560634538442291e-02
3.045392234816468938e-02 9.195947695884980622e-01 1.956389758376150256e-01 8.732487255563717299e-02
2.924412823278729062e-02 7.821164608786574934e-01 1.926057012740021446e-01 9.626645291299193441e-02
