1.000000000000000000e+00 1.000000000000000000e+00 1.000000000000000000e+00 1.000000000000000000e+00
9.139555858465692850e+00 5.599427144270898715e+00 3.581284357900098712e+03 3.489534016431287272e-02
8.805731779248230140e+00 5.493288681779199045e+00 3.299525007776820530e+03 3.882160743187737517e-02
7.025052029433340728e+00 4.179780203274783723e+00 3.422395715800061225e+03 3.541467183593359491e-02
6.936915802018140731e+00 4.176030797444135523e+00 3.015975062417428035e+03 3.650425474946894511e-02
6.750603888876551828e+00 3.774906760102700876e+00 2.972576276100904124e+03 3.449642788857133074e-02
6.409464928659655669e+00 4.030190179254528715e+00 3.176375054969909797e+03 3.437631868782670824e-02
6.750874299730879713e+00 4.318413162357812141e+00 3.264202848966061538e+03 3.321436011295345742e-02
6.753297247891116406e+00 4.254095684591892024e+00 3.083375067515124556e+03 3.398969368800994206e-02
6.458293186605351011e+00 3.768080099975103625e+00 2.882334155372923760e+03 3.373693314222746265e-02
7.786701248097544159e+00 4.138493789885719032e+00 2.931819041622515670e+03 3.579305574186731481e-02
6.124479000984765165e+00 4.069936578011546402e+00 3.793904314310045720e+03 3.132300507541879026e-02
6.522836358617606578e+00 4.293272786165187149e+00 3.252337715372450475e+03 3.424805068576152606e-02
7.228232098133409167e+00 3.923591742452847253e+00 3.028356828470197797e+03 3.320375589973613428e-02
5.334511134085775375e+00 3.387284510525447434e+00 3.223381600964772133e+03 3.602748141887104905e-02
5.678365318640002712e+00 3.511142051801332542e+00 3.135718111874632541e+03 3.610583008485777207e-02
5.436054678621856873e+00 3.473129468047184698e+00 3.086867039688455407e+03 3.465215586127429886e-02
5.413460542452114055e+00 3.161209838330841571e+00 3.059652292505477362e+03 3.510436477307290332e-02
5.238434110711906122e+00 3.304433430155499174e+00 3.101999670542397325e+03 3.381402595337531375e-02
5.747049489461367955e+00 3.781355230503968823e+00 3.093868627242116418e+03 3.310959676439920868e-02
5.560625527177727179e+00 4.025478498664820215e+00 3.078940397808129092e+03 3.379145611667526417e-02
5.774168262305429344e+00 3.386756292193224382e+00 3.181412789161726778e+03 3.484824640484118774e-02
5.497642824038818432e+00 3.341032240581923940e+00 3.400888295760462825e+03 3.133694992574104221e-02
5.672271782794727990e+00 3.433016732658022985e+00 3.091854789396243632e+03 3.487186354080358541e-02
5.104836694427437038e+00 3.162324784945071965e+00 3.053632436130129918e+03 3.462206704624066350e-02
5.221167779515352159e+00 3.119908191225892580e+00 2.836904436160601108e+03 3.316432461823744238e-02
5.916739952319209017e+00 3.402568817695389214e+00 2.871027328537438734e+03 3.270054793054259779e-02
5.039735132339568935e+00 3.026433092557682780e+00 2.956021492470742032e+03 3.598052799123099832e-02
5.402293236751595451e+00 3.306316570895984963e+00 3.068524431058227492e+03 3.610352812498215241e-02
4.754195177156995022e+00 3.253565467399340161e+00 2.798125904179227746e+03 3.150396032579601269e-02
4.238395950358503583e+00 2.718623403124354354e+00 2.658696988243576016e+03 3.312189604871824261e-02
4.583971665069257462e+00 2.843145852367778836e+00 2.887091028724701573e+03 3.337537168595217790e-02
4.413708566329286320e+00 2.883097410570801600e+00 2.631499144345104469e+03 3.503187062454626854e-02
4.042971139755898058e+00 3.003854792508641847e+00 2.604556050225085528e+03 3.241022849586552151e-02
3.868467873252503963e+00 2.470713272713169317e+00 2.319114751532658374e+03 3.506567605942433746e-02
4.494676813683441630e+00 2.629758694367439809e+00 2.642851052919499580e+03 3.637526208139390399e-02
4.553807026400922275e+00 2.524060983680973091e+00 2.816171249988535237e+03 3.574910741554240129e-02
3.900107877363388820e+00 2.401775095085799006e+00 2.316568301395753679e+03 3.479291696888087149e-02
3.820597108999362668e+00 2.503432959851024542e+00 2.418879541470037566e+03 3.409769132193365970e-02
3.661518560293557378e+00 2.208816439233370232e+00 2.797795371852350854e+03 3.266517614297951427e-02
3.713906527678347391e+00 2.250678537370264465e+00 2.307788687302080689e+03 3.894897780681781663e-02
3.872930099999117637e+00 2.328345651743670697e+00 2.684800320722938977e+03 3.628156938311048740e-02
3.457388425622704986e+00 2.070030376392942184e+00 2.265427795261820847e+03 3.507157811762375704e-02
3.130196663620625763e+00 2.031770330616346598e+00 2.146923483073197986e+03 3.816992923193635034e-02
2.821205407792779507e+00 2.072370884690139636e+00 2.120944328624944774e+03 3.453859337388284073e-02
3.235200790024298279e+00 2.187149635410925441e+00 2.219500365248980415e+03 3.644565729784730174e-02
3.104162110836395261e+00 2.221337348766263986e+00 2.201141274040622648e+03 3.418228835714437475e-02
3.096606663454601005e+00 1.942580596694852835e+00 2.094207954857749883e+03 3.611980938177603018e-02
3.012295742399540011e+00 2.073061314263472177e+00 2.091677379738859599e+03 3.604853675628866966e-02
3.195649217320372326e+00 2.175212578024972032e+00 2.235169903136821176e+03 3.651748807908836159e-02
3.090678292448197695e+00 1.898687706011943144e+00 1.902525867673168705e+03 3.440236531373642992e-02
2.810469994491284318e+00 1.976530852095266688e+00 2.113056639361669568e+03 3.525344490206869935e-02
3.261976486191479729e+00 1.886794100667348761e+00 1.946550320795923199e+03 3.695701080036121328e-02
3.098948230959901906e+00 2.104751176282264158e+00 2.121945401615907485e+03 3.371347964215630488e-02
3.164741991942653154e+00 1.818979525868460678e+00 2.254994608096862521e+03 3.608189502516680192e-02
2.738541603045518968e+00 1.938565527596487703e+00 1.820488462269049478e+03 3.531906174612837318e-02
2.984740506142264049e+00 1.959850083761673023e+00 1.867462860095313317e+03 3.723909422110269901e-02
2.070948419947159724e+00 1.496334595475106388e+00 1.467792476238931613e+03 3.412571694438239212e-02
2.196379528377674806e+00 1.483460129219702495e+00 1.423323058525353645e+03 3.702751175430989833e-02
2.096380882075969510e+00 1.439802757442407044e+00 1.394035866806486638e+03 3.538175131890164415e-02
2.188798839222900305e+00 1.410343613737433222e+00 1.275526010271123369e+03 3.486016297906421868e-02
2.196213438869437429e+00 1.524083647178187562e+00 1.511371825921369236e+03 3.500317334061404245e-02
2.208951621679313249e+00 1.534361950570875210e+00 1.475360701774549625e+03 3.643632664812278266e-02
2.120587133230649624e+00 1.440365837303607899e+00 1.422436209151475396e+03 3.683157457067234158e-02
2.004108774145012539e+00 1.420274640415889689e+00 1.544269590473055359e+03 3.835104763249894133e-02
1.846322052190329854e+00 1.629617499964309379e+00 1.552320828783407023e+03 4.217106300828154380e-02
1.759421706691059129e+00 1.224381470023230944e+00 1.252483659331217950e+03 3.931891963175450366e-02
1.883161698689020058e+00 1.276612693743512938e+00 1.307361851487081594e+03 3.365755165808897997e-02
1.793910100681184616e+00 1.278613259372322508e+00 1.367177300736825146e+03 3.603924753504315903e-02
1.495615449460711233e+00 1.043220980375999529e+00 1.106382834533484356e+03 3.831170968263027110e-02
1.420875218745863533e+00 1.041744866594991992e+00 1.019307551038737984e+03 4.169410114762046177e-02
1.304720710543404882e+00 1.083431443308551678e+00 1.192110579750607485e+03 3.715609234659052185e-02
1.349326726843829372e+00 1.090258536840349235e+00 1.131676206314835326e+03 3.824870010420446109e-02
1.496228504783958968e+00 1.111626125598994319e+00 1.334246770725700799e+03 4.383476562629556872e-02
1.526581002139082210e+00 1.101756690935696836e+00 1.250174455141534281e+03 4.234466602819490777e-02
1.449032967940126149e+00 1.077288577860320729e+00 1.172867155394426391e+03 3.935258936040273575e-02
1.425402595870390199e+00 1.147387552339461214e+00 1.178822273548928479e+03 4.079347282528685698e-02
1.439025144508152776e+00 1.048744523150052288e+00 1.061518526292141360e+03 3.845968961419518606e-02
1.256989161787994247e+00 8.701002585820474255e-01 1.124055776727246894e+03 3.925997568060667076e-02
1.213625654687523037e+00 7.955818643824335012e-01 9.348290417826292469e+02 4.331002307823045988e-02
1.226479635796533740e+00 8.785525330259421617e-01 1.216616721893607746e+03 4.010491892356884969e-02
1.304820199323336150e+00 9.326670958960854296e-01 1.182914184461618788e+03 3.994476224593901392e-02
8.487095770540630246e-01 6.248248425380836801e-01 1.004413413174097059e+03 4.648629443510349929e-02
8.494296455481581409e-01 5.966656293201729744e-01 8.777205465954448300e+02 4.741660794724834871e-02
8.735472361656226870e-01 6.675879260330706000e-01 8.550192100075178132e+02 4.411807379854153915e-02
8.400404686887397165e-01 5.602881587944544828e-01 8.851276355916294278e+02 4.609041200821068635e-02
8.896862730395581620e-01 6.506929455718364341e-01 9.278454660444091360e+02 4.638740859441038006e-02
9.180006695366329517e-01 5.800693331711403999e-01 8.718062180298408066e+02 4.254793012411355047e-02
4.226311012366150144e-01 2.282087215875605590e-01 5.248099804910153807e+02 5.726841039070914435e-02
4.201666443747369417e-01 2.398173818523489653e-01 5.250860416424641244e+02 5.201666254080607871e-02
2.742000661341826295e-01 2.001394466758509849e-01 4.156927037293289118e+02 6.129384157751535667e-02
2.836959185654555071e-01 1.863153456673948549e-01 4.018657011112965733e+02 5.787673777063065406e-02
1.313830042931813658e-01 1.279153285120959715e-01 2.646661977824116434e+02 7.292373318524383863e-02
1.344186851925657233e-01 1.195621742654889158e-01 2.512683444352142885e+02 8.115407224067582026e-02
1.468943309105959771e-01 1.100480410722351754e-01 2.656395819012640231e+02 7.034568960689946415e-02
4.655418132104554435e-02 4.991073720191229607e-02 1.069220311594585411e+02 1.393858448872169753e-01
3.952421767278348208e-02 4.938370462054893911e-02 1.059490804777807824e+02 1.283166830664851654e-01
4.677279800346403199e-02 5.128909460730737141e-02 1.112866182139706268e+02 1.489205508589550864e-01
4.049915719052403495e-02 4.925120560521320523e-02 1.085617108088243015e+02 1.266093240840713563e-01
4.603239401066350905e-02 5.033125609672171180e-02 1.072669355558693951e+02 1.373260391126462920e-01
4.384269171887166666e-02 4.178618325942209250e-02 1.003312075244600408e+02 1.468721159484819849e-01
4.265492695820150698e-02 4.238863911692773018e-02 9.989768148673555004e+01 1.542602199768496052e-01
4.137017143915010936e-02 3.988607940630459897e-02 9.628205984730867328e+01 1.427205869674753325e-01
3.786881579420096205e-02 4.231335650518901897e-02 1.032999288556754323e+02 1.600832964092966659e-01
3.845382002899194046e-02 3.863539611845904359e-02 1.011980918600308428e+02 1.699091592672660744e-01
4.003859677140628875e-02 4.337416276755973188e-02 9.859443948291782078e+01 1.583147808081110663e-01
3.953144273391252794e-02 4.092129480847192524e-02 9.876673480886276479e+01 1.468946690667259358e-01
4.144901252093515648e-02 4.429401781664536047e-02 9.553643916199627029e+01 1.488297726181839475e-01
3.760836373451810488e-02 4.150999720822497185e-02 7.083351803585361495e+01 1.859451560986634944e-01
3.479802780114017724e-02 2.969237839922257705e-02 1.132733043230132708e+01 3.423133862004820727e-01
3.795888650391475438e-02 3.262725660890711255e-02 1.128403796807119264e+01 3.425513022227533177e-01
3.661016004094915649e-02 3.095671288290506931e-02 1.163243903570156945e+01 3.523742546665792341e-01
3.476362369025549209e-02 3.202019253369214197e-02 1.167812409090657333e+01 3.624156925969210796e-01
3.532211714556311721e-02 2.793983076537310747e-02 4.485343903749344996e+00 4.289501571526711521e-01
3.662662365838861150e-02 2.801648010880277567e-02 4.263784286421379299e+00 3.688269117843495648e-01
3.717178273016691348e-02 2.728115273158656859e-02 4.575014603326201801e+00 4.397637863569058836e-01
3.846962199515173431e-02 3.137899068027267396e-02 4.964538215969771962e+00 3.994732217732258617e-01
3.416288611058249103e-02 2.915465886452552752e-02 4.637435506907702454e+00 4.078753750485958340e-01
3.515575565911140121e-02 2.867960953293396953e-02 4.968227301814964747e+00 3.904077139450298772e-01
3.876146579741203413e-02 2.890494915828946410e-02 4.571262621239040591e+00 3.464128459284298023e-01
3.971093811341538937e-02 2.802865694617937692e-02 4.129903297088613812e+00 4.176970306286618695e-01
3.528900659518206112e-02 2.542615126011298771e-02 4.524146427687652405e+00 4.073964242609769970e-01
3.258081373921985213e-02 2.844903513640807333e-02 4.408508063197600357e+00 3.759671038491390616e-01
3.614939162041416743e-02 2.807728994997799737e-02 4.379328374868332041e+00 3.825967161995401100e-01
3.519926580879700201e-02 2.604312712279499217e-02 4.359172959892259946e+00 4.124193866621175819e-01
3.445616673668047691e-02 2.855445276595216034e-02 4.295282198935638895e+00 3.958338043238085469e-01
3.460053575564877443e-02 2.704156064448727526e-02 4.373236664344754665e+00 4.314648666907653363e-01
4.500656547078029507e-02 1.785782755391802923e-02 1.962905288233969925e+00 4.947407245067844683e-01
4.861070318410085772e-02 2.002792740548891073e-02 1.912335904706615075e+00 4.639463780131081738e-01
4.805212008582696731e-02 1.884855124444384175e-02 2.053032629203867199e+00 4.575339511709366480e-01
4.168813176726422765e-02 1.928358823656326632e-02 1.998707369821183022e+00 3.872520243801112483e-01
4.397011154315656062e-02 1.764925825587497846e-02 1.816993989930178577e+00 4.873995516176128917e-01
4.028319288871473614e-02 1.834837855023340944e-02 2.003136671072355934e+00 4.755045867873098353e-01
4.403386204801891524e-02 1.742783385650458969e-02 1.978604160188101924e+00 4.758851880454513794e-01
4.458280794059793495e-02 1.784794175925867241e-02 1.974857705178595157e+00 4.682947294548726047e-01
4.464439012944750040e-02 1.771119338652604389e-02 1.885067900413515796e+00 4.434666615546027368e-01
4.356777136419003743e-02 1.956598090156401459e-02 2.181714129461399754e+00 5.406875255829854954e-01
4.252948121241340723e-02 1.995954940747489761e-02 1.882373306732644247e+00 4.896115529276785505e-01
4.376040321567208069e-02 1.895231744571231405e-02 1.812141783566258768e+00 4.566855140441360983e-01
4.638789484277966446e-02 1.773204896222889751e-02 1.820725073405152106e+00 4.521625929813267719e-01
4.320191753438026167e-02 1.670086202694628583e-02 1.702285100175033206e+00 4.601672700078541234e-01
4.000823692602250431e-02 1.960714436110323755e-02 1.800384306968138004e+00 4.751891098443900563e-01
4.197326325619948201e-02 2.042200896652212466e-02 1.761240492044418016e+00 4.291860829523691523e-01
4.281807531260319044e-02 2.061543449910291717e-02 1.807422883055937346e+00 4.427563863088691543e-01
4.099337470082003998e-02 2.076048953699214869e-02 1.721888238501522617e+00 4.537935813858851586e-01
5.116103599770420451e-02 2.025706301220557906e-02 7.777674807813002023e-01 5.179983031968078411e-01
4.576087788941563678e-02 2.140631783548457845e-02 7.015786083290379560e-01 5.462213618627667078e-01
4.839000462463561442e-02 2.204003084349485247e-02 7.049825166079557448e-01 4.969465507177768804e-01
4.851006186687761151e-02 2.407133586003221484e-02 7.123240914422236392e-01 5.006091880005414385e-01
5.006379252034658806e-02 1.924559953700703471e-02 6.967406842831070923e-01 4.754224162504570583e-01
5.110852405561978895e-02 2.370125708274446741e-02 6.512746702329393900e-01 4.421443329046485515e-01
4.743708219451939212e-02 2.249078588199998271e-02 7.592334217613408986e-01 4.795275068120499751e-01
4.630006574700846339e-02 2.328997461109023545e-02 6.687267261996200363e-01 4.925945212548220598e-01
4.556504159226051898e-02 1.988353513395511515e-02 6.606015422357676137e-01 4.650540886546485342e-01
5.031436956465473731e-02 2.026704812643591314e-02 6.983867877058808071e-01 4.762882285296344831e-01
4.836817287839579455e-02 2.182715739491731741e-02 6.803690058798643747e-01 4.399052178584964001e-01
5.005864281325233395e-02 2.229368326812843776e-02 6.855144946535561834e-01 4.620998015576417428e-01
4.867248662740444876e-02 2.201707436433739118e-02 6.825364825148657610e-01 5.323973752178616792e-01
4.923277916488668499e-02 2.165947633984456958e-02 7.392619080986985169e-01 4.479701794858810815e-01
4.745648704371523141e-02 2.147051204693280202e-02 6.303898617661570780e-01 4.873066257668541290e-01
4.557407949794243379e-02 2.304091854160345704e-02 6.929731255385699340e-01 4.841547883700116905e-01
4.884161513148858880e-02 2.216887163982289230e-02 7.022033115075564380e-01 4.946272727099579325e-01
5.302855131954369722e-02 2.193166399123542762e-02 6.975617433239755805e-01 4.713771362533907827e-01
4.772628655704803241e-02 2.435477156782643940e-02 7.635594222673220965e-01 5.019021451855664173e-01
4.372735331316832119e-02 2.274223202683223546e-02 7.040722013833337067e-01 4.667942698779477539e-01
5.219529500676542422e-02 2.190808303327115847e-02 6.529284915141823076e-01 4.347662306077962335e-01
4.827305432826178855e-02 2.126694692523682997e-02 6.970044253401661560e-01 4.660419791223975317e-01
4.837054785774030918e-02 2.005582891834032169e-02 6.701334978847126589e-01 5.024091554722560637e-01
4.964407407644822606e-02 2.020711268539985769e-02 7.159111813299100513e-01 4.870176250841044552e-01
4.476348920477776772e-02 2.182899830446995149e-02 6.628022218894096262e-01 4.770876767638300153e-01
4.651584141207676382e-02 2.259575186741617780e-02 7.496171786888053967e-01 5.243518748997754164e-01
4.648444430549357465e-02 2.072204281075607640e-02 7.202183975385600956e-01 4.943680539377682814e-01
5.011374518384903443e-02 2.206638403194832385e-02 6.586179711770282497e-01 5.034333911964445907e-01
4.704128556638254022e-02 2.019213798859464948e-02 6.867322102039156162e-01 5.439160611664072276e-01
4.666290426224525834e-02 2.009621406727567922e-02 6.875635829303602398e-01 4.877565648228389117e-01
5.212998987502264620e-02 2.263189741344222294e-02 7.087515937176451786e-01 4.777703666543312577e-01
4.990464012629950569e-02 2.067082775124767791e-02 6.864327173207782629e-01 4.935658311002756871e-01
4.927920831735926183e-02 1.914628157737270978e-02 7.484401782676707304e-01 4.694721167482290847e-01
4.992428466001193332e-02 2.146845683280620976e-02 7.153694420415322996e-01 5.307198382839989348e-01
4.371878525447762953e-02 2.113602857290466930e-02 6.878223682122434068e-01 5.059106977724259213e-01
4.936532767636261920e-02 2.161867401282166132e-02 6.687083447043735696e-01 4.482317315101367328e-01
4.679889039851096305e-02 1.997572124011542938e-02 7.342045286391447600e-01 5.086291328134431300e-01
4.387896017966120416e-02 2.204725524937631992e-02 6.380534297448473557e-01 4.843669912094136776e-01
4.977822722353445611e-02 2.102051601883867318e-02 6.392803298127295308e-01 5.087369558598774377e-01
4.701172248984931273e-02 2.211804556258673699e-02 6.943636715712108165e-01 5.159940168742681577e-01
4.750481668975779087e-02 1.970967328290916878e-02 6.550003281933600707e-01 4.791373634983111529e-01
4.927065846232357021e-02 1.667335279716543675e-02 7.226227286012861795e-01 4.692863643236680482e-01
4.547889839495578013e-02 1.897407755562628001e-02 7.068258377010054883e-01 5.774264003261885270e-01
4.996867420730539966e-02 1.777743052899920240e-02 7.396422397705755269e-01 4.780853296251795226e-01
4.861362423712602826e-02 1.779017249736320957e-02 6.640491306052038745e-01 5.170305335927428692e-01
4.684185057823504750e-02 1.656930328253517284e-02 6.803009278906961832e-01 4.964503266542240056e-01
5.147702642635020032e-02 1.710031235982108211e-02 6.975146955400972626e-01 5.320883269700447116e-01
5.352052503358423197e-02 1.650816815645225061e-02 6.964342024680362231e-01 5.182423796379095338e-01
4.768002100744510308e-02 1.851135720188773481e-02 7.129347512063696213e-01 4.559118892516351162e-01
5.592259315011069432e-02 1.723920681202410071e-02 7.127748386160779326e-01 5.019471375537518654e-01
4.753161679289111957e-02 1.730288411649189007e-02 7.177242637202820852e-01 5.026943956706491079e-01
5.511893303727072313e-02 1.698780632869785479e-02 7.538303708509913603e-01 5.343969440968544538e-01
4.964930823508226232e-02 1.717989924330202978e-02 7.281679768136106734e-01 4.915483370099674731e-01
4.443084253496464020e-02 1.993142640236521962e-02 7.448283369273210885e-01 4.736788975746344388e-01
5.053109662058372781e-02 1.894768918941827293e-02 7.240886065116478587e-01 4.702966442373609501e-01
4.801213771466936175e-02 1.681084265902774502e-02 7.247416713768828345e-01 4.958993104876735503e-01
4.872133979643938906e-02 1.803319603657081716e-02 7.176874254317947566e-01 4.942195489840208733e-01
5.005310144105935138e-02 1.828712300041776539e-02 7.042623720048093450e-01 4.943743341057851848e-01
5.187367135719089112e-02 1.750569904196263432e-02 6.653163341479619852e-01 4.872403393577890984e-01
4.967158960161591891e-02 1.725674312450512643e-02 6.600492444858037100e-01 4.912908268461779748e-01
4.631579770614199787e-02 1.728026529509229040e-02 7.441734266759841843e-01 5.135704132696855551e-01
5.060561424662029378e-02 1.801618719230205223e-02 6.537645187648298828e-01 4.525263759507200390e-01
5.312008738194733820e-02 1.742651537865063521e-02 6.754753760423417575e-01 4.858836520888820121e-01
4.776748078187816049e-02 1.630815239699937719e-02 6.949461226046759199e-01 5.266874999964669124e-01
5.417287472214633859e-02 1.829944815928432125e-02 7.265182602480595442e-01 5.077341612187760145e-01
4.765266910779189513e-02 1.604135406363346381e-02 6.955858857079817437e-01 5.396117027992055615e-01
5.448886489282301487e-02 1.832461117475941981e-02 6.507267636734899163e-01 4.576259779063964750e-01
5.122054223397384115e-02 1.776912355899239529e-02 7.402763862324547306e-01 4.877890184327036693e-01
4.859882273576804357e-02 1.731720444565024511e-02 7.596675217235926425e-01 5.334247343699447530e-01
5.180723001843366010e-02 1.769857490904045913e-02 7.523403309515177551e-01 5.102827455726717254e-01
5.065380066887063132e-02 1.826579848433787512e-02 7.389103311674382057e-01 5.155768849575723678e-01
4.907472805138206329e-02 1.879360315213528948e-02 7.106114801042360263e-01 4.761712901478024063e-01
5.208650381982719846e-02 1.716588201706737912e-02 6.890136321678913545e-01 5.223552304835761273e-01
5.047509626584399667e-02 1.786129096907822233e-02 6.778913006983267042e-01 4.935118042185039355e-01
5.175942973616542986e-02 1.695665842670425472e-02 7.395979709483131437e-01 5.072695815507343164e-01
4.558782081183648111e-02 1.922466720166375945e-02 7.036825707938317853e-01 4.565356027038048325e-01
4.593964766877194073e-02 1.736442379982221576e-02 6.790435427520921108e-01 4.527431651705521309e-01
5.150725868088640996e-02 1.781864427472306875e-02 7.132172057260849352e-01 5.171282577940257141e-01
5.008879729583923246e-02 1.620781792453787271e-02 6.512742993724923712e-01 4.705419673420072058e-01
4.905608661915013963e-02 1.843885393959694696e-02 6.717076756317108543e-01 5.025112616481929306e-01
4.787625361330546947e-02 1.728290334281383858e-02 7.019245634884940799e-01 5.172503167429551851e-01
4.913833340113445830e-02 1.734422604168077420e-02 6.473631456608590629e-01 4.773605594329427548e-01
5.415611872585542746e-02 1.720085426114644628e-02 6.690975903810328917e-01 5.012578919881928163e-01
4.708076006679993986e-02 1.736308805003047850e-02 7.442412956026108750e-01 4.598414059429619116e-01
5.561146576573137990e-02 1.898949379084363676e-02 7.760153384052472791e-01 4.819095711018047679e-01
5.364232704215703834e-02 1.546376671253207706e-02 7.022205492965148954e-01 5.116370510048077191e-01
5.240451059034923614e-02 1.810116929214376433e-02 6.915088073359836329e-01 5.021391444526530634e-01
4.948333772166929601e-02 1.781485933689344603e-02 7.249627973538262937e-01 5.543558104148965660e-01
5.278399899166058562e-02 1.804433099685949157e-02 6.435915673995343811e-01 4.872382978303682610e-01
5.028828258315928140e-02 1.742192204331861546e-02 7.561679412749101603e-01 4.943752036114161807e-01
4.883891763383511192e-02 1.664998248918735796e-02 7.695217027948884070e-01 5.006502461245455615e-01
5.090461675155470017e-02 1.693435649187528466e-02 6.766645171532090774e-01 5.384614998959859067e-01
5.539722464168274352e-02 1.693364457739740883e-02 7.917023413321674363e-01 5.414209999506526261e-01
4.908735280324214023e-02 1.855022052588813086e-02 7.402354385523117752e-01 4.993440842420752146e-01
5.256626049827780450e-02 1.592475886346126843e-02 7.765119466360517198e-01 5.286579132621316290e-01
5.585798078445881193e-02 1.648461974958225287e-02 6.907149418907932992e-01 4.582468630553934719e-01
4.954826685040632922e-02 1.595678765702757823e-02 7.091424271719792838e-01 4.988520994473148451e-01
5.142891990099915378e-02 1.879048957189387303e-02 7.208801570228680067e-01 4.878802813147035677e-01
5.144934210903828048e-02 1.802250182169505208e-02 7.418004545978692521e-01 4.441830875462737249e-01
4.929974039128472846e-02 1.736490854891615393e-02 6.566967823344883604e-01 4.705607442845999855e-01
4.894829988946775706e-02 1.800985883727394127e-02 7.468549724339785811e-01 4.935193816632968966e-01
4.889259031296502855e-02 1.745501306653542486e-02 7.442637777962815004e-01 5.062340956071467168e-01
4.785132879789533861e-02 1.734658741285736647e-02 6.810460550547494663e-01 4.784962746033160075e-01
4.843528382370963087e-02 1.586085705817537328e-02 6.724681990410310561e-01 4.942469427738678811e-01
5.246750229465359239e-02 1.674819013910238893e-02 6.627070595161982380e-01 5.272741169355299462e-01
5.002133740331739936e-02 1.797420142241392543e-02 6.771719328276997185e-01 4.734961078087976949e-01
4.853224760095781881e-02 1.839510143292136940e-02 6.973704079773797027e-01 5.410260886576755412e-01
4.986797601400591584e-02 1.799567323118014470e-02 7.535630313608752129e-01 4.906371280741883556e-01
5.021026691092676103e-02 1.794121177490568333e-02 6.588001120317498183e-01 5.271395980612754162e-01
4.647228872753784296e-02 1.884955269213784215e-02 7.045117126375550765e-01 4.873335848088332645e-01
6.022558984724525610e-02 1.822789827241961744e-02 7.682463552706790821e-01 5.424141047989671227e-01
5.108140923687141954e-02 1.755776664448920055e-02 7.406279533760855571e-01 5.225405478946050231e-01
5.013273685819790576e-02 1.657308249523200064e-02 7.045846914649587234e-01 5.003666734711558206e-01
4.935607488230625561e-02 1.690393571059215991e-02 7.448564929932576240e-01 5.063666787440586070e-01
5.622697747013280511e-02 1.577195933592022078e-02 7.164490614526466405e-01 4.801332174852041557e-01
5.125329819834385792e-02 1.624491401715370473e-02 6.612640392016783109e-01 5.125783963927585951e-01
5.182581768222004753e-02 1.887718695274964026e-02 7.348942489979986004e-01 5.457388923266096592e-01
4.947686824115483245e-02 1.763694299030232893e-02 7.041859091593064557e-01 4.596824663116151344e-01
5.269762500584238701e-02 1.861032679146789118e-02 7.384199651228707806e-01 4.649604548295847573e-01
5.634988332948584477e-02 1.699087415220715963e-02 7.309653116026588737e-01 5.086496545336883779e-01
5.021714117277335104e-02 1.670100826736548028e-02 7.416834633721867132e-01 4.895982135318491801e-01
4.924236770246150779e-02 1.938777457986535710e-02 7.156039145334753826e-01 4.885819364673525400e-01
5.298642714920711455e-02 1.605191774753448111e-02 6.718539930694704676e-01 5.387368271159477251e-01
4.699024895216746128e-02 1.873129912317046675e-02 7.810521233085092607e-01 4.486580799244581641e-01
5.204363158988824234e-02 1.782294857293077392e-02 6.985907576752948822e-01 5.219076688793690133e-01
4.820448066102357015e-02 1.784532172734297484e-02 6.827594845596599571e-01 4.596365335493470816e-01
5.358611934959203044e-02 1.722347111298290143e-02 7.440018612378476170e-01 5.101115154611637337e-01
4.885892350845361110e-02 1.784439812441409104e-02 7.421223402613278397e-01 5.056548505948603722e-01
4.981736015219688507e-02 1.981475997401537306e-02 6.937296288649827947e-01 5.244612643773732819e-01
5.212933691528730262e-02 1.819323806080486508e-02 6.960316225055833694e-01 4.874389521236774936e-01
4.797800108073110859e-02 1.691796004845816034e-02 7.068194701212201503e-01 4.745881379583775095e-01
5.249726816424693521e-02 1.694361936518113190e-02 7.016573948144522177e-01 4.960468137837140690e-01
5.490607502411915669e-02 1.581300280327147673e-02 7.247414901268137699e-01 5.101942403706376528e-01
5.343809362390582879e-02 1.760519290639446510e-02 6.816183398476290956e-01 5.078677222171058547e-01
5.280036572263824973e-02 1.845199271344661468e-02 8.332568320115080196e-01 5.125700172362734897e-01
5.058852268847342099e-02 1.669666994473343810e-02 7.488984479018597762e-01 4.836726010420713262e-01
5.011908871826050577e-02 1.682048144466431056e-02 7.062174717040902161e-01 4.922927387920049691e-01
4.977168281177528353e-02 1.808502429070591236e-02 6.990437825341181410e-01 4.762869368844776519e-01
5.382878343932460258e-02 1.766961241088026505e-02 6.728337316736530127e-01 4.869046663101784245e-01
5.068115234311142137e-02 1.646127139038032136e-02 6.823598842062915670e-01 4.814902150027932093e-01
5.349954190964106154e-02 1.766782492151999437e-02 7.286703670678638112e-01 4.918511589691915709e-01
5.167578317205723248e-02 1.620563699835205970e-02 7.254674168669550394e-01 5.208712610623068562e-01
5.151009543209456726e-02 1.776968596388028843e-02 6.738957911897623942e-01 5.099770819396449717e-01
5.026733599622448118e-02 1.721147162541898645e-02 7.425138229204676366e-01 4.798557224795870768e-01
4.880001064587104198e-02 1.571903236406585469e-02 6.833177140522534998e-01 5.205207021555460223e-01
4.932802610797201032e-02 1.610271155045669977e-02 7.856781062718118935e-01 4.970419350832007699e-01
5.090851816942504326e-02 1.853895843260531043e-02 7.508027313220175802e-01 5.175664574711423827e-01
4.804189972539925357e-02 1.762144269480616851e-02 6.640344979929333480e-01 5.328954532529559529e-01
5.067138796108159454e-02 1.751522443832123285e-02 6.974381520339481000e-01 4.912597717241734552e-01
4.918041488038482623e-02 1.639230892571325732e-02 7.600851987643966190e-01 5.187371841261183558e-01
5.144990268909404446e-02 1.737977992352681550e-02 7.517432325268923465e-01 5.419349522571437205e-01
5.082198560347550576e-02 1.852394202185663613e-02 6.987616518915594765e-01 4.871777428280087974e-01
5.207110577288946024e-02 1.855444369227096310e-02 6.986933787600474455e-01 5.203544326598689151e-01
5.142962464181122240e-02 1.469826018951091509e-02 6.883303627674539626e-01 5.219018604136328454e-01
5.279479510090893946e-02 1.697872151322387529e-02 7.409126987292027344e-01 4.735541463078134505e-01
5.231479471680729881e-02 1.749404401342418910e-02 7.258063281954649781e-01 5.032128546599932140e-01
5.189824170763065320e-02 1.699421979641245473e-02 7.254120984955463314e-01 4.978908978168025690e-01
4.812238433464340742e-02 1.641995892053356790e-02 7.166150771747088477e-01 4.648981437451439325e-01
5.322408512993029306e-02 1.584474930619162933e-02 7.795857946381898884e-01 5.055924395282594963e-01
4.820038176070969016e-02 1.713778026723490958e-02 6.725354228333400020e-01 4.964660947798758550e-01
4.816993011681942188e-02 1.722327873879274385e-02 7.446026226960101857e-01 4.849573774799408876e-01
4.546683982026422655e-02 1.811626308256126389e-02 6.953206496305612827e-01 4.874216849160102338e-01
5.237669368146459503e-02 1.860302287693988213e-02 7.122775703093056077e-01 4.825086447446577109e-01
5.127975575041199274e-02 1.751047662768177166e-02 7.620490364218417412e-01 4.768035100859878694e-01
5.077254789715168054e-02 1.547960630375150130e-02 6.777644847447026333e-01 4.819443685186308168e-01
4.945505361233048375e-02 1.732609463924776605e-02 7.320243823904413194e-01 5.030658163290032681e-01
5.000593985789721779e-02 1.672824964061904798e-02 6.321136624435202966e-01 4.618652730764288283e-01
4.823828368538846112e-02 1.603690682988182306e-02 7.500555720819011007e-01 4.716418396794408441e-01
5.267551743441796497e-02 1.624567390899307739e-02 7.358545824891811193e-01 4.940653074629928199e-01
4.838048600303518354e-02 1.831369442671790942e-02 6.726406702048332020e-01 5.087073702162250299e-01
5.261118761271937894e-02 1.747342751359914903e-02 7.556226037040696397e-01 5.150807442066590580e-01
4.410026887688976022e-02 1.723829838879455470e-02 6.849003181674991891e-01 4.851966840075443432e-01
5.115526335852744327e-02 1.684076057480260805e-02 7.775624760316739437e-01 5.492305890210554820e-01
4.779751926253886229e-02 1.718605137209860620e-02 6.721148286827308693e-01 5.420478892124960257e-01
4.975769504721760245e-02 1.856460214913986662e-02 7.391239788123789012e-01 4.738559303507474674e-01
5.278196338115143799e-02 1.715465224920732432e-02 7.119266431739441625e-01 5.016455018022281109e-01
4.639295256219571478e-02 1.683157263103630258e-02 6.499666848750834669e-01 4.927184866505955330e-01
4.894874720017004105e-02 1.915131657211415969e-02 7.293790103816566450e-01 5.059894128167348182e-01
5.003047610924991895e-02 1.729932114982938793e-02 7.027678779020819499e-01 4.613178640942911524e-01
5.192885773723453918e-02 1.831582320512945353e-02 6.710483802019540089e-01 4.877594991631740706e-01
4.913110867744024945e-02 1.817612164494378582e-02 7.310605067857351980e-01 5.066765808252986503e-01
4.762927690873219877e-02 1.780940969153991041e-02 6.983902779818286222e-01 4.802490873523249659e-01
4.830478099354304500e-02 1.885338432858801178e-02 7.408866460340925997e-01 5.069543678028881617e-01
5.609632356826981664e-02 1.764434547689508123e-02 7.069367534485567761e-01 5.613374823784499368e-01
4.593007819676969000e-02 1.668045865583938150e-02 7.150346764673198852e-01 5.275694431350677061e-01
5.053654420641282702e-02 1.790676409173694653e-02 7.027090703750172862e-01 5.159834952372003292e-01
5.168873781865650219e-02 1.723771848113012095e-02 7.599005486700520784e-01 5.102099117970689823e-01
5.076970388723186373e-02 1.818735901226845031e-02 7.458770037652204810e-01 5.166587157884624526e-01
5.195712357820842647e-02 1.736273201052629736e-02 6.702634993197886804e-01 5.133326435005137744e-01
5.216879702124189999e-02 1.783500453121807452e-02 7.082593140980397717e-01 4.528248595227090667e-01
4.722412179739813448e-02 1.708400115839162070e-02 7.476048425809539433e-01 5.228523139672505149e-01
4.895259444050330255e-02 1.792367836561790939e-02 7.432731615547798487e-01 5.373076925251272229e-01
5.530963997020005296e-02 1.579130838476819343e-02 7.384731729460991545e-01 4.913440180163614057e-01
4.843544261644257276e-02 1.647459691049033698e-02 7.007949564682388610e-01 5.180624631989310114e-01
4.945611410117053963e-02 1.775382543597833415e-02 7.277768767695820262e-01 4.922377884609011600e-01
4.919508608826567847e-02 1.588986312338195456e-02 8.334426318261635158e-01 5.355395026152415250e-01
5.467807918321826444e-02 1.714780934478732713e-02 6.908521849870762344e-01 4.864447272404158196e-01
5.447875211276321378e-02 1.629642710061112582e-02 7.133703036888693338e-01 4.908652736153544249e-01
4.665750709632484478e-02 1.628944088466829573e-02 7.098113117334591271e-01 5.311006870614155551e-01
5.153520097694871266e-02 1.733197410522794440e-02 7.073850578283052970e-01 4.690862323875415463e-01
5.074187624977191668e-02 1.666874835944352762e-02 7.518258099396721850e-01 5.165077116780254496e-01
4.918289030835484854e-02 1.899917851676924743e-02 7.307276496301337021e-01 4.509155188261356750e-01
4.290740470310569488e-02 1.769054256754729743e-02 7.003428437631609160e-01 4.942420285285890613e-01
5.316038170661819412e-02 1.751308758600094231e-02 6.731632208950193430e-01 5.078563914567670867e-01
5.132597689520205370e-02 1.766596076501086854e-02 7.518502029129577879e-01 5.525782611559511004e-01
5.282867494969791661e-02 1.740349946913890070e-02 6.811825687484940328e-01 4.972830005868240644e-01
5.096023833393503732e-02 1.681350201011624912e-02 6.984467787356144486e-01 5.270220451923055549e-01
4.965347206674658453e-02 1.733978486449603423e-02 7.479447069503833978e-01 5.390043395371667545e-01
5.456702479745242917e-02 1.821202357799891688e-02 7.200105770488748336e-01 5.219323169932377215e-01
4.893745701618722882e-02 2.174939899119179842e-02 6.986328183404849623e-01 5.075464253031829465e-01
4.967219783688137102e-02 1.779394724686843982e-02 7.239222412633963266e-01 5.206256868406939908e-01
5.254953829437375434e-02 1.651218512612598333e-02 6.923699886779680623e-01 4.956579409267378722e-01
4.925353186008269574e-02 1.623175566354559396e-02 7.245843319726942289e-01 4.804227238431508229e-01
5.087716784945967019e-02 1.795062616105677633e-02 7.144174595225247781e-01 4.845436311978629784e-01
4.769848375469142726e-02 1.627928646406665361e-02 7.616170071326960889e-01 5.139384573529677258e-01
4.954004702261803617e-02 1.772194314892699962e-02 7.085183883490331347e-01 5.267757395842310730e-01
4.936442007095287465e-02 1.595379258452450655e-02 5.748447209507211442e-01 5.149222587420183572e-01
5.221940170681449445e-02 1.645074505075064600e-02 6.049481699593588502e-01 5.001807866282902415e-01
5.357055886259518007e-02 1.604893778806475851e-02 6.320244741712766068e-01 4.492478868774635314e-01
4.899191805368544039e-02 1.658981697794180421e-02 5.836361352030694505e-01 4.883564692069884416e-01
5.416119618393380047e-02 1.709778367268743188e-02 5.500842707019873989e-01 4.895754879506418189e-01
4.590267619997463744e-02 1.511573653190648875e-02 5.855274680112123598e-01 5.412521200616717820e-01
4.871010118051916776e-02 1.480469740203605930e-02 6.078145997955509694e-01 4.918252033171649495e-01
5.411147236817889783e-02 1.466020404800750035e-02 6.297445541295495497e-01 5.061719720989430460e-01
4.736735555618536847e-02 1.508629145264261777e-02 5.698452684233555887e-01 5.419485992432165888e-01
5.134507176033570319e-02 1.638394232025820740e-02 6.031993766656417177e-01 4.807308658173297111e-01
5.299284234765394563e-02 1.627626507354129962e-02 5.902481504294830872e-01 4.801933311888322842e-01
5.293025996887785328e-02 1.497145218732559048e-02 5.485599464519842483e-01 4.385861052029237372e-01
5.199934842418207220e-02 1.515034480322719791e-02 5.987778868420916556e-01 4.600530971359435006e-01
4.696429521586338585e-02 1.741459844614419786e-02 5.757644936554110471e-01 5.198982562333005486e-01
4.800113622449739964e-02 1.454743968385720058e-02 5.505825239824473361e-01 4.533243067164425821e-01
5.367619465045207067e-02 1.459202759521347620e-02 5.926759408474261415e-01 4.893789105804670636e-01
5.093912860613228344e-02 1.454877978876207775e-02 5.851411140225143415e-01 5.339343941639999036e-01
5.226691462652278963e-02 1.432679556355807154e-02 6.067713487068772116e-01 4.937539326263341577e-01
4.559611034879958169e-02 1.565069827999316515e-02 6.003558131632059647e-01 4.914769857182307855e-01
5.205673126293194897e-02 1.373438001367748192e-02 6.129210142271619421e-01 5.151681728857691045e-01
5.120180245612016012e-02 1.525677875980936335e-02 5.999950754487130000e-01 4.603219818800149965e-01
5.232737166959215702e-02 1.510155421782340135e-02 5.939421789708657640e-01 4.743779709414469026e-01
5.426008979650664976e-02 1.444592624934476315e-02 5.953034032205781756e-01 4.935484333385643518e-01
5.346403379703795061e-02 1.584948902027466522e-02 5.323492059716617986e-01 4.800264364437043518e-01
4.753183153607670741e-02 1.514976186033612816e-02 6.272143052630952953e-01 4.947182763288159868e-01
5.182649703615452991e-02 1.550934104574566187e-02 6.540736039015893066e-01 5.051087439497956577e-01
5.193470456925410039e-02 1.556131410745059326e-02 6.207192466742169623e-01 4.619021079504112559e-01
5.125411823427309527e-02 1.505464099564977030e-02 5.883421360268832334e-01 4.658685029881713402e-01
5.166771793017972680e-02 1.535088433044707115e-02 3.104266605229876186e-01 5.357687375283635145e-01
4.734181956181886947e-02 1.787206613731629271e-02 3.465983858407823415e-01 4.870105165153351123e-01
5.297160667991707844e-02 1.615118901458894099e-02 3.367814116309152950e-01 5.022061512292895769e-01
5.036418453299619513e-02 1.454679584051356278e-02 3.190876178551436126e-01 4.895011620461701130e-01
4.558897862789133837e-02 1.407129746367945765e-02 3.370692287765237882e-01 5.413855764492903067e-01
5.467690340529594850e-02 1.517707944040810365e-02 3.050515615242196388e-01 5.214911505770455369e-01
4.759015459502922291e-02 1.511173794369321394e-02 3.077096232098485706e-01 4.911210106445576540e-01
4.940809325551021036e-02 1.481937029211838341e-02 3.204253058622614780e-01 4.862164844993654422e-01
5.171410688583136933e-02 1.705643119585733072e-02 3.437349459300548249e-01 5.083010143105491929e-01
5.065310160579972881e-02 1.403048279058200128e-02 3.378125506199721184e-01 5.431716458030046990e-01
4.957852455944487813e-02 1.528769866304237335e-02 3.160831505619942638e-01 5.225361960423314800e-01
5.484861251476227245e-02 1.602988978849039653e-02 3.268946644334931317e-01 5.100739435925711884e-01
4.675821908930814785e-02 1.587496627850010222e-02 3.167217785397883900e-01 4.786873782753350848e-01
4.951335333372414854e-02 1.515142587688455070e-02 3.115097237041761224e-01 4.895386712668294282e-01
5.006837331550947900e-02 1.536250773029290174e-02 3.321120941712424335e-01 5.038753155150849095e-01
5.699333018198455419e-02 1.500661919277004007e-02 3.495678592348833713e-01 5.126686393881437764e-01
5.334433441898110695e-02 1.344964563829316971e-02 3.403004229746484643e-01 4.775140154470338127e-01
4.835558252096874149e-02 1.616135610619832616e-02 3.230900136389335264e-01 4.700995655348634839e-01
5.297823735056196581e-02 1.458828641091357292e-02 3.379302233710766989e-01 5.093729769680046537e-01
5.592692140574481718e-02 1.612801046413133224e-02 3.410765497466555218e-01 4.904153142479987237e-01
5.225297080497177948e-02 1.650107061521193311e-02 3.392130998447992485e-01 4.837371030406236172e-01
4.835842578307895934e-02 1.468851684911217682e-02 3.126861937200657859e-01 5.417333984281490489e-01
4.968847669599633921e-02 1.519859364142761918e-02 3.238223783754617391e-01 5.294737332693009169e-01
5.107327085049945259e-02 1.739815507772554323e-02 3.515930910791225106e-01 5.130878264093740038e-01
5.143079841812824016e-02 1.449056639414003124e-02 3.124220926293997391e-01 5.190910878553993690e-01
5.034735062864872240e-02 1.569135778142015381e-02 3.288905608976198658e-01 5.152817268609802825e-01
5.247485884777809001e-02 1.508737460646725204e-02 3.513245556866859687e-01 5.038864177215207629e-01
5.082927704608088126e-02 1.608605317426780451e-02 3.420324488329198886e-01 5.042941099068447564e-01
5.032130312600122113e-02 1.500551473163657182e-02 2.984718304367510178e-01 5.316767178578799546e-01
4.907258294834065948e-02 1.644298093895075336e-02 3.440411568193245118e-01 4.407443922012131421e-01
4.964685373649197625e-02 1.599236837824474095e-02 3.491184801531290738e-01 5.311809028309515401e-01
4.759610572341974738e-02 1.569729722419472770e-02 3.270458434404807657e-01 4.879229630909994730e-01
4.646918129758582233e-02 1.555591818529900895e-02 3.387852152755175261e-01 4.722931333574477142e-01
5.145206170514467214e-02 1.538498887173542565e-02 3.126440322016735829e-01 4.778867205785798378e-01
4.863915967472235563e-02 1.583035633782735666e-02 3.261533395708248184e-01 5.435448479239091135e-01
4.908328541183587523e-02 1.615124172593751864e-02 3.233225038035252852e-01 4.870224326839806550e-01
5.716182142013044587e-02 1.578309997392448108e-02 3.302226491879510784e-01 4.762997197081710321e-01
5.622020306056844940e-02 1.487421792639666632e-02 3.448539174688221021e-01 4.857220973118359097e-01
4.811980470934321130e-02 1.601686946978191084e-02 3.446769071249461414e-01 4.713623266879423679e-01
4.951021625950550314e-02 1.472263357631159453e-02 3.321886666920760844e-01 5.113434418954950766e-01
5.132000916188584477e-02 1.433510088803299429e-02 3.202138277741906625e-01 5.709117671355484758e-01
5.195824487809817815e-02 1.474732534826061689e-02 3.438767480551661593e-01 4.773895169353307710e-01
5.206759621480211431e-02 1.555392113005738160e-02 3.398728002163692308e-01 4.772523304729398563e-01
4.887605468803406239e-02 1.582767548342576408e-02 3.571443913005579174e-01 5.024702809945226223e-01
4.699597537692155880e-02 1.537898033453765669e-02 3.252089842666206487e-01 5.177143994642706692e-01
4.772105462362190298e-02 1.626655303416174939e-02 3.464999707768567916e-01 4.751503400123140985e-01
5.355362507797607058e-02 1.685931275007418462e-02 3.227002183100329824e-01 4.722336700835872980e-01
5.094684258917069747e-02 1.546172440391275701e-02 3.255510812889936823e-01 5.146005085689271397e-01
5.138238291615851439e-02 1.587132606942080748e-02 3.407110907056796756e-01 5.097559865284955194e-01
4.982800014922440096e-02 1.552226073580363977e-02 3.700805909529832904e-01 4.485530773983654185e-01
5.013236263773994394e-02 1.493278165988063885e-02 3.219008748047582080e-01 4.914576627139146114e-01
5.085718449283741643e-02 1.662034615736124668e-02 3.365676526765054577e-01 4.631958012192958218e-01
4.985123396648136196e-02 1.650275887416344581e-02 3.138135744592319143e-01 5.314454972053231918e-01
5.745842281695112685e-02 1.504340300050189053e-02 3.400069854720865203e-01 5.275931705380781933e-01
5.406277446818093246e-02 1.494442256510578569e-02 3.114058753589528106e-01 4.985757750243723918e-01
4.984022282254764458e-02 1.419786925792460366e-02 3.229678569334956117e-01 5.029024931822929645e-01
5.496663868764695843e-02 1.648584927524526442e-02 3.311546036710316110e-01 5.036228026874124408e-01
4.924885819584328556e-02 1.595646708744122635e-02 3.423995832348691870e-01 4.701464782110094109e-01
5.416703271092847272e-02 1.537039705081871994e-02 3.285398632007381359e-01 5.063743938863138894e-01
5.254452802501365094e-02 1.529636061994023473e-02 2.948290809471556528e-01 4.779681398936712067e-01
4.965837557129008234e-02 1.489697492014364910e-02 3.191722940089593008e-01 4.729558199763139181e-01
5.153495581020305083e-02 1.557166268729704046e-02 3.173231080817477956e-01 4.931867865853055144e-01
4.834578130738294288e-02 1.603277486513257979e-02 3.277645177259096432e-01 5.103220069539193826e-01
4.689633379604631752e-02 1.398264017553812501e-02 3.538440825254968725e-01 5.630811648523319501e-01
5.030091856608736450e-02 1.490488982927208779e-02 2.998778711756093229e-01 5.392345893722534367e-01
5.007152699877061991e-02 1.528105524300897404e-02 3.525945183871743716e-01 5.211979637491906958e-01
5.118995983082535312e-02 1.502567880380001331e-02 3.373810678804272656e-01 4.939624181903576883e-01
5.040911815422545461e-02 1.590397380437444733e-02 2.948015896815791015e-01 4.958065831507805776e-01
4.998464346960548171e-02 1.486811060210643451e-02 3.435331243979987126e-01 4.790580762099961309e-01
5.212387209956947237e-02 1.751392808167806167e-02 3.445828947243914087e-01 4.749184414105869778e-01
4.847303668872256222e-02 1.486279075502780142e-02 3.102212832448604241e-01 4.875761322549281296e-01
5.635993145516167424e-02 1.453028707011220881e-02 3.465131100793719110e-01 5.578209802897153846e-01
5.336626031142885362e-02 1.642500431277364031e-02 3.593402424156125208e-01 5.133130049404590611e-01
5.149935931042141229e-02 1.556243221104665689e-02 3.010336612605534756e-01 4.776541504791854686e-01
4.832444458051129987e-02 1.569540627480752251e-02 3.331174031143219194e-01 5.168680064071295988e-01
4.905163809960033650e-02 1.546870799587120489e-02 3.179744067130070295e-01 5.141238888852115441e-01
4.741621696397263497e-02 1.665598029004690742e-02 3.565371787528912040e-01 5.188982631674801116e-01
5.106846537822912896e-02 1.591300694578388908e-02 2.976973778614590005e-01 4.854421322386502924e-01
5.277283981681796937e-02 1.685047422591879479e-02 3.599188505928844761e-01 4.756923881095930229e-01
4.975194327419658197e-02 1.580905578903202616e-02 3.438571648547718018e-01 4.758102291770808234e-01
5.097921683231537021e-02 1.688028507785312160e-02 3.156806197641099376e-01 4.905950839181570378e-01
5.072321701720076959e-02 1.465339239518444366e-02 3.589005015815522892e-01 4.760903879626416368e-01
5.013829390516301443e-02 1.604552171676932107e-02 2.877418698279450293e-01 4.927364238486525161e-01
5.012927253293980590e-02 1.518557904991685477e-02 3.233089202638462778e-01 4.648651545097635673e-01
5.006791695254717012e-02 1.476645449326917554e-02 3.437151555431074423e-01 4.477519316464452226e-01
5.378742536421551174e-02 1.508777847175537222e-02 3.475689992377805071e-01 5.191774847279307936e-01
4.979383852979725467e-02 1.615715344064912531e-02 3.421190807599310824e-01 4.980718164833751183e-01
4.742284626325210528e-02 1.423470223643114908e-02 3.396464769816516793e-01 5.210872955686994823e-01
4.967491184611288330e-02 1.495974508535369285e-02 3.502879132082975522e-01 5.347501414530054786e-01
4.956265427491041847e-02 1.573731533740925503e-02 3.249228544568827926e-01 4.853725693326667590e-01
5.358636269452969614e-02 1.507423468438601720e-02 3.141581790287020226e-01 5.061052498257636589e-01
5.156684270179169582e-02 1.514732389734092625e-02 3.209293526107752648e-01 5.492653148693633636e-01
5.004576552032698883e-02 1.587299209821031037e-02 3.165338247930040705e-01 4.900844053149036594e-01
5.291346904368755127e-02 1.608725340420125161e-02 3.395277425633480561e-01 5.211439771463864945e-01
5.020101337331525637e-02 1.528352680666652565e-02 3.171606955343444501e-01 5.024522758070858464e-01
4.995185232332545466e-02 1.602089123785767344e-02 3.022532840593771253e-01 5.553499964005192968e-01
4.978049874585868673e-02 1.672537516769563234e-02 3.185606219103397363e-01 5.014086612553297906e-01
4.698184877644379781e-02 1.525522808895933211e-02 3.415326424414217299e-01 5.230863600755130127e-01
4.665825177042867006e-02 1.544631694671025346e-02 3.813266160130813209e-01 4.907217461777637624e-01
4.574556156755774095e-02 1.398256002272140440e-02 3.201144254559961100e-01 4.617106556502219017e-01
4.611979684576997945e-02 1.435950234361624452e-02 3.102857128308955104e-01 4.890527877352394692e-01
5.015255311714423431e-02 1.614077617094193326e-02 3.423018024934890158e-01 4.936496598993253548e-01
4.878013660623447406e-02 1.508625635188135840e-02 3.352947439605286073e-01 4.703694314397895426e-01
5.065642624219752338e-02 1.580301214579972469e-02 3.376301116089882592e-01 4.773706395029209681e-01
4.661056684112413473e-02 1.422951467591186681e-02 3.235837783390810296e-01 5.184698489927486165e-01
5.401206418181608154e-02 1.581052887550031885e-02 3.167268662678232594e-01 4.538470052333341553e-01
5.206276673138638539e-02 1.570459772660319150e-02 3.469824075075322867e-01 4.913855143577502416e-01
4.816546361221139827e-02 1.429405777947970191e-02 2.884567167238541452e-01 4.778270799418596892e-01
5.191460495085300358e-02 1.553615896498042152e-02 3.310616972371769329e-01 5.141885361374772812e-01
4.930330800009436604e-02 1.355844236009380241e-02 3.230250331484738058e-01 5.498418840159742249e-01
5.241738366286221446e-02 1.628818786291552981e-02 3.565970991040471327e-01 5.542748489316625671e-01
