3.639547608573286304e-03 -9.683867746542630734e-07 8.335259704217538382e-06 4.614856422090099741e-05 -5.259439169800265133e-05 -4.088074824070688125e-03 6.704423033125894976e-04 9.280334931329802884e-04 -3.823435902061380349e-07 3.545099617233771684e-08 3.515822594301223424e-08 1.598534505819075981e-07 -5.154189776579037122e-07 -1.473609141199289573e-07 -8.294848208111661061e-08 -5.529464259492139067e-06 3.969919780666011059e-06 -1.114520928310293011e-05
-9.683867746542630734e-07 1.528122757937690722e-02 -3.935498356850459937e-05 -2.178907497872771765e-04 2.483247666564089465e-04 1.930187219562131198e-02 -3.165497748935972022e-03 -4.381716247520192620e-03 1.805237778310849151e-06 -1.673821118187270800e-07 -1.659997952535190009e-07 -7.547491193149690285e-07 2.433554096263926796e-06 6.957655261653341204e-07 3.916418042359229860e-07 2.610740190432669916e-05 -1.874400238031439256e-05 5.262217900446755159e-05
8.335259704217538382e-06 -3.935498356850459937e-05 3.927043814972670965e+00 1.875465500106664836e-03 -2.137422231741417655e-03 -1.661382845563533772e-01 2.724659869494550427e-02 3.771503683154887876e-02 -1.553834284390944365e-05 1.440719151030929557e-06 1.428821045990652662e-06 6.496402145997689420e-06 -2.094649155433190877e-05 -5.988708753173688161e-06 -3.371004473393622163e-06 -2.247159717279690651e-04 1.613364946998291848e-04 -4.529383709940259790e-04
4.614856422090099741e-05 -2.178907497872771765e-04 1.875465500106664836e-03 1.613881216317912148e+01 -1.183394046844038310e-02 -9.198325626878509631e-01 1.508520975103614103e-01 2.088111062014913477e-01 -8.602877871408164470e-05 7.976610522644080303e-06 7.910736094726685005e-06 3.596764135467529706e-05 -1.159712528463310220e-04 -3.315677259057303198e-05 -1.866372758015387816e-05 -1.244150730840827600e-03 8.932472233663957002e-04 -2.507714965539909174e-03
-5.259439169800265133e-05 2.483247666564089465e-04 -2.137422231741417655e-03 -1.183394046844038310e-02 1.160657136099060294e+00 1.048310709451534484e+00 -1.719224517353865056e-01 -2.379769185859202107e-01 9.804489828396367724e-05 -9.090748224412728313e-06 -9.015672747563978527e-06 -4.099144252475595565e-05 1.321696048594630407e-04 3.778796403551791386e-05 2.127059455624085409e-05 1.417928205869569813e-03 -1.018012047438910652e-03 2.857981508010048848e-03
-4.088074824070688125e-03 1.930187219562131198e-02 -1.661382845563533772e-01 -9.198325626878509631e-01 1.048310709451534484e+00 7.076581939094162954e+04 -1.336324699157291640e+01 -1.849755112992334816e+01 7.620867308528349489e-03 -7.066087799167059327e-04 -7.007732876350804881e-04 -3.186196831594103988e-03 1.027332414520274947e-02 2.937195762497164016e-03 1.653328031583366263e-03 1.102132074088660041e-01 -7.912838778766048686e-02 2.221461618501648361e-01
6.704423033125894976e-04 -3.165497748935972022e-03 2.724659869494550427e-02 1.508520975103614103e-01 -1.719224517353865056e-01 -1.336324699157291640e+01 4.944085080390925214e+03 3.033589481329358684e+00 -1.249818570219255257e-03 1.158834997732574346e-04 1.149264818480424542e-04 5.225347466742672918e-04 -1.684820214647684677e-03 -4.816986912014812727e-04 -2.711450013339714873e-04 -1.807491296284322035e-02 1.297701750794900966e-02 -3.643186361118827543e-02
9.280334931329802884e-04 -4.381716247520192620e-03 3.771503683154887876e-02 2.088111062014913477e-01 -2.379769185859202107e-01 -1.849755112992334816e+01 3.033589481329358684e+00 1.725210120532541623e+03 -1.730012392971358752e-03 1.604071947126364740e-04 1.590824801417629972e-04 7.232982522783646881e-04 -2.332146377660097858e-03 -6.667725422822392330e-04 -3.753218457281482867e-04 -2.501949016657015884e-02 1.796292809813156491e-02 -5.042937995019636244e-02
-3.823435902061380349e-07 1.805237778310849151e-06 -1.553834284390944365e-05 -8.602877871408164470e-05 9.804489828396367724e-05 7.620867308528349489e-03 -1.249818570219255257e-03 -1.730012392971358752e-03 4.486298248521936862e-04 -6.608669102477774415e-08 -6.554091748451872213e-08 -2.979940407455827798e-07 9.608287044797752560e-07 2.747058264097962363e-07 1.546300893667548975e-07 1.030786255689896468e-05 -7.400606196300506912e-06 2.077656714407464953e-05
3.545099617233771684e-08 -1.673821118187270800e-07 1.440719151030929557e-06 7.976610522644080303e-06 -9.090748224412728313e-06 -7.066087799167059327e-04 1.158834997732574346e-04 1.604071947126364740e-04 -6.608669102477774415e-08 3.116488292112031770e-03 6.076970751941939857e-09 2.763008421863564826e-08 -8.908828498058572519e-08 -2.547079498657752986e-08 -1.433734171746830191e-08 -9.557476714925244999e-07 6.861861128535696166e-07 -1.926408657463832120e-06
3.515822594301223424e-08 -1.659997952535190009e-07 1.428821045990652662e-06 7.910736094726685005e-06 -9.015672747563978527e-06 -7.007732876350804881e-04 1.149264818480424542e-04 1.590824801417629972e-04 -6.554091748451872213e-08 6.076970751941939857e-09 1.691622849963897462e-05 2.740190258860054277e-08 -8.835255395917283381e-08 -2.526044573565462174e-08 -1.421893751798867832e-08 -9.478546784832478437e-07 6.805192801179398523e-07 -1.910499510604361274e-06
1.598534505819075981e-07 -7.547491193149690285e-07 6.496402145997689420e-06 3.596764135467529706e-05 -4.099144252475595565e-05 -3.186196831594103988e-03 5.225347466742672918e-04 7.232982522783646881e-04 -2.979940407455827798e-07 2.763008421863564826e-08 2.740190258860054277e-08 1.476970221773008136e-03 -4.017114128850129007e-07 -1.148513414933547703e-07 -6.464905907207150663e-08 -4.309598591559943698e-06 3.094108197913476046e-06 -8.686443383126723643e-06
-5.154189776579037122e-07 2.433554096263926796e-06 -2.094649155433190877e-05 -1.159712528463310220e-04 1.321696048594630407e-04 1.027332414520274947e-02 -1.684820214647684677e-03 -2.332146377660097858e-03 9.608287044797752560e-07 -8.908828498058572519e-08 -8.835255395917283381e-08 -4.017114128850129007e-07 3.080335622769758306e-04 3.703176928596348806e-07 2.084493754258931949e-07 1.389553301534531098e-05 -9.976400749099624589e-06 2.800788942444741692e-05
-1.473609141199289573e-07 6.957655261653341204e-07 -5.988708753173688161e-06 -3.315677259057303198e-05 3.778796403551791386e-05 2.937195762497164016e-03 -4.816986912014812727e-04 -6.667725422822392330e-04 2.747058264097962363e-07 -2.547079498657752986e-08 -2.526044573565462174e-08 -1.148513414933547703e-07 3.703176928596348806e-07 5.823038836506765547e-04 5.959673943336194165e-08 3.972803750125048053e-06 -2.852303849374027810e-06 8.007598414228034572e-06
-8.294848208111661061e-08 3.916418042359229860e-07 -3.371004473393622163e-06 -1.866372758015387816e-05 2.127059455624085409e-05 1.653328031583366263e-03 -2.711450013339714873e-04 -3.753218457281482867e-04 1.546300893667548975e-07 -1.433734171746830191e-08 -1.421893751798867832e-08 -6.464905907207150663e-08 2.084493754258931949e-07 5.959673943336194165e-08 1.705380943500702160e-05 2.236264905433794947e-06 -1.605542936216794296e-06 4.507424085567229430e-06
-5.529464259492139067e-06 2.610740190432669916e-05 -2.247159717279690651e-04 -1.244150730840827600e-03 1.417928205869569813e-03 1.102132074088660041e-01 -1.807491296284322035e-02 -2.501949016657015884e-02 1.030786255689896468e-05 -9.557476714925244999e-07 -9.478546784832478437e-07 -4.309598591559943698e-06 1.389553301534531098e-05 3.972803750125048053e-06 2.236264905433794947e-06 2.564009790551692869e-01 -1.070277847183399129e-04 3.004713257940610713e-04
3.969919780666011059e-06 -1.874400238031439256e-05 1.613364946998291848e-04 8.932472233663957002e-04 -1.018012047438910652e-03 -7.912838778766048686e-02 1.297701750794900966e-02 1.796292809813156491e-02 -7.400606196300506912e-06 6.861861128535696166e-07 6.805192801179398523e-07 3.094108197913476046e-06 -9.976400749099624589e-06 -2.852303849374027810e-06 -1.605542936216794296e-06 -1.070277847183399129e-04 5.312765793934056541e-02 -2.157256117073343344e-04
-1.114520928310293011e-05 5.262217900446755159e-05 -4.529383709940259790e-04 -2.507714965539909174e-03 2.857981508010048848e-03 2.221461618501648361e-01 -3.643186361118827543e-02 -5.042937995019636244e-02 2.077656714407464953e-05 -1.926408657463832120e-06 -1.910499510604361274e-06 -8.686443383126723643e-06 2.800788942444741692e-05 8.007598414228034572e-06 4.507424085567229430e-06 3.004713257940610713e-04 -2.157256117073343344e-04 1.912457230829039401e-01
1.164756263099703780e-03 -2.079488384951627549e-07 -1.411266531440775124e-05 1.103553896622507248e-05 -2.052387618713575761e-05 -1.555087418435985433e-03 -6.262742172816509383e-05 6.805144926515317759e-04 -3.487001124013924776e-08 7.871952022492009251e-07 3.134582540931510141e-08 8.875514259514882936e-08 -1.447649900700062967e-07 -2.597200846741413657e-08 9.705344431352160708e-09 -1.696534923381311710e-06 2.634518970434030195e-06 2.306140170456804323e-08
-2.079488384951627549e-07 4.890095675038238533e-03 -2.952411722948123973e-05 -7.349053045482968171e-05 7.573710950691382813e-05 5.927480051296616856e-03 -1.292615400895960522e-03 -1.015163712564656718e-03 6.659410237383215605e-07 7.292506686358965747e-07 -3.284441811549406110e-08 -2.035802596714281813e-07 7.990873798885206861e-07 2.440185414088888884e-07 1.618995134595472112e-07 8.427916356643754206e-06 -4.621695034130511397e-06 2.046083611558245424e-05
-1.411266531440775124e-05 -2.952411722948123973e-05 1.259441027127052859e+00 1.220002597299299626e-03 -7.048788604197746364e-05 -1.215568945826731549e-02 5.475431198443535263e-02 -5.163453841619113083e-02 -1.950194133474738610e-05 -1.284011852841407517e-04 -2.880417471846033387e-06 -4.166529228820182406e-06 -1.005278994851051108e-05 -5.434782852507785334e-06 -7.099347736624559208e-06 -8.401612287450953428e-05 -1.749451132953022843e-04 -7.411303304313511184e-04
1.103553896622507248e-05 -7.349053045482968171e-05 1.220002597299299626e-03 5.164557752876874019e+00 -3.650416233260531194e-03 -2.852257712334040907e-01 5.851133123635674643e-02 5.265139339522142969e-02 -3.076073029742986689e-05 -2.610752458439868882e-05 1.789116311440789310e-06 1.012062068507009589e-05 -3.785584964453294829e-05 -1.139268808724045389e-05 -7.311430726610993522e-06 -4.008209350946046411e-04 2.354474180052306190e-04 -9.350664681775139233e-04
-2.052387618713575761e-05 7.573710950691382813e-05 -7.048788604197746364e-05 -3.650416233260531194e-03 3.715453268683313603e-01 3.444863992497366190e-01 -4.488168402284558461e-02 -9.017525581783052135e-02 2.817603673451325765e-05 -3.127471708627101762e-05 -3.619710285998751139e-06 -1.449201972623782069e-05 4.155687708758245348e-05 1.131766476905894637e-05 5.481305382963097401e-06 4.510719809197664119e-04 -3.756379843129014316e-04 7.833182911129237761e-04
-1.555087418435985433e-03 5.927480051296616856e-03 -1.215568945826731549e-02 -2.852257712334040907e-01 3.444863992497366190e-01 2.264566561317502419e+04 -3.598865064769218414e+00 -6.856560036516783363e+00 2.224885081140326459e-03 -2.122218894715607960e-03 -2.733581491559715576e-04 -1.111478710089460701e-03 3.238172450179312330e-03 8.881322696886011225e-04 4.404762857064593341e-04 3.509008140654439750e-02 -2.865492089097887440e-02 6.231431363621307840e-02
-6.262742172816509383e-05 -1.292615400895960522e-03 5.475431198443535263e-02 5.851133123635674643e-02 -4.488168402284558461e-02 -3.598865064769218414e+00 1.582867632353153112e+03 -8.149484165167814043e-02 -6.399411281058996854e-04 -2.091446234962568342e-03 -1.835422333648372052e-05 6.405079622281420124e-05 -5.944758808239899344e-04 -2.122599797455303259e-04 -1.862143058973815925e-04 -5.983954162618514670e-03 4.101463310110040473e-04 -2.150598442617277645e-02
6.805144926515317759e-04 -1.015163712564656718e-03 -5.163453841619113083e-02 5.265139339522142969e-02 -9.017525581783052135e-02 -6.856560036516783363e+00 -8.149484165167814043e-02 5.535233231063074300e+02 -2.214953702505922765e-04 2.996768470431796297e-03 1.271957296963401127e-04 3.742077163119999399e-04 -6.697169902482491728e-04 -1.329462927237808133e-04 1.751207720051489258e-05 -7.729503639446501373e-03 1.092697196718343984e-02 -2.510125907084385672e-03
-3.487001124013924776e-08 6.659410237383215605e-07 -1.950194133474738610e-05 -3.076073029742986689e-05 2.817603673451325765e-05 2.224885081140326459e-03 -6.399411281058996854e-04 -2.214953702505922765e-04 1.436372923838446277e-04 6.506575758261716066e-07 -3.572768529457829147e-09 -6.279868005148770101e-08 3.249294911895139788e-07 1.062485350856335434e-07 8.086933018420241576e-08 3.361634248445257973e-06 -1.186988106552936413e-06 9.756655768366437217e-06
7.871952022492009251e-07 7.292506686358965747e-07 -1.284011852841407517e-04 -2.610752458439868882e-05 -3.127471708627101762e-05 -2.122218894715607960e-03 -2.091446234962568342e-03 2.996768470431796297e-03 6.506575758261716066e-07 1.003234428147976691e-03 1.562663864769782304e-07 2.976078288588654535e-07 1.263809430349323041e-07 1.545286707533363473e-07 2.737864604554464278e-07 2.539500639329804121e-07 1.069557722524070093e-05 2.694946104108929727e-05
3.134582540931510141e-08 -3.284441811549406110e-08 -2.880417471846033387e-06 1.789116311440789310e-06 -3.619710285998751139e-06 -2.733581491559715576e-04 -1.835422333648372052e-05 1.271957296963401127e-04 -3.572768529457829147e-09 1.562663864769782304e-07 5.417190183689234157e-06 1.624789732810880125e-08 -2.426105632859358013e-08 -3.869810727270044703e-09 2.660072302380481259e-09 -2.888144810012941662e-07 4.891033565115050948e-07 1.026205526293110086e-07
8.875514259514882936e-08 -2.035802596714281813e-07 -4.166529228820182406e-06 1.012062068507009589e-05 -1.449201972623782069e-05 -1.111478710089460701e-03 6.405079622281420124e-05 3.742077163119999399e-04 -6.279868005148770101e-08 2.976078288588654535e-07 1.624789732810880125e-08 4.726444661796471683e-04 -1.210408624106773144e-07 -2.886808659954363648e-08 -7.196130519865187227e-09 -1.351941053072153737e-06 1.497839593577393167e-06 -1.443664854316882255e-06
-1.447649900700062967e-07 7.990873798885206861e-07 -1.005278994851051108e-05 -3.785584964453294829e-05 4.155687708758245348e-05 3.238172450179312330e-03 -5.944758808239899344e-04 -6.697169902482491728e-04 3.249294911895139788e-07 1.263809430349323041e-07 -2.426105632859358013e-08 -1.210408624106773144e-07 9.857476644074531066e-05 1.227306867062241900e-07 7.394044397459209029e-08 4.461122893652058118e-06 -2.920113350756037193e-06 9.679130305252514423e-06
-2.597200846741413657e-08 2.440185414088888884e-07 -5.434782852507785334e-06 -1.139268808724045389e-05 1.131766476905894637e-05 8.881322696886011225e-04 -2.122599797455303259e-04 -1.329462927237808133e-04 1.062485350856335434e-07 1.545286707533363473e-07 -3.869810727270044703e-09 -2.886808659954363648e-08 1.227306867062241900e-07 1.863416844914433403e-04 2.667156647284823446e-08 1.286581436172898580e-06 -6.267052967090173071e-07 3.315078767495751004e-06
9.705344431352160708e-09 1.618995134595472112e-07 -7.099347736624559208e-06 -7.311430726610993522e-06 5.481305382963097401e-06 4.404762857064593341e-04 -1.862143058973815925e-04 1.751207720051489258e-05 8.086933018420241576e-08 2.737864604554464278e-07 2.660072302380481259e-09 -7.196130519865187227e-09 7.394044397459209029e-08 2.667156647284823446e-08 5.470225068252272283e-06 7.417589242935752740e-07 -2.432020243393418174e-08 2.730294382736308469e-06
-1.696534923381311710e-06 8.427916356643754206e-06 -8.401612287450953428e-05 -4.008209350946046411e-04 4.510719809197664119e-04 3.509008140654439750e-02 -5.983954162618514670e-03 -7.729503639446501373e-03 3.361634248445257973e-06 2.539500639329804121e-07 -2.888144810012941662e-07 -1.351941053072153737e-06 4.461122893652058118e-06 1.286581436172898580e-06 7.417589242935752740e-07 8.204836589162779747e-02 -3.326463805893074919e-05 9.874072868700066593e-05
2.634518970434030195e-06 -4.621695034130511397e-06 -1.749451132953022843e-04 2.354474180052306190e-04 -3.756379843129014316e-04 -2.865492089097887440e-02 4.101463310110040473e-04 1.092697196718343984e-02 -1.186988106552936413e-06 1.069557722524070093e-05 4.891033565115050948e-07 1.497839593577393167e-06 -2.920113350756037193e-06 -6.267052967090173071e-07 -2.432020243393418174e-08 -3.326463805893074919e-05 1.701927002863739061e-02 -2.056425988079030708e-05
2.306140170456804323e-08 2.046083611558245424e-05 -7.411303304313511184e-04 -9.350664681775139233e-04 7.833182911129237761e-04 6.231431363621307840e-02 -2.150598442617277645e-02 -2.510125907084385672e-03 9.756655768366437217e-06 2.694946104108929727e-05 1.026205526293110086e-07 -1.443664854316882255e-06 9.679130305252514423e-06 3.315078767495751004e-06 2.730294382736308469e-06 9.874072868700066593e-05 -2.056425988079030708e-05 6.132616700537458360e-02
3.735250445353319507e-04 4.157744609658891421e-07 -3.243921384283361703e-05 -3.634576074657474225e-05 -1.567961720872493859e-05 -1.050408097306467859e-03 -9.007042518864272717e-05 2.935131646206399483e-04 -1.489300486158094826e-07 1.155768409460535074e-06 -1.379899985231165545e-09 -3.928462993988242410e-07 6.513304427968757176e-08 1.248572044614456195e-07 -1.623982894554778248e-08 -2.474189950904090919e-06 2.119326488380325130e-06 2.269055908318940247e-06
4.157744609658891421e-07 1.565120303499490219e-03 -2.621878728928488721e-05 -4.746777477819664841e-05 1.876308492691572958e-05 1.564785573359051820e-03 -4.556977878330289826e-04 -2.793566852277130854e-04 1.303534087213215851e-07 7.762356734656840981e-07 -1.736356995426339830e-08 -3.181535246367841216e-07 3.226512146600852093e-07 1.580687822504280578e-07 4.018862297909777360e-08 1.536966187857914478e-06 -7.123892264359559333e-07 7.905864281538106802e-06
-3.243921384283361703e-05 -2.621878728928488721e-05 4.039920673431881548e-01 1.777000667386699441e-03 2.942837433253586775e-04 1.533134114673364787e-02 1.995643706503706996e-02 -1.915696518073806837e-02 -1.450052672713016396e-06 -7.251742821951835411e-05 -5.249676988825562212e-07 1.331426137310914200e-05 -7.092482921480756896e-06 -6.369630622277468811e-06 -1.599111991297262454e-06 4.026958200175828005e-05 -1.003610080242820277e-04 -3.158042679925971764e-04
-3.634576074657474225e-05 -4.746777477819664841e-05 1.777000667386699441e-03 1.654638687477498538e+00 -7.156534197018188858e-04 -6.382245949500615911e-02 2.220113707506938747e-02 1.308694856483312574e-02 -3.002011235213476873e-06 -5.323830813759721924e-05 1.139139543251418230e-06 2.415680099635353494e-05 -1.764861147181604308e-05 -1.025848851717468093e-05 -1.379002930589831698e-06 -3.235885183660350387e-05 1.196602881555082160e-05 -4.115309018797146936e-04
-1.567961720872493859e-05 1.876308492691572958e-05 2.942837433253586775e-04 -7.156534197018188858e-04 1.189978968152172190e-01 1.165079598761850910e-01 -1.356752308064259997e-02 -2.971558889424642455e-02 1.057960568936158406e-05 -2.026393908339517525e-05 -1.028833353277260746e-06 1.423901500222431196e-07 1.203350547079479452e-05 2.110612848099835729e-06 1.973528617664364128e-06 1.662571878160609392e-04 -1.346859150681097483e-04 2.249989560898958555e-04
-1.050408097306467859e-03 1.564785573359051820e-03 1.533134114673364787e-02 -6.382245949500615911e-02 1.165079598761850910e-01 7.246993507441047768e+03 -1.103431274122834926e+00 -2.246241399098876101e+00 8.067995907365522025e-04 -1.301294389308657509e-03 -7.962004215056839535e-05 -6.570333335482260494e-05 9.594921655148996864e-04 1.925347523015579192e-04 1.542690892415126813e-04 1.255825312577260253e-02 -1.004811391748329508e-02 1.838373494203771746e-02
-9.007042518864272717e-05 -4.556977878330289826e-04 1.995643706503706996e-02 2.220113707506938747e-02 -1.356752308064259997e-02 -1.103431274122834926e+00 5.065237493337506862e+02 -3.268404839850922589e-02 -1.927666959772293025e-04 -7.480850069090368235e-04 -4.878285876524314624e-06 5.723145308407596239e-05 -1.999520346659970822e-04 -7.953621626171626343e-05 -5.790153768758227030e-05 -1.746445178741284692e-03 1.994797027371272434e-05 -7.079145950928733555e-03
2.935131646206399483e-04 -2.793566852277130854e-04 -1.915696518073806837e-02 1.308694856483312574e-02 -2.971558889424642455e-02 -2.246241399098876101e+00 -3.268404839850922589e-02 1.771346085385748381e+02 -8.387412854404341454e-05 1.044225031645651348e-03 3.962630722507783283e-05 8.001134060867619562e-05 -2.037959336014441146e-04 -2.998142912195713184e-05 3.779054646839119085e-06 -2.655615122106866344e-03 3.617018955766959122e-03 -5.899027580146615690e-04
-1.489300486158094826e-07 1.303534087213215851e-07 -1.450052672713016396e-06 -3.002011235213476873e-06 1.057960568936158406e-05 8.067995907365522025e-04 -1.927666959772293025e-04 -8.387412854404341454e-05 4.598757001687221654e-05 5.314088248745113058e-08 8.143394897108846647e-10 5.217479188936153801e-08 8.485544630609858707e-08 1.115284783568807073e-08 2.919715559135468208e-08 1.407061492480313329e-06 -5.987981106566893063e-07 2.734110910888622035e-06
1.155768409460535074e-06 7.762356734656840981e-07 -7.251742821951835411e-05 -5.323830813759721924e-05 -2.026393908339517525e-05 -1.301294389308657509e-03 -7.480850069090368235e-04 1.044225031645651348e-03 5.314088248745113058e-08 3.220523676955833170e-04 3.716202801186602616e-08 -3.789031578609908345e-07 1.658938142076381660e-07 1.993373396927609232e-07 6.583720212025320207e-08 -2.092518662457143274e-06 4.859108312751814020e-06 1.116946819238976071e-05
-1.379899985231165545e-09 -1.736356995426339830e-08 -5.249676988825562212e-07 1.139139543251418230e-06 -1.028833353277260746e-06 -7.962004215056839535e-05 -4.878285876524314624e-06 3.962630722507783283e-05 8.143394897108846647e-10 3.716202801186602616e-08 1.733662993814636192e-06 1.118492515999402498e-08 -9.347265234573854430e-09 -3.130554232426818602e-09 1.126107850581711963e-09 -6.497841550025429485e-08 1.383781451759970550e-07 7.019573259293535471e-10
-3.928462993988242410e-07 -3.181535246367841216e-07 1.331426137310914200e-05 2.415680099635353494e-05 1.423901500222431196e-07 -6.570333335482260494e-05 5.723145308407596239e-05 8.001134060867619562e-05 5.217479188936153801e-08 -3.789031578609908345e-07 1.118492515999402498e-08 1.514672016761216765e-04 -9.720010929791965428e-08 -7.909336959279463906e-08 7.845257177956082726e-09 5.804732200358136547e-07 -1.901850954651521987e-07 -1.648372022795004490e-06
6.513304427968757176e-08 3.226512146600852093e-07 -7.092482921480756896e-06 -1.764861147181604308e-05 1.203350547079479452e-05 9.594921655148996864e-04 -1.999520346659970822e-04 -2.037959336014441146e-04 8.485544630609858707e-08 1.658938142076381660e-07 -9.347265234573854430e-09 -9.720010929791965428e-08 3.155939503219610290e-05 5.775688283805944157e-08 2.097588141734774490e-08 1.159505057221567197e-06 -7.572951594972438628e-07 3.411230650387380839e-06
1.248572044614456195e-07 1.580687822504280578e-07 -6.369630622277468811e-06 -1.025848851717468093e-05 2.110612848099835729e-06 1.925347523015579192e-04 -7.953621626171626343e-05 -2.998142912195713184e-05 1.115284783568807073e-08 1.993373396927609232e-07 -3.130554232426818602e-09 -7.909336959279463906e-08 5.775688283805944157e-08 5.965142233880427793e-05 5.326828897264519049e-09 9.143862246371829283e-08 1.109999326025415154e-08 1.435879168513064072e-06
-1.623982894554778248e-08 4.018862297909777360e-08 -1.599111991297262454e-06 -1.379002930589831698e-06 1.973528617664364128e-06 1.542690892415126813e-04 -5.790153768758227030e-05 3.779054646839119085e-06 2.919715559135468208e-08 6.583720212025320207e-08 1.126107850581711963e-09 7.845257177956082726e-09 2.097588141734774490e-08 5.326828897264519049e-09 1.750938063041014125e-06 2.838885582524443989e-07 -3.852853253145184738e-08 8.192095840913340419e-07
-2.474189950904090919e-06 1.536966187857914478e-06 4.026958200175828005e-05 -3.235885183660350387e-05 1.662571878160609392e-04 1.255825312577260253e-02 -1.746445178741284692e-03 -2.655615122106866344e-03 1.407061492480313329e-06 -2.092518662457143274e-06 -6.497841550025429485e-08 5.804732200358136547e-07 1.159505057221567197e-06 9.143862246371829283e-08 2.838885582524443989e-07 2.626012182700850073e-02 -1.371411752457787145e-05 2.615773909373870560e-05
2.119326488380325130e-06 -7.123892264359559333e-07 -1.003610080242820277e-04 1.196602881555082160e-05 -1.346859150681097483e-04 -1.004811391748329508e-02 1.994797027371272434e-05 3.617018955766959122e-03 -5.987981106566893063e-07 4.859108312751814020e-06 1.383781451759970550e-07 -1.901850954651521987e-07 -7.572951594972438628e-07 1.109999326025415154e-08 -3.852853253145184738e-08 -1.371411752457787145e-05 5.448194814982302084e-03 -2.986057424409483485e-06
2.269055908318940247e-06 7.905864281538106802e-06 -3.158042679925971764e-04 -4.115309018797146936e-04 2.249989560898958555e-04 1.838373494203771746e-02 -7.079145950928733555e-03 -5.899027580146615690e-04 2.734110910888622035e-06 1.116946819238976071e-05 7.019573259293535471e-10 -1.648372022795004490e-06 3.411230650387380839e-06 1.435879168513064072e-06 8.192095840913340419e-07 2.615773909373870560e-05 -2.986057424409483485e-06 1.963074320825263647e-02
1.195360582055351474e-04 1.711306307643945403e-07 -1.121547571598572498e-05 -1.445638751488713615e-05 -4.654712981465785174e-06 -3.754673768195170382e-04 2.766488777504583406e-05 7.248237342576341682e-05 -4.427125059835533696e-08 3.808088584199995596e-07 -2.467569482492121219e-09 -1.190064876497704684e-07 2.045929917146719309e-08 3.432296043208142877e-08 -4.286196599491685206e-09 -1.149149506576001196e-06 7.879164130378870842e-07 6.297441990753421097e-07
1.711306307643945403e-07 5.010187940064803492e-04 -1.234284043841326669e-05 -2.856771727040548426e-05 7.721637282967026424e-06 3.144977193880410613e-04 1.216073007457946990e-04 -1.909070671759057684e-04 5.774528923483970734e-08 3.002978155507396285e-07 -1.514811949357896857e-08 -7.006856808845010351e-08 1.014338350615899400e-07 2.392131616080502057e-08 1.717120506471939318e-08 -1.200264741007365238e-06 2.915435948238468922e-07 2.073705565735000463e-06
-1.121547571598572498e-05 -1.234284043841326669e-05 1.293641233524029932e-01 8.619400964236934156e-04 5.651742589450477026e-05 8.989015567073464080e-03 5.229121912120388753e-04 -3.904659672497973535e-03 -8.155067351021138878e-07 -2.434348512297948770e-05 4.230043443322077225e-08 3.564683683362871602e-06 -2.229812265495090907e-06 -1.453772804989532246e-06 -6.062268081450657852e-07 4.998372926659274410e-05 -4.350521792982645845e-05 -9.105627376359584863e-05
-1.445638751488713615e-05 -2.856771727040548426e-05 8.619400964236934156e-04 5.304770297960796910e-01 -3.564438955530923659e-04 -6.604648799132399432e-03 -1.273898664836110688e-02 1.172008298957601634e-02 -2.150232751151977700e-06 -2.088741678857872555e-05 1.076234534018718666e-06 5.375026719978084441e-06 -5.512915788115195921e-06 -1.304492766760673470e-06 -7.611456980014980521e-07 1.151985396670127554e-04 -3.471837632291423209e-05 -9.784199918654231667e-05
-4.654712981465785174e-06 7.721637282967026424e-06 5.651742589450477026e-05 -3.564438955530923659e-04 3.809568685775215763e-02 3.550854522309258160e-02 -1.794149641600215755e-03 -1.047596792133924370e-02 3.538191382364697802e-06 -5.990054950766677363e-06 -4.205948542818366756e-07 3.479152036399261628e-07 3.833436896865571551e-06 4.214349206482388036e-07 6.725928862801727203e-07 3.708395807710437018e-05 -3.815082543539260307e-05 6.765432779826860410e-05
-3.754673768195170382e-04 3.144977193880410613e-04 8.989015567073464080e-03 -6.604648799132399432e-03 3.550854522309258160e-02 2.319230288307607680e+03 -6.293344981155083451e-01 -6.139417237617005307e-01 2.416157657794641830e-04 -4.700256357832009887e-04 -1.557080038836512477e-05 -5.381077285455047979e-05 3.089117958294495788e-04 8.914969254890912648e-05 4.491331623738563828e-05 5.766451829240531839e-03 -3.752010854389890935e-03 6.353986887382684530e-03
2.766488777504583406e-05 1.216073007457946990e-04 5.229121912120388753e-04 -1.273898664836110688e-02 -1.794149641600215755e-03 -6.293344981155083451e-01 1.624842739797090587e+02 -1.610308936881260089e-01 -3.790511880300605836e-05 -1.624014601273448958e-04 -1.578833341701312698e-05 6.539417203447346323e-05 -6.667614045807583080e-05 -6.499683802979197643e-05 -1.213430497361685021e-05 -3.068709903325241625e-03 7.769588962216691539e-04 -2.941955593504744920e-03
7.248237342576341682e-05 -1.909070671759057684e-04 -3.904659672497973535e-03 1.172008298957601634e-02 -1.047596792133924370e-02 -6.139417237617005307e-01 -1.610308936881260089e-01 5.674022976548554453e+01 -3.586636288632178657e-05 3.049292947957440297e-04 1.808089635784067363e-05 7.732676156461529618e-06 -6.419304688031642861e-05 5.416768294339119735e-06 -1.217846863918085742e-06 1.029062908443424728e-04 8.649463223283071749e-04 6.807001875411570948e-05
-4.427125059835533696e-08 5.774528923483970734e-08 -8.155067351021138878e-07 -2.150232751151977700e-06 3.538191382364697802e-06 2.416157657794641830e-04 -3.790511880300605836e-05 -3.586636288632178657e-05 1.471744800620527396e-05 2.162030117585182630e-08 -5.923227856265750207e-10 1.951833906470231104e-08 2.699239070356286367e-08 1.198212914483737141e-09 9.726414954705793742e-09 2.997968158419517141e-07 -1.454201567369966685e-07 8.343522615672839576e-07
3.808088584199995596e-07 3.002978155507396285e-07 -2.434348512297948770e-05 -2.088741678857872555e-05 -5.990054950766677363e-06 -4.700256357832009887e-04 -1.624014601273448958e-04 3.049292947957440297e-04 2.162030117585182630e-08 1.030716989030054052e-04 9.130646250599920747e-09 -1.121117965418751595e-07 5.256366161870126131e-08 5.611308509529071512e-08 2.230887584995668791e-08 -1.156712195710444816e-06 1.704466436526503773e-06 3.442911026235937718e-06
-2.467569482492121219e-09 -1.514811949357896857e-08 4.230043443322077225e-08 1.076234534018718666e-06 -4.205948542818366756e-07 -1.557080038836512477e-05 -1.578833341701312698e-05 1.808089635784067363e-05 -5.923227856265750207e-10 9.130646250599920747e-09 5.552824396445447844e-07 1.890581308858837492e-09 -2.894590795688327133e-09 4.165690224632936312e-10 1.310179330501822231e-10 6.922614164623013787e-08 1.664322275741917440e-08 2.449288010328516386e-08
-1.190064876497704684e-07 -7.006856808845010351e-08 3.564683683362871602e-06 5.375026719978084441e-06 3.479152036399261628e-07 -5.381077285455047979e-05 6.539417203447346323e-05 7.732676156461529618e-06 1.951833906470231104e-08 -1.121117965418751595e-07 1.890581308858837492e-09 4.847509233742902294e-05 -3.142348002541515445e-08 -3.000338891705982651e-08 3.269389777926218365e-09 -1.121350682545271138e-07 3.059814134460168531e-08 -6.077861635748116154e-07
2.045929917146719309e-08 1.014338350615899400e-07 -2.229812265495090907e-06 -5.512915788115195921e-06 3.833436896865571551e-06 3.089117958294495788e-04 -6.667614045807583080e-05 -6.419304688031642861e-05 2.699239070356286367e-08 5.256366161870126131e-08 -2.894590795688327133e-09 -3.142348002541515445e-08 1.009902467243104398e-05 1.875052250114190160e-08 6.668896608144776980e-09 3.880712810156531638e-07 -2.475629128934931839e-07 1.096184828895870117e-06
3.432296043208142877e-08 2.392131616080502057e-08 -1.453772804989532246e-06 -1.304492766760673470e-06 4.214349206482388036e-07 8.914969254890912648e-05 -6.499683802979197643e-05 5.416768294339119735e-06 1.198212914483737141e-09 5.611308509529071512e-08 4.165690224632936312e-10 -3.000338891705982651e-08 1.875052250114190160e-08 1.909239749388039382e-05 1.067135864501381920e-09 2.794721036044076180e-07 -7.326822953742853642e-08 5.269358299940811916e-07
-4.286196599491685206e-09 1.717120506471939318e-08 -6.062268081450657852e-07 -7.611456980014980521e-07 6.725928862801727203e-07 4.491331623738563828e-05 -1.213430497361685021e-05 -1.217846863918085742e-06 9.726414954705793742e-09 2.230887584995668791e-08 1.310179330501822231e-10 3.269389777926218365e-09 6.668896608144776980e-09 1.067135864501381920e-09 5.604032512304983141e-07 5.038686896975398977e-08 9.215711434947797611e-11 2.512401519069276895e-07
-1.149149506576001196e-06 -1.200264741007365238e-06 4.998372926659274410e-05 1.151985396670127554e-04 3.708395807710437018e-05 5.766451829240531839e-03 -3.068709903325241625e-03 1.029062908443424728e-04 2.997968158419517141e-07 -1.156712195710444816e-06 6.922614164623013787e-08 -1.121350682545271138e-07 3.880712810156531638e-07 2.794721036044076180e-07 5.038686896975398977e-08 8.419119357793896155e-03 -9.264123583960715412e-06 1.265166071585728484e-05
7.879164130378870842e-07 2.915435948238468922e-07 -4.350521792982645845e-05 -3.471837632291423209e-05 -3.815082543539260307e-05 -3.752010854389890935e-03 7.769588962216691539e-04 8.649463223283071749e-04 -1.454201567369966685e-07 1.704466436526503773e-06 1.664322275741917440e-08 3.059814134460168531e-08 -2.475629128934931839e-07 -7.326822953742853642e-08 9.215711434947797611e-11 -9.264123583960715412e-06 1.744919253581450483e-03 -2.269951274056607566e-06
6.297441990753421097e-07 2.073705565735000463e-06 -9.105627376359584863e-05 -9.784199918654231667e-05 6.765432779826860410e-05 6.353986887382684530e-03 -2.941955593504744920e-03 6.807001875411570948e-05 8.343522615672839576e-07 3.442911026235937718e-06 2.449288010328516386e-08 -6.077861635748116154e-07 1.096184828895870117e-06 5.269358299940811916e-07 2.512401519069276895e-07 1.265166071585728484e-05 -2.269951274056607566e-06 6.282991989583363961e-03
1.195360582055351474e-04 1.711306307643945403e-07 -1.121547571598572498e-05 -1.445638751488713615e-05 -4.654712981465785174e-06 -3.754673768195170382e-04 2.766488777504583406e-05 7.248237342576341682e-05 -4.427125059835533696e-08 3.808088584199995596e-07 -2.467569482492121219e-09 -1.190064876497704684e-07 2.045929917146719309e-08 3.432296043208142877e-08 -4.286196599491685206e-09 -1.149149506576001196e-06 7.879164130378870842e-07 6.297441990753421097e-07
1.711306307643945403e-07 5.010187940064803492e-04 -1.234284043841326669e-05 -2.856771727040548426e-05 7.721637282967026424e-06 3.144977193880410613e-04 1.216073007457946990e-04 -1.909070671759057684e-04 5.774528923483970734e-08 3.002978155507396285e-07 -1.514811949357896857e-08 -7.006856808845010351e-08 1.014338350615899400e-07 2.392131616080502057e-08 1.717120506471939318e-08 -1.200264741007365238e-06 2.915435948238468922e-07 2.073705565735000463e-06
-1.121547571598572498e-05 -1.234284043841326669e-05 1.293641233524029932e-01 8.619400964236934156e-04 5.651742589450477026e-05 8.989015567073464080e-03 5.229121912120388753e-04 -3.904659672497973535e-03 -8.155067351021138878e-07 -2.434348512297948770e-05 4.230043443322077225e-08 3.564683683362871602e-06 -2.229812265495090907e-06 -1.453772804989532246e-06 -6.062268081450657852e-07 4.998372926659274410e-05 -4.350521792982645845e-05 -9.105627376359584863e-05
-1.445638751488713615e-05 -2.856771727040548426e-05 8.619400964236934156e-04 5.304770297960796910e-01 -3.564438955530923659e-04 -6.604648799132399432e-03 -1.273898664836110688e-02 1.172008298957601634e-02 -2.150232751151977700e-06 -2.088741678857872555e-05 1.076234534018718666e-06 5.375026719978084441e-06 -5.512915788115195921e-06 -1.304492766760673470e-06 -7.611456980014980521e-07 1.151985396670127554e-04 -3.471837632291423209e-05 -9.784199918654231667e-05
-4.654712981465785174e-06 7.721637282967026424e-06 5.651742589450477026e-05 -3.564438955530923659e-04 3.809568685775215763e-02 3.550854522309258160e-02 -1.794149641600215755e-03 -1.047596792133924370e-02 3.538191382364697802e-06 -5.990054950766677363e-06 -4.205948542818366756e-07 3.479152036399261628e-07 3.833436896865571551e-06 4.214349206482388036e-07 6.725928862801727203e-07 3.708395807710437018e-05 -3.815082543539260307e-05 6.765432779826860410e-05
-3.754673768195170382e-04 3.144977193880410613e-04 8.989015567073464080e-03 -6.604648799132399432e-03 3.550854522309258160e-02 2.319230288307607680e+03 -6.293344981155083451e-01 -6.139417237617005307e-01 2.416157657794641830e-04 -4.700256357832009887e-04 -1.557080038836512477e-05 -5.381077285455047979e-05 3.089117958294495788e-04 8.914969254890912648e-05 4.491331623738563828e-05 5.766451829240531839e-03 -3.752010854389890935e-03 6.353986887382684530e-03
2.766488777504583406e-05 1.216073007457946990e-04 5.229121912120388753e-04 -1.273898664836110688e-02 -1.794149641600215755e-03 -6.293344981155083451e-01 1.624842739797090587e+02 -1.610308936881260089e-01 -3.790511880300605836e-05 -1.624014601273448958e-04 -1.578833341701312698e-05 6.539417203447346323e-05 -6.667614045807583080e-05 -6.499683802979197643e-05 -1.213430497361685021e-05 -3.068709903325241625e-03 7.769588962216691539e-04 -2.941955593504744920e-03
7.248237342576341682e-05 -1.909070671759057684e-04 -3.904659672497973535e-03 1.172008298957601634e-02 -1.047596792133924370e-02 -6.139417237617005307e-01 -1.610308936881260089e-01 5.674022976548554453e+01 -3.586636288632178657e-05 3.049292947957440297e-04 1.808089635784067363e-05 7.732676156461529618e-06 -6.419304688031642861e-05 5.416768294339119735e-06 -1.217846863918085742e-06 1.029062908443424728e-04 8.649463223283071749e-04 6.807001875411570948e-05
-4.427125059835533696e-08 5.774528923483970734e-08 -8.155067351021138878e-07 -2.150232751151977700e-06 3.538191382364697802e-06 2.416157657794641830e-04 -3.790511880300605836e-05 -3.586636288632178657e-05 1.471744800620527396e-05 2.162030117585182630e-08 -5.923227856265750207e-10 1.951833906470231104e-08 2.699239070356286367e-08 1.198212914483737141e-09 9.726414954705793742e-09 2.997968158419517141e-07 -1.454201567369966685e-07 8.343522615672839576e-07
3.808088584199995596e-07 3.002978155507396285e-07 -2.434348512297948770e-05 -2.088741678857872555e-05 -5.990054950766677363e-06 -4.700256357832009887e-04 -1.624014601273448958e-04 3.049292947957440297e-04 2.162030117585182630e-08 1.030716989030054052e-04 9.130646250599920747e-09 -1.121117965418751595e-07 5.256366161870126131e-08 5.611308509529071512e-08 2.230887584995668791e-08 -1.156712195710444816e-06 1.704466436526503773e-06 3.442911026235937718e-06
-2.467569482492121219e-09 -1.514811949357896857e-08 4.230043443322077225e-08 1.076234534018718666e-06 -4.205948542818366756e-07 -1.557080038836512477e-05 -1.578833341701312698e-05 1.808089635784067363e-05 -5.923227856265750207e-10 9.130646250599920747e-09 5.552824396445447844e-07 1.890581308858837492e-09 -2.894590795688327133e-09 4.165690224632936312e-10 1.310179330501822231e-10 6.922614164623013787e-08 1.664322275741917440e-08 2.449288010328516386e-08
-1.190064876497704684e-07 -7.006856808845010351e-08 3.564683683362871602e-06 5.375026719978084441e-06 3.479152036399261628e-07 -5.381077285455047979e-05 6.539417203447346323e-05 7.732676156461529618e-06 1.951833906470231104e-08 -1.121117965418751595e-07 1.890581308858837492e-09 4.847509233742902294e-05 -3.142348002541515445e-08 -3.000338891705982651e-08 3.269389777926218365e-09 -1.121350682545271138e-07 3.059814134460168531e-08 -6.077861635748116154e-07
2.045929917146719309e-08 1.014338350615899400e-07 -2.229812265495090907e-06 -5.512915788115195921e-06 3.833436896865571551e-06 3.089117958294495788e-04 -6.667614045807583080e-05 -6.419304688031642861e-05 2.699239070356286367e-08 5.256366161870126131e-08 -2.894590795688327133e-09 -3.142348002541515445e-08 1.009902467243104398e-05 1.875052250114190160e-08 6.668896608144776980e-09 3.880712810156531638e-07 -2.475629128934931839e-07 1.096184828895870117e-06
3.432296043208142877e-08 2.392131616080502057e-08 -1.453772804989532246e-06 -1.304492766760673470e-06 4.214349206482388036e-07 8.914969254890912648e-05 -6.499683802979197643e-05 5.416768294339119735e-06 1.198212914483737141e-09 5.611308509529071512e-08 4.165690224632936312e-10 -3.000338891705982651e-08 1.875052250114190160e-08 1.909239749388039382e-05 1.067135864501381920e-09 2.794721036044076180e-07 -7.326822953742853642e-08 5.269358299940811916e-07
-4.286196599491685206e-09 1.717120506471939318e-08 -6.062268081450657852e-07 -7.611456980014980521e-07 6.725928862801727203e-07 4.491331623738563828e-05 -1.213430497361685021e-05 -1.217846863918085742e-06 9.726414954705793742e-09 2.230887584995668791e-08 1.310179330501822231e-10 3.269389777926218365e-09 6.668896608144776980e-09 1.067135864501381920e-09 5.604032512304983141e-07 5.038686896975398977e-08 9.215711434947797611e-11 2.512401519069276895e-07
-1.149149506576001196e-06 -1.200264741007365238e-06 4.998372926659274410e-05 1.151985396670127554e-04 3.708395807710437018e-05 5.766451829240531839e-03 -3.068709903325241625e-03 1.029062908443424728e-04 2.997968158419517141e-07 -1.156712195710444816e-06 6.922614164623013787e-08 -1.121350682545271138e-07 3.880712810156531638e-07 2.794721036044076180e-07 5.038686896975398977e-08 8.419119357793896155e-03 -9.264123583960715412e-06 1.265166071585728484e-05
7.879164130378870842e-07 2.915435948238468922e-07 -4.350521792982645845e-05 -3.471837632291423209e-05 -3.815082543539260307e-05 -3.752010854389890935e-03 7.769588962216691539e-04 8.649463223283071749e-04 -1.454201567369966685e-07 1.704466436526503773e-06 1.664322275741917440e-08 3.059814134460168531e-08 -2.475629128934931839e-07 -7.326822953742853642e-08 9.215711434947797611e-11 -9.264123583960715412e-06 1.744919253581450483e-03 -2.269951274056607566e-06
6.297441990753421097e-07 2.073705565735000463e-06 -9.105627376359584863e-05 -9.784199918654231667e-05 6.765432779826860410e-05 6.353986887382684530e-03 -2.941955593504744920e-03 6.807001875411570948e-05 8.343522615672839576e-07 3.442911026235937718e-06 2.449288010328516386e-08 -6.077861635748116154e-07 1.096184828895870117e-06 5.269358299940811916e-07 2.512401519069276895e-07 1.265166071585728484e-05 -2.269951274056607566e-06 6.282991989583363961e-03
