1.000000000000000000e+00 1.000000000000000000e+00 1.000000000000000000e+00 1.000000000000000000e+00
2.210627579360780359e+00 1.370555031514485655e+00 1.811503598441935083e+03 3.449079678761172996e-02
2.022172515076947175e+00 1.143422154737332441e+00 1.706678241607007067e+03 3.472010042012953213e-02
2.066836385298622236e+00 1.261238747679621852e+00 1.677689474889760504e+03 3.704360241824278949e-02
1.815589898132449864e+00 1.165041418532702489e+00 1.615247669548222802e+03 3.140681032068530498e-02
1.988834917238200273e+00 1.261776455320822832e+00 1.812424045109835333e+03 3.432635774141290508e-02
2.013086856202188635e+00 1.178512132687444591e+00 1.653831929670628142e+03 3.609960139369674387e-02
2.073586995725450244e+00 1.082628603917027865e+00 1.744354969593409805e+03 3.801801098693144421e-02
2.040725009794761124e+00 1.192586802503328158e+00 1.740711634974719345e+03 3.386989854245653353e-02
1.833058950248485308e+00 1.066783333723422045e+00 1.885445776301540945e+03 3.843004437624729375e-02
1.969142550629791710e+00 1.105685577584875068e+00 1.746609422330284133e+03 3.528957680779258588e-02
1.887532356916229670e+00 1.161647315934753122e+00 1.567122876538474202e+03 3.808202330705290350e-02
1.760694486185982122e+00 1.096948690858468023e+00 1.810312467742953686e+03 3.377957392563792072e-02
1.556446007662595221e+00 1.031250560921448844e+00 1.623736316307870993e+03 3.308530891110879335e-02
1.616127189149088483e+00 1.098961011650244179e+00 1.706564910501854229e+03 3.547906883821805996e-02
1.584696048802613833e+00 1.051689816234443908e+00 1.561354595620781083e+03 3.339835188525065029e-02
1.426854648351904453e+00 1.117398563959202562e+00 1.638291006065202055e+03 3.836529194521343805e-02
1.533397281455595174e+00 9.890728486572281097e-01 1.680778792776166938e+03 3.192760013060538804e-02
1.544528476660701033e+00 9.629919321813876776e-01 1.532690755305651237e+03 3.418024572182902510e-02
1.521220642383512622e+00 1.036370647084200458e+00 1.626246114456091846e+03 3.219477889025451622e-02
1.441615540815797569e+00 9.887103801867449526e-01 1.579966425091396331e+03 3.537848856467164932e-02
1.434935971511873687e+00 9.321252304253523358e-01 1.480098089656502452e+03 3.571320594449908098e-02
1.352313851503178510e+00 9.882634788992942232e-01 1.584864445982895631e+03 3.313157075207306262e-02
1.182559252819697537e+00 8.938740964269418221e-01 1.485398003133916518e+03 3.488260576606459079e-02
1.148000119823320064e+00 8.357692971600740872e-01 1.447791264203921855e+03 3.261564120876948858e-02
8.316385355756438225e-01 9.218835784161270031e-01 1.292032584978100886e+03 3.367428739049337094e-02
7.926602580821066057e-01 7.654453336897180105e-01 1.341070794656543057e+03 3.499299859354296910e-02
8.641050844754240012e-01 8.357859329782867386e-01 1.329874061351737737e+03 3.408345435671072954e-02
7.359789986126927808e-01 8.654015409340409803e-01 1.308748251810540978e+03 3.364196503511149294e-02
8.930474112691052513e-01 8.063741003738140734e-01 1.293122020993793058e+03 3.255038732468798490e-02
7.369673674147970699e-01 8.188446142191717625e-01 1.179250996204093781e+03 3.410111916462250925e-02
7.579351513245302652e-01 8.607708603270743941e-01 1.182888952656759557e+03 3.313040946989495583e-02
7.008886492459571738e-01 7.328610137491563536e-01 1.210471820680261999e+03 3.277353823623913032e-02
5.482512141964529517e-01 8.124317253294656149e-01 1.004111089094458976e+03 2.917843948160329937e-02
5.745522354825317590e-01 8.081151289043188024e-01 9.749906514871622676e+02 3.169504358661521387e-02
5.639975665700177609e-01 7.563750229977188599e-01 1.128574228367445130e+03 3.719668686015658449e-02
5.189158774421440690e-01 8.076284885029109128e-01 9.571999406186548640e+02 3.627140344530503657e-02
4.946515058355532291e-01 8.213607465914475325e-01 9.033473059908466212e+02 3.553960153732142052e-02
4.747745507796847786e-01 7.586663528890829067e-01 1.171272493724311289e+03 3.483522226886252154e-02
4.269682743162898642e-01 8.778963756443606270e-01 9.599203375711091439e+02 3.832334651710814916e-02
4.781035676175201532e-01 7.564242129018505789e-01 9.239591462588094828e+02 3.365914108332368482e-02
3.627722380139480340e-01 7.848950423746170468e-01 8.905264172837025853e+02 3.213113185145283213e-02
3.191396857105204821e-01 8.995904861152245191e-01 8.815959846841910803e+02 3.589239826136778749e-02
3.201467823603236229e-01 8.231071909716404233e-01 8.947397983260082128e+02 3.593753387050341308e-02
1.874094514543510892e-01 7.840761997738459055e-01 7.903647560693793821e+02 3.846305187913573453e-02
1.897993220836209083e-01 7.570117408987199203e-01 7.823343307146891448e+02 3.951379456359280923e-02
1.780344770650923170e-01 8.194867261051554941e-01 7.657425919393290314e+02 3.996591519303557827e-02
1.701156214259400279e-01 7.775650130028304297e-01 7.203644386888165627e+02 4.089481544536789637e-02
1.489289533906827667e-01 7.664804505007453139e-01 7.147516553381930180e+02 4.788203273531579929e-02
1.618067840151643233e-01 9.018343002159706634e-01 8.280210364462620873e+02 4.109943589603104463e-02
1.628493702522520181e-01 8.297748274741501007e-01 7.499246078300517411e+02 4.485833010902436080e-02
1.310876456794661804e-01 6.956282045994490737e-01 6.866173225747404558e+02 6.497546877054008463e-02
1.153115978365481797e-01 7.558088694245164163e-01 7.020721121908834448e+02 6.395407963442967247e-02
1.177625150059875003e-01 7.186404961980155104e-01 6.747467032823371937e+02 6.009120194191776287e-02
1.262066984805838843e-01 6.986423602902910313e-01 6.828162576559502668e+02 6.182768953201640133e-02
1.180001114027758730e-01 7.846498436469955262e-01 6.736931756199259098e+02 5.665657714973057479e-02
1.208943885124893480e-01 7.537219921182133353e-01 7.282342765153435948e+02 6.468631472609903676e-02
1.143174386600024073e-01 8.245501801313724899e-01 7.452546043784529957e+02 6.155064051938066716e-02
1.194772728446552995e-01 7.585441072509998550e-01 6.402086457733054203e+02 6.423702121933158593e-02
1.034368490696615239e-01 6.962656462636265253e-01 6.570081142234625986e+02 6.935406636365329391e-02
1.035782066068174356e-01 7.302448200693363312e-01 6.110787062484592980e+02 6.046089159635987392e-02
1.067350522118674927e-01 7.489174014671200474e-01 6.495352629383573912e+02 6.636311235766174932e-02
9.691149707061946783e-02 7.137614732181684074e-01 6.323771566424586581e+02 5.479851619837539101e-02
9.506467934729766200e-02 7.083233289301422708e-01 5.726468058410475805e+02 6.547553839890468685e-02
9.562692336776357216e-02 7.513780284117613784e-01 5.656693976383568270e+02 7.073721424735737728e-02
9.136303780437875222e-02 8.188533660526052804e-01 5.694537410522959817e+02 6.210628205503667537e-02
8.642587304859090935e-02 8.000281619406540701e-01 5.796178028297608762e+02 6.807589462852238482e-02
9.771713226151788889e-02 7.101848857165835582e-01 5.720410053873777088e+02 6.343821901871260494e-02
9.320870068068386194e-02 7.479978348891911377e-01 6.231325467642911917e+02 6.139240399287378136e-02
8.490072515427579680e-02 8.381247968819810490e-01 5.722296909453798435e+02 6.607355102744848219e-02
9.587464741941988111e-02 8.127231750894841067e-01 5.764185144791829316e+02 7.109712707688391198e-02
9.816426039541610582e-02 7.465991319800248105e-01 5.672282461307886479e+02 5.397607883455105698e-02
1.001920956931044437e-01 8.143965179778075436e-01 5.948415675442347492e+02 6.061681805225380137e-02
9.903376260736933279e-02 7.285287017071681026e-01 5.795259116528509367e+02 5.633949010298124060e-02
9.801767772594359440e-02 8.095203850076729823e-01 6.079689964080168920e+02 5.610958167206674813e-02
9.439562447435492776e-02 7.481040648677603766e-01 6.140555300845641113e+02 5.861478425178959228e-02
9.478620588965881721e-02 7.637786155214972839e-01 6.093879897999305513e+02 5.335860258181972932e-02
9.264342393207780635e-02 7.480912701060479231e-01 6.069368593790047726e+02 5.939200355631318179e-02
9.986986026094575586e-02 7.553229503644712794e-01 5.944966895041699217e+02 5.923088035435063875e-02
8.742752514658347351e-02 8.245751359144052328e-01 6.214892936373505563e+02 5.667488831803318972e-02
9.552862000346129534e-02 7.775074287029858366e-01 6.249105048726187306e+02 6.396097169688620687e-02
9.115557158467751941e-02 7.573550263646970926e-01 5.981325282145708115e+02 5.877482615148681144e-02
9.942920280886723139e-02 7.501634786706342650e-01 6.095052037666741853e+02 5.578874571898614909e-02
9.030351549813865619e-02 7.410603588199190517e-01 5.730048495962345214e+02 5.958067008372987250e-02
9.140463116744240724e-02 7.866917284587661152e-01 5.508724268213665027e+02 5.785557036984676632e-02
9.846327206061586401e-02 8.225206611267279477e-01 6.173990163594802425e+02 6.283103402834665230e-02
9.828389981833990374e-02 7.932423194814719469e-01 6.055165030399599573e+02 5.678193128389928679e-02
9.530881113138435501e-02 7.794517451363154326e-01 6.084469115597127029e+02 5.763179656065164913e-02
9.638482789952856900e-02 7.533355622667161633e-01 5.903509858804209216e+02 6.020937888923021120e-02
9.000904982557210443e-02 7.304840330367452506e-01 5.963368832911327218e+02 5.881229756549007093e-02
1.028529219874255302e-01 7.729320827272950778e-01 5.191783799753435460e+02 6.268536884967643164e-02
8.673155130434608007e-02 7.918633538987774889e-01 5.769922201679162299e+02 5.727363123301050518e-02
1.033217407950732247e-01 7.885997589882824954e-01 5.930877559296147865e+02 5.867086412589890554e-02
1.014146854779255924e-01 7.674631945206336070e-01 5.663389025183772674e+02 5.803080367264910194e-02
1.018599827370318400e-01 8.286522301080175845e-01 6.024156407464593030e+02 5.778164226466975251e-02
9.389197121854971073e-02 8.248938797178962945e-01 6.272655666722930619e+02 6.046462516823598171e-02
9.503785698159471218e-02 7.234481143211135556e-01 6.241451066153301781e+02 5.842311491392264411e-02
9.327204262243070365e-02 7.504941194625647238e-01 5.958642278035283653e+02 5.342600596779744498e-02
9.801087797073515517e-02 8.012613064356880477e-01 5.926574977872244290e+02 6.231860914246614008e-02
1.001270734886192670e-01 7.633957419527074295e-01 6.028073170775747940e+02 5.779977531708514055e-02
1.028849845854169637e-01 8.375547981013149457e-01 6.259708326686808277e+02 6.169849653422331687e-02
9.607742071562258568e-02 7.444921760405410760e-01 6.531889460140221217e+02 6.020763912550781971e-02
9.468021905635393143e-02 7.549970719828521526e-01 6.226698459922092752e+02 6.003671304047796670e-02
9.164005519105360154e-02 7.455231086267015694e-01 6.358547455306835445e+02 5.542735240476223679e-02
9.601271729170444968e-02 7.806802486820662024e-01 6.079459215267737591e+02 6.031885976176783876e-02
9.615897719723429105e-02 7.775481614009031039e-01 6.507934341935757629e+02 6.515100983025184922e-02
9.242138559190987701e-02 7.631887109857494744e-01 6.495410861870932422e+02 5.837504838531993451e-02
9.655993147077282512e-02 8.163754286472899580e-01 6.207675160152316494e+02 5.821679656921541213e-02
9.922311438765911429e-02 7.690177610235030548e-01 6.290121494786187668e+02 6.125081485395936221e-02
1.032005286154883544e-01 7.934256606898043573e-01 6.058966571830505927e+02 5.764705065794847177e-02
9.156093302185466798e-02 7.824834824022448565e-01 5.939179687244737806e+02 6.052266030193001467e-02
9.230607817324246178e-02 7.975874652913778062e-01 6.351014161839625558e+02 5.660555355580185188e-02
1.038006370309966370e-01 7.408079363726911559e-01 6.132592278000148553e+02 5.987169123091110046e-02
9.767888635169209854e-02 7.426813671784429083e-01 5.871558993657273504e+02 5.998599699850799133e-02
1.031806801634606446e-01 7.941964609015192966e-01 5.910400305948822961e+02 5.794986563164402499e-02
9.662324185143317257e-02 7.883728936443051838e-01 6.216607973271839001e+02 6.586418838806429310e-02
9.527986235292838779e-02 8.007142228692064601e-01 5.753161841335695499e+02 6.043529785249592001e-02
8.943563356677489140e-02 7.643626319860128415e-01 5.686352666074780018e+02 6.890846333015412939e-02
8.736105967259942540e-02 7.973783986623104170e-01 5.985689142395573299e+02 5.995150824095980130e-02
8.793842230593677811e-02 7.762118991704408666e-01 6.215136759480701585e+02 6.491877266462844909e-02
7.075561866304551362e-02 6.995778219561460398e-01 5.172594363134110154e+02 7.753685240737293038e-02
7.151480483695542290e-02 6.922074050025295300e-01 5.429170708336203006e+02 8.045637827578777657e-02
8.847461864341088500e-02 7.238199531480153937e-01 5.387264424875892246e+02 8.298866586036007797e-02
7.337425997282456813e-02 7.021130047908753502e-01 5.489392345663316064e+02 8.783342954144991721e-02
5.680390795800958209e-02 6.075874722059166899e-01 4.286729896692862098e+02 1.069943709559690315e-01
5.134714338842183423e-02 6.285768617081382015e-01 4.105792161308418713e+02 9.993482826502983474e-02
5.521402361952276044e-02 6.641475611316286498e-01 4.412711362746418899e+02 1.021680432672879002e-01
5.433066108271296379e-02 6.191862833792903809e-01 4.208464538633742791e+02 1.248974421079198927e-01
4.554561479490924769e-02 6.364488330715323272e-01 3.794251711130566491e+02 1.216331518453616645e-01
4.596900775729855643e-02 6.073691893245325435e-01 4.154442970796793020e+02 1.331651458993249881e-01
4.831703166734258037e-02 5.948506614835754602e-01 3.476993506817050275e+02 1.229120756524933883e-01
4.689294565693419292e-02 5.536218963088043177e-01 4.321167858700431452e+02 1.284831462058501628e-01
4.507060803608041455e-02 5.999997242181589474e-01 3.773268775974649429e+02 1.210680294743640001e-01
4.217858917486452808e-02 6.036375165741100224e-01 3.870105575884520590e+02 1.466289859848687316e-01
4.132661697631979242e-02 5.846440861205128847e-01 3.559093307438178613e+02 1.339040712414861223e-01
4.500403353502249737e-02 6.216723025895350974e-01 3.514976304281663033e+02 1.278689387431959368e-01
3.897632468357531410e-02 5.818101898342021849e-01 3.763013780626729954e+02 1.311242607824342765e-01
4.535224478562493999e-02 6.162824648364451097e-01 3.661578508841104735e+02 1.284515905899517585e-01
4.494849342874045195e-02 6.156805400272133966e-01 3.598878921318719222e+02 1.346073246390031009e-01
4.370442373125455610e-02 5.726569922416406833e-01 3.408031013421913826e+02 1.359025206909252603e-01
4.113634084353669923e-02 6.558161865650337097e-01 3.469827045262647403e+02 1.318436504854281766e-01
4.067880373678028211e-02 5.471060301158422456e-01 3.654261064014837643e+02 1.362183773416866805e-01
4.615766867136456009e-02 6.193709216092326830e-01 3.632471247759114021e+02 1.304662303820069702e-01
4.556923757617149101e-02 6.221072253739748925e-01 3.712976697175981258e+02 1.176835118026622051e-01
4.079792182631566261e-02 5.782700718644128157e-01 3.529568868611168568e+02 1.333745436406208462e-01
4.592199076658181472e-02 6.556790281607948190e-01 3.500980219900493466e+02 1.088323017152234146e-01
4.512623931686404744e-02 5.993859989914006592e-01 3.413037113831867373e+02 1.213729288309739474e-01
4.489830397775943643e-02 5.901125712134039913e-01 3.587738989106015310e+02 1.258973741741708785e-01
4.332873459942356703e-02 6.147569491463950042e-01 3.545471662168120019e+02 1.298988121257051431e-01
4.421412078133876711e-02 5.804377171763517307e-01 3.450559817948106343e+02 1.295165223636318697e-01
4.012868156991186708e-02 6.080696446395764676e-01 3.481017009848440580e+02 1.218250339742890098e-01
4.272008727037659992e-02 5.797485154509480765e-01 3.458360017820660346e+02 1.327045059947538908e-01
4.562973688625689833e-02 6.523721914109285036e-01 3.515162558953753660e+02 1.200721763152024779e-01
4.374614282887871741e-02 6.166705340049248862e-01 3.493857947243467947e+02 1.082017062087601705e-01
4.324860761082120753e-02 6.053167561751554571e-01 3.419676793269551922e+02 1.172916475647748785e-01
4.085999327914929813e-02 5.842589142899090593e-01 3.103068839206160305e+02 1.192912477459284887e-01
4.071885414519405000e-02 7.236312659466231922e-01 3.263762118622481694e+02 1.223521820348323214e-01
4.587695398821180909e-02 6.213206831347426462e-01 2.993168934957298575e+02 1.519818973224069947e-01
4.439300643061201701e-02 5.713861750419333418e-01 3.005457146374126864e+02 1.463618279250004928e-01
4.625285921425513480e-02 6.031277340570498913e-01 3.194479864896956656e+02 1.511604925512291253e-01
4.578124958105930092e-02 6.128882849658849885e-01 3.109417021178308005e+02 1.428064094383428573e-01
3.849776913077515572e-02 5.378254159385856825e-01 2.714013312763412387e+02 1.598399487502449590e-01
3.558550602136625191e-02 5.605112768984145122e-01 2.281613402617642521e+02 1.749966590283705548e-01
3.473471269231924452e-02 5.946745298556186388e-01 2.448165963973343651e+02 1.652452930582902491e-01
3.993300515782001459e-02 5.874074539271321171e-01 2.587955751015131796e+02 1.525136815118694478e-01
3.610583247698725268e-02 6.072157779858227133e-01 2.065140786837362725e+02 1.711633255938295461e-01
3.583419638400520135e-02 5.000408448820760077e-01 2.198183391432758640e+02 1.650089582785245201e-01
3.592878754410590986e-02 5.645634322332302446e-01 2.196073390890720418e+02 1.699236637412604167e-01
3.965842822180139227e-02 5.576862811745143533e-01 2.309219458068078552e+02 1.929051038536913620e-01
3.946142965150480075e-02 5.448178565464627532e-01 2.167450999509954954e+02 1.738270210970255802e-01
4.032320807089445625e-02 4.836199271733942484e-01 2.299330451653998750e+02 1.661018351632287116e-01
3.745447795912826283e-02 5.140755124865062919e-01 2.229786020608581794e+02 1.618082156693173013e-01
3.666992850612208615e-02 5.585176231114692413e-01 2.085935428622645986e+02 1.683225778561195929e-01
3.725309493369680786e-02 5.182050028099145500e-01 2.060412304062023452e+02 1.792666276090901512e-01
3.545381252527757959e-02 5.706260557217757157e-01 2.072193544648775969e+02 1.903609000420432296e-01
3.771816092091802297e-02 5.825103139098215532e-01 2.169042450373336237e+02 1.937518707499953086e-01
3.464070136401460609e-02 5.606381122725128119e-01 2.279985341991321377e+02 1.771010315785583877e-01
3.786727628588125449e-02 5.350462046426136542e-01 1.990409917482544984e+02 1.919233004509944829e-01
3.840394356856388636e-02 5.551174815127710716e-01 2.071349804993904513e+02 1.961732547380309333e-01
3.801592884872519174e-02 5.292190630714047606e-01 2.017796509179952977e+02 1.973629671846392764e-01
4.070206818457035997e-02 4.844811763186600007e-01 1.640280611071291617e+02 2.254462765503443822e-01
3.888346871430584106e-02 5.077456588282396321e-01 1.839048343933914964e+02 2.232108790318025060e-01
3.659824253793180632e-02 4.897528629375084708e-01 1.704450739960405770e+02 2.429687866446439970e-01
3.645968953241474769e-02 4.949580291884060346e-01 1.832242991706208954e+02 1.944424727686928644e-01
3.663213030472716597e-02 5.547224083110742221e-01 1.852312560685390679e+02 1.849577282409241297e-01
4.028008436714940882e-02 5.620572997930963766e-01 1.524975409556558077e+02 1.874137766177522979e-01
3.677935954319245387e-02 5.274963728176972344e-01 1.678364249240457013e+02 1.781596622428092136e-01
3.928906397738493594e-02 4.824708625695405817e-01 1.693339587960656729e+02 1.787325024104638449e-01
3.975344252556965025e-02 5.740032130501229179e-01 1.607500598108512122e+02 1.697743318326981610e-01
3.827796857477295395e-02 5.250174593585982263e-01 1.598104715466433561e+02 1.570682066147607303e-01
4.092142515249119761e-02 5.790655307935271834e-01 1.150893281964218033e+02 2.091361926121873827e-01
3.682555620439254690e-02 4.798101274316420861e-01 1.184129283876195586e+02 2.086982950942281589e-01
4.167311006364310400e-02 4.764859756778161981e-01 1.022803411524497790e+02 2.028886839167421408e-01
3.828170284792373201e-02 5.672763790230355152e-01 1.033785165514012476e+02 1.968667792590367005e-01
3.955147447979176500e-02 4.846027612810564489e-01 1.063000989687973998e+02 2.271269660841098437e-01
3.797069024969602219e-02 4.814111053834633780e-01 1.120418027125431450e+02 2.026913613355978139e-01
3.622580809101638016e-02 5.106675640990121501e-01 1.192339470764207334e+02 1.940003310082082655e-01
3.641342687009252455e-02 5.090011957360246475e-01 1.092635899516630786e+02 1.707440395168390856e-01
3.667740842937850659e-02 5.281996749446118411e-01 1.136119974215450554e+02 1.757463313252104753e-01
3.478628616093852599e-02 5.035592150454492044e-01 1.141783704808501483e+02 1.773285966887731546e-01
3.740061112843564434e-02 4.770945624759453385e-01 1.123665015528911226e+02 1.782928972286643432e-01
3.774277937302017438e-02 5.264248583672227477e-01 1.072001878680468820e+02 1.806949347077320966e-01
3.833270219580429961e-02 5.684069259267701124e-01 1.083051550690724554e+02 1.892506071828129743e-01
3.600457960179891809e-02 4.795990858682884772e-01 1.177674410309107174e+02 1.613248544414738750e-01
3.778738175629793583e-02 4.810680930293764757e-01 1.117758686507486487e+02 1.754246018558087150e-01
3.626732247265136017e-02 5.159109647983591840e-01 1.031822751806837033e+02 1.765436449313136924e-01
3.871890836400044417e-02 4.802909109426641843e-01 1.183479161562584920e+02 1.610576146240844664e-01
3.580765753447986283e-02 5.288923918821364367e-01 1.075664399915414862e+02 1.630180030547189185e-01
3.896552865541744182e-02 5.072911125825586565e-01 1.019078622758648152e+02 1.808971798846730761e-01
4.116876253899493660e-02 4.825344943714142132e-01 1.025254528373624794e+02 1.767333497463673686e-01
3.935797110527002735e-02 4.906182563652990436e-01 1.072222054975795800e+02 1.865034515494766731e-01
3.753663114185144117e-02 5.062192658403616985e-01 8.383850826770400033e+01 1.975621156622472119e-01
3.671511669862026483e-02 5.055342472849899682e-01 8.235832271603247534e+01 2.294773939392278639e-01
3.962679648628904261e-02 4.713025096418169135e-01 9.668198848735949014e+01 2.058593600913861399e-01
4.102967636838485144e-02 4.646715887175955073e-01 8.449476271235675995e+01 2.176125317400059989e-01
4.249373936604920743e-02 5.369546299230659736e-01 7.777096201159788791e+01 2.119462770708616939e-01
4.412883974417695226e-02 5.141557237792192536e-01 8.208022688762770258e+01 2.084336542376766521e-01
3.928267619380932524e-02 5.023273779711889819e-01 8.016189711649757044e+01 2.323645873912211779e-01
3.762977466795259379e-02 5.085728449960652542e-01 7.885022245665503249e+01 2.418280638159026330e-01
4.055899657545968678e-02 4.370437576388225276e-01 7.843433430944962481e+01 2.316872213697465932e-01
4.266966828384922972e-02 5.102522932468527284e-01 7.557577258266611864e+01 2.359820315809849633e-01
3.846044261833632405e-02 4.542553742032796049e-01 7.537958678566121762e+01 2.205220690230186853e-01
3.672441495078260232e-02 4.219729446988191857e-01 7.383501591313520862e+01 2.443685659888941430e-01
3.655442989574964746e-02 4.545972305006401593e-01 7.719578490294398421e+01 2.401473730774333348e-01
3.716492020041571587e-02 5.084456014792267942e-01 7.460600102201635764e+01 2.168655329771565776e-01
3.555117579461601618e-02 4.866971491207626732e-01 7.607936156107868442e+01 2.185482556851931490e-01
3.614239822443150729e-02 4.498548232167219885e-01 8.230533238614238201e+01 2.206889601929553912e-01
3.592169771706426457e-02 4.879819540343995898e-01 8.313925628520779298e+01 2.249804540136905728e-01
3.825520098061487018e-02 4.682447138306077283e-01 7.785447952226130042e+01 2.272601656799703718e-01
3.809386290748502379e-02 4.824503955834874014e-01 7.340664712920613511e+01 2.225021602903928253e-01
3.821297170298130347e-02 4.203667344499109060e-01 7.184493842532592112e+01 2.688690930526430045e-01
3.552254491785469120e-02 4.775521171713534296e-01 7.396352835042809204e+01 2.219684320875352779e-01
3.954892789138390180e-02 4.936049628164259073e-01 7.557444155428504473e+01 2.026760311414856630e-01
4.099471892100440412e-02 4.909473696200897241e-01 7.680976370892574323e+01 1.973956024211510618e-01
4.281370130322634249e-02 4.614390290513509796e-01 7.537452776954386024e+01 1.891918809778643518e-01
3.995757108474332076e-02 4.899622509655472413e-01 7.276077327403038453e+01 1.905128831096515596e-01
4.052650769689618987e-02 4.390562436245688538e-01 7.325877435721605480e+01 2.243287345585413262e-01
3.838582872509278127e-02 4.289095132596184023e-01 7.710305640046769327e+01 2.094980485627549460e-01
4.049345665944273365e-02 4.291012562136045094e-01 8.285383810448306008e+01 2.172372181698471738e-01
4.278358173510360407e-02 4.583311393581288584e-01 7.319409998323395428e+01 1.899715771516906904e-01
3.843159547353165728e-02 4.773569661154326571e-01 7.715318398514723697e+01 1.950347095671455533e-01
3.827949888756023572e-02 4.961234916549531748e-01 7.640334165459391613e+01 2.015656486208808051e-01
3.737904508191264991e-02 4.243931282169641217e-01 7.387947525501229507e+01 2.052800278825850921e-01
4.009414291618858955e-02 4.707608851575658671e-01 7.216378158017256794e+01 2.195111473321682272e-01
3.815833476285370590e-02 4.684830677278632449e-01 6.544978108769993241e+01 2.367818018033750749e-01
4.350507308672561108e-02 4.710155302427873059e-01 7.536065045825890252e+01 2.091988225052565653e-01
3.366102906336457951e-02 4.918282713632481928e-01 6.479035078544077919e+01 2.046632203125779148e-01
3.035345673662608740e-02 4.561527438983323246e-01 6.669321467460895292e+01 2.226069726313623376e-01
3.495648350188963055e-02 4.199000006110299443e-01 6.180325225403102962e+01 2.122234364280133345e-01
3.790363648120421286e-02 4.762923015027604734e-01 6.897506025989994782e+01 1.982623692900477297e-01
3.703053370089078727e-02 4.506316014589045738e-01 7.021340519306181704e+01 1.906546463224991494e-01
3.565961498113458944e-02 4.459130113648321347e-01 6.180828702144283682e+01 2.019719548057761493e-01
3.799979792079083429e-02 4.357466957551399123e-01 6.076926519478118394e+01 1.799298016018240076e-01
3.566252534737533730e-02 4.285124803727123899e-01 6.012408663685523891e+01 2.076351530008519186e-01
3.377457267436836941e-02 4.209927823893666043e-01 6.582644512509833135e+01 1.756245689523998066e-01
3.789769214385012297e-02 4.366858552190941434e-01 6.691015881771429008e+01 2.094285992582327338e-01
3.864946911887674752e-02 4.527930936835399822e-01 6.846191534193559391e+01 1.953459084815311608e-01
3.540877405066530231e-02 4.420134908048381495e-01 5.893681013744441799e+01 1.962668208546692605e-01
3.496976644708982979e-02 4.210103874414099501e-01 6.298342702853869923e+01 1.873708139082266022e-01
3.786073188336171874e-02 4.100042797604638856e-01 6.586848524090424917e+01 2.008158414003071712e-01
3.760258354463223707e-02 4.365175274377854908e-01 6.603654619239128465e+01 1.894379677310805699e-01
3.567802531000353189e-02 3.989320932846286971e-01 6.588156262919234507e+01 1.918285734295099576e-01
3.782519526723079201e-02 4.162396806497611901e-01 6.654223324001947049e+01 2.198895808791900275e-01
3.956234914572094585e-02 4.124829690878979993e-01 6.214648021283273494e+01 2.094245270865625064e-01
3.886500000522507409e-02 4.681694281132156576e-01 6.894767359682597885e+01 2.064165574449697282e-01
3.513271115198614292e-02 4.168940888573631209e-01 6.445323548856036666e+01 1.811821898478693793e-01
4.030378446798606878e-02 4.716479464980331548e-01 6.297289664497423445e+01 1.818638536748963808e-01
3.467982958251580178e-02 4.959635901383303014e-01 6.537676595703801752e+01 1.753154425716632603e-01
3.417873710307003932e-02 4.160317365202633733e-01 5.989438162618436934e+01 1.938969432095348222e-01
3.960358365250466611e-02 4.617746130968209961e-01 6.717666674700573992e+01 2.168820197551374063e-01
3.840406968310000613e-02 4.596302609072177581e-01 6.464183916177755407e+01 1.823920461503668045e-01
3.456627375503643074e-02 4.424304931543905917e-01 6.747747978450661321e+01 1.901683902307984564e-01
3.821448916606481894e-02 4.534624076208819132e-01 6.597244009824521527e+01 2.050235639835114865e-01
3.866211010944286403e-02 4.551548160380756713e-01 6.509247991840091174e+01 2.061627246555852444e-01
3.919220349504151657e-02 4.263533172508556235e-01 6.560799730380921346e+01 2.056901519279505375e-01
3.646477582371890347e-02 4.054711361593157926e-01 6.502481980538971129e+01 1.922385084453763771e-01
3.700102740901591719e-02 3.935855232896987577e-01 5.987316524281774832e+01 1.981041097259529649e-01
3.145103899065490594e-02 4.556844078711955737e-01 6.957405238813677784e+01 1.956534143242031620e-01
3.832463276555670567e-02 4.116063644067183835e-01 6.604971629187703286e+01 1.982399307128743793e-01
3.880077065017310811e-02 4.372694347013728611e-01 6.469297618783302539e+01 1.922830950367054870e-01
3.537847376564484669e-02 4.129941672306563505e-01 6.513338222838687841e+01 1.849288868201604541e-01
3.515922947050647424e-02 4.122029980333740129e-01 6.034172034541541763e+01 2.096191996586243833e-01
3.679977098110034234e-02 4.241573647735270569e-01 6.675170850811385037e+01 1.807135727150961102e-01
3.845102121604879186e-02 4.428082492821235894e-01 6.545365574362939753e+01 2.034487453760554232e-01
3.580368305499726650e-02 4.741635531280409821e-01 6.466329704422520308e+01 1.966112550418903093e-01
3.629326601306407524e-02 4.379435932486146488e-01 6.175345739666894218e+01 2.079070546029834765e-01
3.823819116211458341e-02 4.454640961300904145e-01 5.923808809887021454e+01 1.850477194080810683e-01
3.818955951501627061e-02 4.439154034423355433e-01 6.695930446641378353e+01 2.169447070992684690e-01
3.831025987701151131e-02 4.309151701448036276e-01 6.433505790055745877e+01 1.968637645046906748e-01
3.419225773762150228e-02 4.479130863598719259e-01 6.248651280855549572e+01 2.021007921189332812e-01
3.771623662180374759e-02 4.241000755926023214e-01 6.494691090493303420e+01 1.948757824079221102e-01
4.007627847484823702e-02 4.200042347838775503e-01 6.471303171548375133e+01 1.829539366295761527e-01
3.726461460636674300e-02 5.015890068460148177e-01 6.893083473625817703e+01 1.874555946296543874e-01
3.772706427552400404e-02 4.238940252477076953e-01 6.656719356853352565e+01 1.829759755878479222e-01
3.785783470264932754e-02 4.665325282448332112e-01 6.603381998277991727e+01 1.916033766644507919e-01
3.778773628881856167e-02 4.343358171711967364e-01 6.130396185544243792e+01 1.986726881592119076e-01
3.738713296381545453e-02 4.655215143802184374e-01 6.371523728721278701e+01 1.823552286362582486e-01
3.876271960226623098e-02 4.534126502129975367e-01 6.165424169387352293e+01 2.024714019413360322e-01
4.000166636700967782e-02 4.017117356204533696e-01 6.049807835183598570e+01 2.088406429289944022e-01
3.853238357083086513e-02 4.470906801313894174e-01 6.663828771696810804e+01 1.963886009961059442e-01
3.878702549524726956e-02 3.899568765113146096e-01 7.192452596704646339e+01 1.843695064594630673e-01
3.739286824842618512e-02 4.521708494322582150e-01 6.617311078301759153e+01 2.047515985331687938e-01
3.700200702384928014e-02 4.326954809728090212e-01 6.450089949847053106e+01 2.144447716559751416e-01
3.440280795228835981e-02 4.487632676576351343e-01 6.246153882337592478e+01 1.945185645020288401e-01
3.554274883043388733e-02 4.658531690820894577e-01 6.509888598383412273e+01 2.012960293274096979e-01
4.047082178876650754e-02 4.194398030905458485e-01 6.512911327153965146e+01 1.937122813536630295e-01
3.806265048208811591e-02 4.598651737373893877e-01 6.334764152494852851e+01 2.097507180756760237e-01
3.957933857981426468e-02 4.092241326001642698e-01 5.751625077274042042e+01 2.037999946743922208e-01
3.188855636099768853e-02 4.694915843673426181e-01 6.420722796904783536e+01 1.918981618077990614e-01
3.981210160912292129e-02 4.728017416948666063e-01 6.388239586489902422e+01 1.962880596100253783e-01
3.887396092627291855e-02 4.404812545743889696e-01 6.425996321010485701e+01 1.952902439414898883e-01
3.594107484381654088e-02 4.382231658521160700e-01 6.775917115573994920e+01 2.075700778962203119e-01
3.929892602011269415e-02 4.434112238064622513e-01 6.675640614916474647e+01 2.008730147970100299e-01
3.991993050499149237e-02 4.213565886719443654e-01 5.502791196297550158e+01 1.872254598809380832e-01
3.505632836929065133e-02 4.539667836218462260e-01 5.948983383155304949e+01 1.996281448215642962e-01
3.676935191746383974e-02 4.039749044258958977e-01 6.352488776844548823e+01 1.839301305171635037e-01
3.750939730841014452e-02 4.409186555183521872e-01 5.844215960700988433e+01 1.863107718339496732e-01
3.802412659402080314e-02 4.067631094601480424e-01 6.944083774739372927e+01 1.909713886851172882e-01
3.860596905052507410e-02 4.144908210391498038e-01 6.217960960078237775e+01 1.835898236575230769e-01
3.833058781116492619e-02 4.502466570422454795e-01 6.172235268552417864e+01 1.860828172165373273e-01
3.962719320245253890e-02 4.357815277101075857e-01 6.707912500326172278e+01 1.787733837253517588e-01
3.521097135383051413e-02 4.210462043909458663e-01 6.370818615514376404e+01 1.911786434628991727e-01
3.818083379104481034e-02 4.409737542730046145e-01 6.024373661439064875e+01 1.852692000814592510e-01
3.519213098639040888e-02 4.609639973075285169e-01 6.242740653187154010e+01 2.045706946044080765e-01
3.876045551256706440e-02 4.173475593317514942e-01 6.412753452228655249e+01 1.829120592825073111e-01
3.715029602645145146e-02 4.851209691305205518e-01 6.548419298988426362e+01 1.880993363152902442e-01
3.859809856198740535e-02 3.893870298120251650e-01 6.713298678096792571e+01 1.930954072969350288e-01
3.532636391292463124e-02 4.644458126782495255e-01 6.702983436333092016e+01 2.068506476150282214e-01
3.942499808332470407e-02 4.465596247791129292e-01 6.234333166065506759e+01 2.178022872908277063e-01
3.344880436002708318e-02 4.821598915093890381e-01 6.246900230824178379e+01 2.098204968159321226e-01
3.438408932433247717e-02 4.278455984950060853e-01 6.459106583053392114e+01 1.942146224776335472e-01
3.636010844634102179e-02 4.337904150910161238e-01 6.089179872979273966e+01 2.035421817080195761e-01
3.603047783285685812e-02 4.587505231464522604e-01 6.492622606679927344e+01 2.151698730942074866e-01
3.724444992976637392e-02 4.578113577858746730e-01 6.984116069556164064e+01 1.930653308089588793e-01
3.791997629559438338e-02 4.242091658379364416e-01 5.972166488347664171e+01 1.988465185679826885e-01
3.355458679441811198e-02 4.345161102949120502e-01 6.142828125052279375e+01 1.855021724098790126e-01
3.707316076643202285e-02 4.000208792722504403e-01 6.459403677219955853e+01 1.892707563536202287e-01
3.637146077179569115e-02 4.026960086494104640e-01 6.898141298798466892e+01 2.002670339376164677e-01
3.771766612540857627e-02 4.363888382488132489e-01 5.849890782940748579e+01 1.867922750647795227e-01
4.141231717689553699e-02 4.323222218795449989e-01 6.711497923398998466e+01 2.023671393789122364e-01
3.964006473787332757e-02 5.180585818430000211e-01 6.466015101661970732e+01 2.074090532983777213e-01
3.630641413403356416e-02 4.599916780291070650e-01 6.302666072924246521e+01 2.120036544272571877e-01
3.519625661772297215e-02 4.802848009750576019e-01 6.133793174166721940e+01 1.938639759214316471e-01
3.533051457536480477e-02 4.247014371276878197e-01 7.036261267241648909e+01 2.027347735146405316e-01
3.558780676936492554e-02 4.620944009302768163e-01 6.020254175728242529e+01 1.903118311713231092e-01
3.840292537437881709e-02 4.466238443475334940e-01 6.831811742757632544e+01 2.048158159935994649e-01
3.648324602765516678e-02 4.361840409519944228e-01 6.281896659286145734e+01 2.105416584099580324e-01
3.518103696994582391e-02 4.233815273260984613e-01 6.608331181287299216e+01 2.091290572530840053e-01
4.198559345068030024e-02 4.484763664762795865e-01 7.109243612272859991e+01 1.884410948452063250e-01
3.715160477597920924e-02 4.210909798051585273e-01 5.829783618456896477e+01 2.150508676956996712e-01
3.617335593983068281e-02 4.334902682614995562e-01 6.444977011712617809e+01 1.989383824660563294e-01
4.176518249275749939e-02 4.441893042503389233e-01 6.248054072248095991e+01 2.151930663030318380e-01
3.633811655343195668e-02 4.593267327646571863e-01 6.329286211010114727e+01 1.980081460746195010e-01
3.474874866331956191e-02 4.173612061622551939e-01 7.041866379611887794e+01 1.879485909480351213e-01
3.275186892428155749e-02 4.315356562205669433e-01 6.200841094003313714e+01 1.840426937719105149e-01
3.636916753594865437e-02 4.456903962836804012e-01 6.305373215131739784e+01 1.994798560915430341e-01
3.987536588782945868e-02 4.130922993166014079e-01 6.336561055543887733e+01 2.043423726851397171e-01
3.744852262907733681e-02 4.278044897940623259e-01 5.923705528564039469e+01 1.784660506207797204e-01
3.559746084102325542e-02 4.147670909889370483e-01 6.947397253982532561e+01 2.012667064443124931e-01
4.150746116495642596e-02 4.949332505183639541e-01 6.965210762234404740e+01 1.794495503604142395e-01
3.828831884605918279e-02 4.539195726255990659e-01 6.226817722834491065e+01 2.134301641994850174e-01
3.786089867077369053e-02 4.476746470180267834e-01 6.567511369793170672e+01 1.767160970622346505e-01
3.595039642171626859e-02 4.537168037037357382e-01 6.370122858436040758e+01 2.025571779982453524e-01
3.382854066670143434e-02 4.376876335919026584e-01 6.567081395152509060e+01 1.882549673852380034e-01
3.636132799433026280e-02 4.437336453251801149e-01 7.123615991023899596e+01 2.103813931134452531e-01
3.634691991698005969e-02 4.250638963850409957e-01 6.239847050955972207e+01 1.845081378219453061e-01
3.910740635868403814e-02 4.116346054082759554e-01 6.765169710629169231e+01 2.122251633623767897e-01
3.761448817857820925e-02 3.981421142334802266e-01 6.807522150480735945e+01 1.951301279637319697e-01
3.789850001058993334e-02 4.457305654801698713e-01 6.237801771185719701e+01 2.208217583335427003e-01
3.588058314756840256e-02 4.543972781413651019e-01 6.381981084539209803e+01 2.039951332711077148e-01
3.864510257866444337e-02 4.335611242913007257e-01 6.516499587526467963e+01 2.092704809000891786e-01
3.532757860831324537e-02 4.673860916305002111e-01 6.313133266851647818e+01 1.994572813095072672e-01
3.938791820196842902e-02 4.418083658791625568e-01 6.259242271131770252e+01 1.846970587297036837e-01
3.557557559947880504e-02 4.435743474750779014e-01 6.234699903071098248e+01 2.004821812794242708e-01
3.482122004068635007e-02 4.287803087222170628e-01 6.038802375726443472e+01 2.132348414824809246e-01
3.678538874977739515e-02 4.511480340105939457e-01 6.230824312809742338e+01 1.856698315042726588e-01
3.358628793192768025e-02 4.627683373843625714e-01 6.419336803396170410e+01 1.915836641326931211e-01
3.959963506082826018e-02 4.166939643503389523e-01 5.906539956628212451e+01 1.981642805585131228e-01
3.892697075173040533e-02 4.599663230853893725e-01 5.966343071738916137e+01 1.921918674438256591e-01
3.937026484234592422e-02 4.805110403082286097e-01 6.160316604849315780e+01 1.888352366436089891e-01
3.744076249412033042e-02 4.599680028254758413e-01 6.521171891913486718e+01 1.821389716966773376e-01
3.395820547478079626e-02 4.252972046165281461e-01 6.188749933468883313e+01 1.944395505731976170e-01
3.581436691875154732e-02 4.551775022574078844e-01 6.135874259357971994e+01 2.137950431161141085e-01
3.428874573072684950e-02 4.495182414278369176e-01 5.912450790343380902e+01 1.929241354052534108e-01
3.538354756496754627e-02 4.286790403354510670e-01 5.689166307096152053e+01 2.050858811812523719e-01
3.357436523704599579e-02 4.783306150386033018e-01 6.188599650191299872e+01 1.798152217266448805e-01
3.586249459830986169e-02 4.491948753907002434e-01 6.616237949589853429e+01 1.901349341505901291e-01
3.657555841240814343e-02 4.251642469948126446e-01 6.422955794550006203e+01 2.018194628889782571e-01
3.365479113634111535e-02 4.467678629551627423e-01 5.961268487261898485e+01 1.830737090045055082e-01
3.376400018291046690e-02 4.476732644934603988e-01 6.586187025913163495e+01 2.130363431412805042e-01
3.545751376503698815e-02 4.637419039718280733e-01 6.090932270075084887e+01 1.862148270864321109e-01
3.757503103351019641e-02 4.484413891273805186e-01 6.344598604453120316e+01 1.806832519502865886e-01
3.331612050926674451e-02 4.492974298045608883e-01 6.168889820015301240e+01 2.022586494158288561e-01
3.789677876481806207e-02 4.573674127233883224e-01 6.512636301929539684e+01 1.985007199457752003e-01
4.023459636193751909e-02 4.536040809445982536e-01 5.957967548450792350e+01 2.088715504005947410e-01
3.733860903013510452e-02 4.538343553472201641e-01 5.781186282276442512e+01 1.959743202646389015e-01
3.586587071365657242e-02 4.282316950818623735e-01 6.103633451230689388e+01 1.905936211278769221e-01
3.739776587178736400e-02 4.330249709060252639e-01 6.517939662820870694e+01 1.892754572264216673e-01
3.773487684462679265e-02 4.546095685194618263e-01 5.901502460502860004e+01 1.750145318840605480e-01
3.436401524175446837e-02 4.574403213685536707e-01 6.392097655214225682e+01 1.940367338660310415e-01
3.715372783355733871e-02 4.279480737755557151e-01 6.140140269421824826e+01 1.855609548303824019e-01
3.286611919309799512e-02 4.357294313931430740e-01 5.866378162473802149e+01 1.826591771758948324e-01
3.308896107788501795e-02 4.958548676959410595e-01 6.535387446235669984e+01 1.916255557563628364e-01
3.538944770765105330e-02 4.615767061247388892e-01 6.147294515875555732e+01 1.749572132601584229e-01
3.504225018599849834e-02 4.342779485606070300e-01 7.014052748223696199e+01 2.101912111730280253e-01
3.804054092165327916e-02 4.661456626278512871e-01 6.919501813386108324e+01 1.964012455468727991e-01
3.728482161789571647e-02 4.237577677928979214e-01 6.477365133251736040e+01 1.961629167387428929e-01
3.539461402935383666e-02 4.350213899740600354e-01 6.338557328936946789e+01 1.953279257875462083e-01
3.621913318285559236e-02 4.378196115334722083e-01 6.991223128219219518e+01 1.905939970223313462e-01
3.304939542929894586e-02 4.848356127521101233e-01 6.605504247723135336e+01 2.088413784652647376e-01
3.336068579496550418e-02 4.554760227989427257e-01 5.982915223173962005e+01 1.925356699576351860e-01
3.544804415207909037e-02 4.451645180638834076e-01 6.618778164993987900e+01 1.983643110968580092e-01
3.144597144043891068e-02 4.522571879950251228e-01 5.925580844874616560e+01 1.802521666407286283e-01
3.759391767222317743e-02 4.708800920465602835e-01 5.884499234378215959e+01 1.908169493396962291e-01
3.741508178276306551e-02 4.774885659736111121e-01 5.403201747813264433e+01 2.118553829363807872e-01
3.330951824925577204e-02 4.281133077363643014e-01 5.322435083439790304e+01 1.914324132507632670e-01
3.791163453267377970e-02 4.596396290340592494e-01 5.956581675802218001e+01 1.947819345622071874e-01
3.493899122416959518e-02 4.410102639268196900e-01 5.830850652882780594e+01 1.943353260918290470e-01
3.382275911859079082e-02 4.472312949109666369e-01 5.739840212740769232e+01 1.945336000504585272e-01
3.964055219346034054e-02 4.447825663116355410e-01 6.289982014128661802e+01 1.925377265862094067e-01
3.689868024124923207e-02 4.432210298923833225e-01 6.327476910667078869e+01 2.099643114304055591e-01
4.175214944508730264e-02 4.609463540490877920e-01 6.035902531327224096e+01 1.926059814775722412e-01
3.491231698104046988e-02 4.547988063567970918e-01 6.299586404804815487e+01 1.967504631711636531e-01
3.591001914077980584e-02 4.707075831883852368e-01 6.642978831750119184e+01 2.102252128589694735e-01
3.791790838507617251e-02 4.362118209666150381e-01 6.616376294883086473e+01 1.832238130256254871e-01
3.754459064821798892e-02 4.354894223588741120e-01 5.793651902371001938e+01 1.834119839037895716e-01
3.890614105842419429e-02 4.405253366300268536e-01 6.547459520528082066e+01 2.159546617930985235e-01
3.657257222466220314e-02 4.480743521902880722e-01 6.291556965657696310e+01 1.915213150751784166e-01
3.361606935418916947e-02 4.440660531101923159e-01 5.595243371139721944e+01 1.856759076567572331e-01
3.951105012894188390e-02 4.349437094935720838e-01 5.956085460751821614e+01 1.850152094390191126e-01
3.697663205050743390e-02 4.223533663847840458e-01 6.121850896175004664e+01 1.925314036040029209e-01
3.770656020931444780e-02 4.628841888149526906e-01 5.908265392117889547e+01 1.868100833983344922e-01
3.929896181268359434e-02 4.680663909552488233e-01 6.104973476278088640e+01 1.893078908718005826e-01
4.264850197381101632e-02 4.619578537580599775e-01 6.341967851003357026e+01 1.949588786580324640e-01
3.280996504596680324e-02 4.203036754214894977e-01 6.287618179993231138e+01 1.772776040636086237e-01
3.387148442656002373e-02 4.856269429012627925e-01 5.577214561036797136e+01 2.078611747573565760e-01
3.713894816468191890e-02 4.368626336306477564e-01 6.104163871119990858e+01 1.908519814049870478e-01
3.598787264032171640e-02 4.613779570992416201e-01 6.264523548073155723e+01 1.920771353751090371e-01
3.532416053413302282e-02 4.244903039168234637e-01 6.089075037345140373e+01 1.815558532018373694e-01
3.895057417649043507e-02 4.517622064253146164e-01 6.397906358041414876e+01 1.905534297521959408e-01
3.455440716206197721e-02 4.511993635915177436e-01 5.887830411482592297e+01 1.891496567049207322e-01
3.366622295097337902e-02 4.256938543399913510e-01 5.971170109988516117e+01 1.921782593865383193e-01
3.219899136156258168e-02 4.439829569907838280e-01 6.335401342338121111e+01 1.791987291285208339e-01
3.895046038502258945e-02 4.801611065378868504e-01 5.841812140725038205e+01 1.963714968100142011e-01
3.577229748959364491e-02 4.338729145729668946e-01 6.241479262088741109e+01 1.897649164445680270e-01
3.430596524763288718e-02 4.476742088734488867e-01 6.381440830169105993e+01 1.915422484827150329e-01
3.664886526946792289e-02 4.594316724844041411e-01 6.838074670176030168e+01 1.757173235097829744e-01
3.482362676261704926e-02 4.731161601776743830e-01 6.196180560302951079e+01 2.134771649250881420e-01
3.572208601725732069e-02 4.611550096535936838e-01 5.483674215513497785e+01 1.794100278691968253e-01
3.252739068013791451e-02 4.187042489145434421e-01 6.543634384120043990e+01 1.961667149742227223e-01
3.599541206720355269e-02 4.599655617181984124e-01 6.179878762118022451e+01 2.032725247096023313e-01
3.662672196778871125e-02 4.378701274624201556e-01 6.305448388254220049e+01 2.015315285969535297e-01
3.635071433817341213e-02 4.448967639791824302e-01 6.166579783707746998e+01 1.956811347874460316e-01
3.690981820490291804e-02 4.078077105039188410e-01 5.939204568286194075e+01 1.953187403407715406e-01
3.834179175203669687e-02 4.570665563529603959e-01 6.043721548806710331e+01 2.053995032946056565e-01
3.381183506592823351e-02 4.316543645178687605e-01 5.592033455739522907e+01 1.850879240847234375e-01
3.453793341812591566e-02 4.458971798339864123e-01 6.019739470224133981e+01 1.883923600286613043e-01
3.744683285531148070e-02 4.348825864835847987e-01 5.995994404235301545e+01 2.117656763974359868e-01
3.541983963767985494e-02 4.590405748125366281e-01 5.758131594440755663e+01 1.939833612967117593e-01
3.837835732370771524e-02 4.794964929734671366e-01 5.753514581516411397e+01 2.018356768920634148e-01
3.648976968466850768e-02 4.479436083974295824e-01 5.882261300244824298e+01 2.101833388947467463e-01
3.472215668564214430e-02 4.935274066172939400e-01 6.702750150538912521e+01 1.912228158624742214e-01
3.888068156999763963e-02 4.357717410643199840e-01 6.172631387451055218e+01 1.824796490350956424e-01
3.941852267846818886e-02 4.822265513480434862e-01 6.360713506653984695e+01 1.870054774429127653e-01
3.600293772181485663e-02 4.603014520383841290e-01 6.128232936558475785e+01 2.122408784631425183e-01
3.502772734359600737e-02 4.381428302790675855e-01 5.864870596478861842e+01 1.933478375053607479e-01
3.679771661225607338e-02 4.889397659805774232e-01 6.435253003965840435e+01 1.929886898393811945e-01
3.716215095832541698e-02 4.775903913198789041e-01 6.488437486556712486e+01 2.208067576182285163e-01
3.764945244822322928e-02 4.300822855599665817e-01 5.913039607503917239e+01 1.938760847937155696e-01
3.827148189122147465e-02 4.511131410745929937e-01 6.395050962477374412e+01 1.853949380378275003e-01
3.290952239622828984e-02 4.729826933908280462e-01 6.248852787199047754e+01 2.099149667135881414e-01
3.607077059655040829e-02 4.523662359396836141e-01 5.696794860879928279e+01 1.896592242970693842e-01
3.324466414094649075e-02 5.040256069666143590e-01 6.398894249209522656e+01 1.752445277058436723e-01
3.352331639166147154e-02 4.919833345504316946e-01 6.410405100266110878e+01 1.989766372985894149e-01
3.877984056507547544e-02 4.213476277347167342e-01 6.986738861011315294e+01 2.002855776447363678e-01
3.556344278018643695e-02 4.593368507546807811e-01 6.032238920938005577e+01 2.001008947257131576e-01
3.672098642508980770e-02 4.676544661017538740e-01 5.963518167045208429e+01 1.918485015828540752e-01
3.480131416635810077e-02 4.603787171540520973e-01 6.183901632579720342e+01 2.051212062624695465e-01
3.553347158675732725e-02 4.438087863936307498e-01 5.955449343704403731e+01 1.861574360881307899e-01
3.443852313178160512e-02 4.184922644717620765e-01 5.911785665580557492e+01 1.920629038490016816e-01
3.566021754909009384e-02 4.345739334050242597e-01 5.741298533305170793e+01 2.014346651405821698e-01
3.514144415638483648e-02 4.174953625061710860e-01 5.634814911374534319e+01 1.894837261643366189e-01
3.523725430886394394e-02 4.592598924846827968e-01 6.213504857989628505e+01 1.957682110077235693e-01
3.718598223166082184e-02 4.178317489558011077e-01 6.291661614485431642e+01 1.988931947457429628e-01
3.807651162235914377e-02 4.280313548339710339e-01 6.470714932448623813e+01 2.156154748865147242e-01
3.733820552612139576e-02 4.879179846053702807e-01 5.971403628844318234e+01 1.974446024246074294e-01
3.694743577391878392e-02 4.551906595204071593e-01 6.470377641157833182e+01 1.918902699038187720e-01
3.429733189859843906e-02 4.534121013890415330e-01 6.084984823720986213e+01 2.048528250084300228e-01
3.786472374280252379e-02 4.476737787542106051e-01 6.680464748981565037e+01 2.104122387485081735e-01
3.509625683803501567e-02 4.295812534641810232e-01 6.146834808525446192e+01 2.030250180302655139e-01
4.000931802929286185e-02 4.572039105839160733e-01 6.151939421232221861e+01 1.949075440131064207e-01
3.754653940689557656e-02 4.886927309795761620e-01 6.214511631713241258e+01 1.894398991091041096e-01
3.457576086604513543e-02 4.624484209354040032e-01 6.018653610068306392e+01 1.772778978791711146e-01
3.493847481311782716e-02 4.624092423862329881e-01 6.576505499038859170e+01 2.015412743070550405e-01
3.779268362662848574e-02 4.742274191166913622e-01 6.439233907396882728e+01 2.102148383461577286e-01
3.649584082901442122e-02 4.669837523629066789e-01 6.431650850471015701e+01 1.994967657790542026e-01
3.783038813373156006e-02 4.617630399009508002e-01 5.524123697339928185e+01 1.740730576118353912e-01
3.414793932466550497e-02 4.473848007383614545e-01 6.374430970023660592e+01 1.872204590895675258e-01
3.519024744517441905e-02 4.538729926537471981e-01 6.382668793187706768e+01 1.889297009814703276e-01
3.598003231034711119e-02 4.467722126528552717e-01 6.084893151836267577e+01 1.787163759893074244e-01
