1.477292372115057788e+03 8.504393928864967620e+02 1.980640490151390899e+06 6.844615222856322134e+02
1.518010420448888453e+03 8.227705151833320087e+02 1.957572685638372786e+06 6.844615222856322134e+02
1.503483005539386568e+03 8.160080794817127980e+02 1.994231364758957177e+06 6.844615222856322134e+02
1.493231301994438354e+03 8.003482365586079368e+02 1.944779948079436086e+06 6.844615222856322134e+02
1.455871627731429953e+03 7.837192865179659975e+02 1.964753385692405747e+06 6.844615222856322134e+02
1.455871627731429953e+03 7.837192865179659975e+02 1.964753385692405747e+06 6.844615222856322134e+02
1.455871627731429953e+03 7.837192865179659975e+02 1.964753385692405747e+06 6.844615222856322134e+02
1.456327376941049806e+03 7.781505218131983384e+02 1.964470648459364660e+06 6.844615222856322134e+02
1.431703001132734244e+03 7.766792011564878067e+02 1.931065446821714751e+06 6.844615222856322134e+02
1.401287924470294229e+03 7.783420727674686077e+02 1.909615483895173995e+06 6.844615222856322134e+02
1.260992919452025944e+03 7.570933586780353153e+02 1.951630030668900115e+06 6.844615222856322134e+02
1.091409134900306753e+03 7.114638645977378246e+02 1.691638331008892041e+06 6.844615222856322134e+02
1.111730320500556445e+03 6.914704907449645361e+02 1.701677561007173499e+06 6.844615222856322134e+02
9.846733529873987436e+02 7.256568084414228679e+02 1.642538107081909897e+06 6.844615222856322134e+02
9.587677006430569691e+02 7.368243062857929999e+02 1.658981627030979376e+06 6.827581334455053366e+02
9.551964404155403372e+02 7.361415275938652485e+02 1.495546864622801775e+06 6.844615222856322134e+02
8.296666712483312267e+02 7.264196914575995834e+02 1.305912255397474160e+06 6.790470156995005482e+02
8.296666712483312267e+02 7.264196914575995834e+02 1.305912255397474160e+06 6.790470156995005482e+02
8.150395292214629990e+02 7.214284986305702887e+02 1.301479858362102648e+06 6.765142891428407665e+02
6.906771193970698732e+02 5.831942543805693049e+02 1.318688493874475593e+06 6.628559429879253457e+02
6.906771193970698732e+02 5.831942543805693049e+02 1.318688493874475593e+06 6.628559429879253457e+02
6.852794369070211360e+02 5.649442158810785486e+02 1.342657356414477341e+06 6.624139248256090013e+02
6.196771147978400904e+02 5.765787090208651762e+02 1.259044796544923447e+06 6.539239260661507842e+02
5.465254533247733661e+02 5.938396772551765253e+02 1.013185976658421569e+06 6.521512890488579615e+02
5.851517103140400877e+02 6.121178204187242500e+02 8.682835454166075215e+05 6.625856791962164607e+02
5.778349110595320326e+02 6.045332513923150373e+02 8.459758880886733532e+05 6.613962252246743674e+02
5.807846249508638721e+02 5.927249279263543258e+02 8.445420324876578525e+05 6.617812497398631422e+02
4.705990830390126121e+02 5.061112905992579272e+02 8.796925731692900881e+05 6.390557099418336975e+02
3.749570345184654911e+02 3.897586506595127958e+02 7.847001324565334944e+05 6.173678772704748781e+02
3.167843810165699665e+02 3.748196560093243193e+02 6.554319106010369724e+05 5.998123697380146950e+02
3.167843810165699665e+02 3.748196560093243193e+02 6.554319106010369724e+05 5.998123697380146950e+02
2.703375342014406328e+02 3.778153439387397725e+02 5.048577142895932193e+05 5.886324729541646548e+02
2.363849664549504439e+02 3.362129189755751213e+02 4.743261556920684525e+05 5.861666912982996109e+02
1.503307573469718932e+02 2.749421769409431704e+02 3.688979197075322154e+05 5.469149286748610166e+02
1.613447000160631148e+02 2.995809421226568929e+02 3.005532806473846431e+05 5.545819906555979060e+02
1.613447000160631148e+02 2.995809421226568929e+02 3.005532806473846431e+05 5.545819906555979060e+02
1.389909741578974831e+02 2.776449011609924469e+02 2.241017672150409780e+05 5.441415500996348555e+02
1.313971608786346223e+02 2.745851146516365588e+02 2.065624528959506424e+05 5.378135343719760613e+02
1.155427485667193963e+02 2.650064773155290254e+02 2.132451945662337530e+05 5.292439426494814825e+02
1.060900110147983639e+02 2.406649440489516962e+02 2.197684698066100245e+05 5.267788118358375868e+02
1.060900110147983639e+02 2.406649440489516962e+02 2.197684698066100245e+05 5.267788118358375868e+02
1.191553212339013896e+02 2.368779959399719246e+02 1.780216599905384937e+05 5.335419438694378869e+02
9.619691944405779793e+01 2.561553983096514457e+02 1.607529313965500914e+05 5.179846320784355385e+02
9.619691944405779793e+01 2.561553983096514457e+02 1.607529313965500914e+05 5.179846320784355385e+02
7.555855418155498171e+01 2.363577703168163282e+02 1.231650026129121397e+05 4.891645107187210328e+02
7.525446143808503052e+01 2.383313701704004473e+02 1.233481229593582102e+05 4.820757221694147461e+02
7.590862586022809921e+01 2.442248786530521159e+02 1.005994707691931108e+05 4.787959374182636907e+02
5.882516264196717515e+01 2.500889287587862952e+02 2.765609105342952171e+04 4.189354740021049679e+02
5.940023261720310188e+01 2.493749906120994524e+02 2.664674146327105700e+04 4.189147060650445837e+02
5.019241675583427309e+01 2.421780228202423757e+02 1.607345435678220565e+04 3.802394138853416052e+02
4.822175750925687510e+01 2.378125070421819203e+02 1.547719595506533733e+04 3.918617530980292827e+02
4.882323817243477748e+01 2.371809193118277790e+02 1.501666853653257203e+04 3.909178712079731781e+02
4.821719226078545972e+01 2.396434713389170952e+02 1.437814710732561070e+04 3.879547553565849398e+02
4.705176553181626531e+01 2.311232106572271050e+02 1.043975752895842379e+04 4.062314562674879426e+02
4.705176553181626531e+01 2.311232106572271050e+02 1.043975752895842379e+04 4.062314562674879426e+02
4.705176553181626531e+01 2.311232106572271050e+02 1.043975752895842379e+04 4.062314562674879426e+02
4.705176553181626531e+01 2.311232106572271050e+02 1.043975752895842379e+04 4.062314562674879426e+02
4.664629516013448551e+01 2.286030205892280947e+02 1.040852788256192434e+04 4.126172280663372476e+02
4.664629516013448551e+01 2.286030205892280947e+02 1.040852788256192434e+04 4.126172280663372476e+02
4.664629516013448551e+01 2.286030205892280947e+02 1.040852788256192434e+04 4.126172280663372476e+02
4.664629516013448551e+01 2.286030205892280947e+02 1.040852788256192434e+04 4.126172280663372476e+02
4.664629516013448551e+01 2.286030205892280947e+02 1.040852788256192434e+04 4.126172280663372476e+02
4.617147147152618203e+01 2.294384303838037340e+02 1.032666344454889804e+04 4.153363833409661652e+02
4.600300227450517099e+01 2.267476345130341713e+02 9.983702547225733724e+03 4.133398454467659349e+02
4.600300227450517099e+01 2.267476345130341713e+02 9.983702547225733724e+03 4.133398454467659349e+02
4.600300227450517099e+01 2.267476345130341713e+02 9.983702547225733724e+03 4.133398454467659349e+02
4.545917249575628460e+01 2.289781179052923221e+02 1.018302166554677387e+04 4.048875569374759493e+02
4.722181956448171292e+01 2.320991668617889161e+02 9.805790469930007021e+03 3.935208266201523202e+02
4.714196853555692712e+01 2.323253619958451566e+02 9.824291771918433369e+03 3.898967840655603823e+02
4.615607297115345631e+01 2.322978357548520592e+02 9.763450930669656373e+03 3.853890234127617305e+02
4.615607297115345631e+01 2.322978357548520592e+02 9.763450930669656373e+03 3.853890234127617305e+02
4.615607297115345631e+01 2.322978357548520592e+02 9.763450930669656373e+03 3.853890234127617305e+02
4.615607297115345631e+01 2.322978357548520592e+02 9.763450930669656373e+03 3.853890234127617305e+02
4.627815648241000446e+01 2.298679957763454809e+02 9.459142534603261083e+03 3.900304526498885025e+02
4.627815648241000446e+01 2.298679957763454809e+02 9.459142534603261083e+03 3.900304526498885025e+02
4.627815648241000446e+01 2.298679957763454809e+02 9.459142534603261083e+03 3.900304526498885025e+02
4.627815648241000446e+01 2.298679957763454809e+02 9.459142534603261083e+03 3.900304526498885025e+02
4.681091001162057097e+01 2.297640354907273661e+02 9.186961459721927895e+03 3.923247967611727063e+02
4.612667040901369120e+01 2.305988473051846199e+02 9.064504203162166959e+03 3.915987256552508029e+02
4.612667040901369120e+01 2.305988473051846199e+02 9.064504203162166959e+03 3.915987256552508029e+02
4.582387736840224335e+01 2.298194018900529159e+02 8.687397796300505433e+03 3.890072245320760089e+02
4.582387736840224335e+01 2.298194018900529159e+02 8.687397796300505433e+03 3.890072245320760089e+02
4.582387736840224335e+01 2.298194018900529159e+02 8.687397796300505433e+03 3.890072245320760089e+02
4.582387736840224335e+01 2.298194018900529159e+02 8.687397796300505433e+03 3.890072245320760089e+02
4.582387736840224335e+01 2.298194018900529159e+02 8.687397796300505433e+03 3.890072245320760089e+02
4.582387736840224335e+01 2.298194018900529159e+02 8.687397796300505433e+03 3.890072245320760089e+02
4.582387736840224335e+01 2.298194018900529159e+02 8.687397796300505433e+03 3.890072245320760089e+02
4.582387736840224335e+01 2.298194018900529159e+02 8.687397796300505433e+03 3.890072245320760089e+02
4.435126377257487462e+01 2.549435353335507273e+02 8.933887747329990816e+03 3.512109835970247786e+02
4.435126377257487462e+01 2.549435353335507273e+02 8.933887747329990816e+03 3.512109835970247786e+02
4.435126377257487462e+01 2.549435353335507273e+02 8.933887747329990816e+03 3.512109835970247786e+02
4.435126377257487462e+01 2.549435353335507273e+02 8.933887747329990816e+03 3.512109835970247786e+02
4.514716203713958009e+01 2.469536347509801715e+02 8.461828148761946068e+03 3.431271843611540362e+02
4.514716203713958009e+01 2.469536347509801715e+02 8.461828148761946068e+03 3.431271843611540362e+02
4.514716203713958009e+01 2.469536347509801715e+02 8.461828148761946068e+03 3.431271843611540362e+02
4.514716203713958009e+01 2.469536347509801715e+02 8.461828148761946068e+03 3.431271843611540362e+02
4.514716203713958009e+01 2.469536347509801715e+02 8.461828148761946068e+03 3.431271843611540362e+02
4.514716203713958009e+01 2.469536347509801715e+02 8.461828148761946068e+03 3.431271843611540362e+02
4.425378818755817889e+01 2.506952532817556403e+02 8.301548017747225458e+03 3.433304955193992214e+02
4.425378818755817889e+01 2.506952532817556403e+02 8.301548017747225458e+03 3.433304955193992214e+02
4.728000455219283538e+01 2.529098971413950778e+02 7.832561424404899299e+03 3.341086954253239014e+02
4.804877691263848050e+01 2.465738549164342714e+02 7.383998871315469842e+03 3.349530254607612960e+02
4.804877691263848050e+01 2.465738549164342714e+02 7.383998871315469842e+03 3.349530254607612960e+02
4.804877691263848050e+01 2.465738549164342714e+02 7.383998871315469842e+03 3.349530254607612960e+02
4.804877691263848050e+01 2.465738549164342714e+02 7.383998871315469842e+03 3.349530254607612960e+02
4.946234302652946013e+01 2.500283578374545925e+02 6.546506987484644924e+03 3.366048315696713757e+02
4.781891122503854774e+01 2.508660445481674230e+02 6.579087892672472663e+03 3.350904077439408866e+02
4.781891122503854774e+01 2.508660445481674230e+02 6.579087892672472663e+03 3.350904077439408866e+02
4.781891122503854774e+01 2.508660445481674230e+02 6.579087892672472663e+03 3.350904077439408866e+02
4.781891122503854774e+01 2.508660445481674230e+02 6.579087892672472663e+03 3.350904077439408866e+02
4.457612353876181999e+01 2.477495906491954543e+02 6.597142401421838258e+03 3.434069378789868665e+02
4.457612353876181999e+01 2.477495906491954543e+02 6.597142401421838258e+03 3.434069378789868665e+02
4.457612353876181999e+01 2.477495906491954543e+02 6.597142401421838258e+03 3.434069378789868665e+02
4.674530792561054682e+01 2.386787452161453018e+02 5.885774836668731950e+03 3.611076084612428758e+02
4.582149261824554998e+01 2.395343213989957576e+02 5.977624347886892792e+03 3.575969263453654321e+02
4.614266844545477397e+01 2.402644327996554807e+02 5.611860956561949934e+03 3.478313142854784701e+02
4.741012585456910244e+01 2.401238177842462846e+02 5.346966370041695882e+03 3.441085437273395655e+02
4.725140717980882954e+01 2.405583402698699729e+02 5.418129401255490848e+03 3.406606557281551204e+02
4.725140717980882954e+01 2.405583402698699729e+02 5.418129401255490848e+03 3.406606557281551204e+02
4.673711518585606228e+01 2.413193722198489297e+02 5.378910836320729686e+03 3.409348844922081980e+02
4.673711518585606228e+01 2.413193722198489297e+02 5.378910836320729686e+03 3.409348844922081980e+02
4.673711518585606228e+01 2.413193722198489297e+02 5.378910836320729686e+03 3.409348844922081980e+02
4.673711518585606228e+01 2.413193722198489297e+02 5.378910836320729686e+03 3.409348844922081980e+02
4.691509443821801995e+01 2.393210289638311394e+02 5.292890220506049445e+03 3.408352788900883183e+02
4.691509443821801995e+01 2.393210289638311394e+02 5.292890220506049445e+03 3.408352788900883183e+02
4.647013591612188321e+01 2.397617327771108364e+02 5.231898182336894934e+03 3.457497921252792707e+02
4.647013591612188321e+01 2.397617327771108364e+02 5.231898182336894934e+03 3.457497921252792707e+02
4.647013591612188321e+01 2.397617327771108364e+02 5.231898182336894934e+03 3.457497921252792707e+02
4.647013591612188321e+01 2.397617327771108364e+02 5.231898182336894934e+03 3.457497921252792707e+02
4.647013591612188321e+01 2.397617327771108364e+02 5.231898182336894934e+03 3.457497921252792707e+02
4.980615735498379593e+01 2.463683456857253304e+02 4.659386793465007031e+03 3.428497283465433156e+02
4.979583411060605158e+01 2.451954922339107839e+02 4.616200594025920509e+03 3.452215845812480097e+02
4.979583411060605158e+01 2.451954922339107839e+02 4.616200594025920509e+03 3.452215845812480097e+02
4.985892191675044671e+01 2.436849876617302186e+02 4.650551369434591834e+03 3.422670560280639620e+02
4.985892191675044671e+01 2.436849876617302186e+02 4.650551369434591834e+03 3.422670560280639620e+02
4.985892191675044671e+01 2.436849876617302186e+02 4.650551369434591834e+03 3.422670560280639620e+02
4.985892191675044671e+01 2.436849876617302186e+02 4.650551369434591834e+03 3.422670560280639620e+02
4.958259892986118444e+01 2.416810283226263607e+02 4.661853392243534472e+03 3.460465221701998075e+02
4.840609312012818322e+01 2.414930372964900869e+02 4.609255230886429672e+03 3.470132104879255053e+02
4.840609312012818322e+01 2.414930372964900869e+02 4.609255230886429672e+03 3.470132104879255053e+02
4.881137191006367715e+01 2.449865446659407269e+02 4.311467931512087489e+03 3.451714655302482129e+02
4.881137191006367715e+01 2.449865446659407269e+02 4.311467931512087489e+03 3.451714655302482129e+02
4.953191240470459178e+01 2.467249327429962307e+02 4.201103931573641603e+03 3.397566992898117064e+02
4.953191240470459178e+01 2.467249327429962307e+02 4.201103931573641603e+03 3.397566992898117064e+02
4.953191240470459178e+01 2.467249327429962307e+02 4.201103931573641603e+03 3.397566992898117064e+02
4.953191240470459178e+01 2.467249327429962307e+02 4.201103931573641603e+03 3.397566992898117064e+02
4.953191240470459178e+01 2.467249327429962307e+02 4.201103931573641603e+03 3.397566992898117064e+02
4.953191240470459178e+01 2.467249327429962307e+02 4.201103931573641603e+03 3.397566992898117064e+02
4.745720758288953078e+01 2.453856545456314393e+02 3.943771229314516404e+03 3.431515027440005952e+02
4.745720758288953078e+01 2.453856545456314393e+02 3.943771229314516404e+03 3.431515027440005952e+02
4.745720758288953078e+01 2.453856545456314393e+02 3.943771229314516404e+03 3.431515027440005952e+02
4.800735338433542410e+01 2.447023931550970417e+02 3.839639433273917348e+03 3.442159778470428932e+02
4.766987631264981928e+01 2.434997522268651551e+02 3.815188972269244005e+03 3.436823857152519395e+02
4.842814988423970846e+01 2.457709021121624176e+02 3.743057534436545211e+03 3.410872314170047730e+02
4.687214685750743115e+01 2.443313284998143331e+02 3.709701631448758690e+03 3.419140987972404560e+02
4.658572305483129128e+01 2.454907845391750527e+02 3.584615566758222940e+03 3.372514754454863350e+02
4.658572305483129128e+01 2.454907845391750527e+02 3.584615566758222940e+03 3.372514754454863350e+02
4.658572305483129128e+01 2.454907845391750527e+02 3.584615566758222940e+03 3.372514754454863350e+02
4.658572305483129128e+01 2.454907845391750527e+02 3.584615566758222940e+03 3.372514754454863350e+02
4.658572305483129128e+01 2.454907845391750527e+02 3.584615566758222940e+03 3.372514754454863350e+02
4.658572305483129128e+01 2.454907845391750527e+02 3.584615566758222940e+03 3.372514754454863350e+02
4.658572305483129128e+01 2.454907845391750527e+02 3.584615566758222940e+03 3.372514754454863350e+02
4.583601369218447275e+01 2.446862206614708271e+02 3.569534557801612664e+03 3.348152268186480569e+02
4.583601369218447275e+01 2.446862206614708271e+02 3.569534557801612664e+03 3.348152268186480569e+02
4.547398130214965306e+01 2.454017050166343950e+02 3.457520527663369194e+03 3.389195837831294966e+02
4.439862189040466234e+01 2.465235275561785215e+02 3.427799349715065091e+03 3.358249409059597497e+02
4.439862189040466234e+01 2.465235275561785215e+02 3.427799349715065091e+03 3.358249409059597497e+02
4.439862189040466234e+01 2.465235275561785215e+02 3.427799349715065091e+03 3.358249409059597497e+02
4.466336479156810668e+01 2.455788393186036274e+02 3.357332901695261171e+03 3.327824786147449458e+02
4.466336479156810668e+01 2.455788393186036274e+02 3.357332901695261171e+03 3.327824786147449458e+02
4.466336479156810668e+01 2.455788393186036274e+02 3.357332901695261171e+03 3.327824786147449458e+02
4.466336479156810668e+01 2.455788393186036274e+02 3.357332901695261171e+03 3.327824786147449458e+02
4.438768473271647963e+01 2.420328100678356975e+02 3.322312010019467380e+03 3.380118803218184667e+02
4.438768473271647963e+01 2.420328100678356975e+02 3.322312010019467380e+03 3.380118803218184667e+02
4.438768473271647963e+01 2.420328100678356975e+02 3.322312010019467380e+03 3.380118803218184667e+02
4.508446410059250553e+01 2.455632094706016915e+02 2.995445098624222737e+03 3.392618417374137039e+02
4.499621111103851234e+01 2.440342369805663054e+02 2.972537242937840347e+03 3.414404573097028788e+02
4.499621111103851234e+01 2.440342369805663054e+02 2.972537242937840347e+03 3.414404573097028788e+02
4.499621111103851234e+01 2.440342369805663054e+02 2.972537242937840347e+03 3.414404573097028788e+02
4.498930996502889457e+01 2.449157723141739496e+02 2.919896202754962815e+03 3.460055559612295610e+02
4.501217309014330681e+01 2.520230827368144446e+02 2.567216479085023366e+03 3.278983643060346367e+02
4.468741048477451017e+01 2.495333660781419951e+02 2.576751361835503303e+03 3.261116677915309765e+02
4.468741048477451017e+01 2.495333660781419951e+02 2.576751361835503303e+03 3.261116677915309765e+02
4.468741048477451017e+01 2.495333660781419951e+02 2.576751361835503303e+03 3.261116677915309765e+02
4.468741048477451017e+01 2.495333660781419951e+02 2.576751361835503303e+03 3.261116677915309765e+02
4.468741048477451017e+01 2.495333660781419951e+02 2.576751361835503303e+03 3.261116677915309765e+02
4.468741048477451017e+01 2.495333660781419951e+02 2.576751361835503303e+03 3.261116677915309765e+02
4.468741048477451017e+01 2.495333660781419951e+02 2.576751361835503303e+03 3.261116677915309765e+02
4.468741048477451017e+01 2.495333660781419951e+02 2.576751361835503303e+03 3.261116677915309765e+02
4.468741048477451017e+01 2.495333660781419951e+02 2.576751361835503303e+03 3.261116677915309765e+02
4.468741048477451017e+01 2.495333660781419951e+02 2.576751361835503303e+03 3.261116677915309765e+02
4.468741048477451017e+01 2.495333660781419951e+02 2.576751361835503303e+03 3.261116677915309765e+02
4.468741048477451017e+01 2.495333660781419951e+02 2.576751361835503303e+03 3.261116677915309765e+02
4.468741048477451017e+01 2.495333660781419951e+02 2.576751361835503303e+03 3.261116677915309765e+02
4.468741048477451017e+01 2.495333660781419951e+02 2.576751361835503303e+03 3.261116677915309765e+02
4.468741048477451017e+01 2.495333660781419951e+02 2.576751361835503303e+03 3.261116677915309765e+02
4.468741048477451017e+01 2.495333660781419951e+02 2.576751361835503303e+03 3.261116677915309765e+02
4.468741048477451017e+01 2.495333660781419951e+02 2.576751361835503303e+03 3.261116677915309765e+02
4.468741048477451017e+01 2.495333660781419951e+02 2.576751361835503303e+03 3.261116677915309765e+02
4.468741048477451017e+01 2.495333660781419951e+02 2.576751361835503303e+03 3.261116677915309765e+02
4.468741048477451017e+01 2.495333660781419951e+02 2.576751361835503303e+03 3.261116677915309765e+02
4.468741048477451017e+01 2.495333660781419951e+02 2.576751361835503303e+03 3.261116677915309765e+02
4.468741048477451017e+01 2.495333660781419951e+02 2.576751361835503303e+03 3.261116677915309765e+02
4.468741048477451017e+01 2.495333660781419951e+02 2.576751361835503303e+03 3.261116677915309765e+02
4.468741048477451017e+01 2.495333660781419951e+02 2.576751361835503303e+03 3.261116677915309765e+02
4.468741048477451017e+01 2.495333660781419951e+02 2.576751361835503303e+03 3.261116677915309765e+02
4.464094707156326791e+01 2.508952198686720578e+02 2.530925611319464224e+03 3.292980663631533957e+02
4.464094707156326791e+01 2.508952198686720578e+02 2.530925611319464224e+03 3.292980663631533957e+02
4.464094707156326791e+01 2.508952198686720578e+02 2.530925611319464224e+03 3.292980663631533957e+02
4.464094707156326791e+01 2.508952198686720578e+02 2.530925611319464224e+03 3.292980663631533957e+02
4.464094707156326791e+01 2.508952198686720578e+02 2.530925611319464224e+03 3.292980663631533957e+02
4.464094707156326791e+01 2.508952198686720578e+02 2.530925611319464224e+03 3.292980663631533957e+02
4.452716807754750761e+01 2.471283800628611971e+02 2.514527711089423974e+03 3.293950728159110213e+02
4.452716807754750761e+01 2.471283800628611971e+02 2.514527711089423974e+03 3.293950728159110213e+02
4.452716807754750761e+01 2.471283800628611971e+02 2.514527711089423974e+03 3.293950728159110213e+02
4.452716807754750761e+01 2.471283800628611971e+02 2.514527711089423974e+03 3.293950728159110213e+02
4.452716807754750761e+01 2.471283800628611971e+02 2.514527711089423974e+03 3.293950728159110213e+02
4.452716807754750761e+01 2.471283800628611971e+02 2.514527711089423974e+03 3.293950728159110213e+02
4.452716807754750761e+01 2.471283800628611971e+02 2.514527711089423974e+03 3.293950728159110213e+02
4.452716807754750761e+01 2.471283800628611971e+02 2.514527711089423974e+03 3.293950728159110213e+02
4.452716807754750761e+01 2.471283800628611971e+02 2.514527711089423974e+03 3.293950728159110213e+02
4.452716807754750761e+01 2.471283800628611971e+02 2.514527711089423974e+03 3.293950728159110213e+02
4.452716807754750761e+01 2.471283800628611971e+02 2.514527711089423974e+03 3.293950728159110213e+02
4.452716807754750761e+01 2.471283800628611971e+02 2.514527711089423974e+03 3.293950728159110213e+02
4.452716807754750761e+01 2.471283800628611971e+02 2.514527711089423974e+03 3.293950728159110213e+02
4.452716807754750761e+01 2.471283800628611971e+02 2.514527711089423974e+03 3.293950728159110213e+02
4.452716807754750761e+01 2.471283800628611971e+02 2.514527711089423974e+03 3.293950728159110213e+02
4.452716807754750761e+01 2.471283800628611971e+02 2.514527711089423974e+03 3.293950728159110213e+02
4.452716807754750761e+01 2.471283800628611971e+02 2.514527711089423974e+03 3.293950728159110213e+02
4.452716807754750761e+01 2.471283800628611971e+02 2.514527711089423974e+03 3.293950728159110213e+02
4.452716807754750761e+01 2.471283800628611971e+02 2.514527711089423974e+03 3.293950728159110213e+02
4.452716807754750761e+01 2.471283800628611971e+02 2.514527711089423974e+03 3.293950728159110213e+02
4.461681303191968340e+01 2.538200994570989337e+02 2.390302121871071449e+03 3.344844898592320419e+02
4.447241730566942408e+01 2.522626059198052815e+02 2.324499632804249359e+03 3.322674407789849624e+02
4.447241730566942408e+01 2.522626059198052815e+02 2.324499632804249359e+03 3.322674407789849624e+02
4.447241730566942408e+01 2.522626059198052815e+02 2.324499632804249359e+03 3.322674407789849624e+02
4.410464231293929771e+01 2.529976926685237117e+02 2.260880867008921541e+03 3.419276045159243154e+02
4.427323132477937406e+01 2.525739142013209175e+02 2.220470108319550945e+03 3.476957320421146278e+02
4.427323132477937406e+01 2.525739142013209175e+02 2.220470108319550945e+03 3.476957320421146278e+02
4.502159250144048741e+01 2.480958849932748649e+02 2.195323201655796311e+03 3.522929506498724095e+02
4.502159250144048741e+01 2.480958849932748649e+02 2.195323201655796311e+03 3.522929506498724095e+02
4.552132733079202609e+01 2.474914741779406313e+02 2.163459608257435775e+03 3.501786465355538667e+02
4.487037264814380677e+01 2.482680837976441524e+02 2.163607800437597234e+03 3.545495273631075293e+02
4.487037264814380677e+01 2.482680837976441524e+02 2.163607800437597234e+03 3.545495273631075293e+02
4.487037264814380677e+01 2.482680837976441524e+02 2.163607800437597234e+03 3.545495273631075293e+02
4.527253284672475075e+01 2.454854888908039925e+02 2.172878198054965651e+03 3.512590480904248125e+02
4.564327148111762966e+01 2.451250675455055728e+02 2.159156639627110962e+03 3.512790746240952444e+02
4.519929647944832141e+01 2.537756912468286714e+02 1.966480275653212857e+03 3.360013371356517382e+02
4.519929647944832141e+01 2.537756912468286714e+02 1.966480275653212857e+03 3.360013371356517382e+02
4.519929647944832141e+01 2.537756912468286714e+02 1.966480275653212857e+03 3.360013371356517382e+02
4.519929647944832141e+01 2.537756912468286714e+02 1.966480275653212857e+03 3.360013371356517382e+02
4.522316222712282041e+01 2.502618172572561832e+02 1.881833507074070212e+03 3.428934353080164215e+02
4.522316222712282041e+01 2.502618172572561832e+02 1.881833507074070212e+03 3.428934353080164215e+02
4.522316222712282041e+01 2.502618172572561832e+02 1.881833507074070212e+03 3.428934353080164215e+02
4.522316222712282041e+01 2.502618172572561832e+02 1.881833507074070212e+03 3.428934353080164215e+02
4.508336490829331922e+01 2.500571642345550742e+02 1.833683547889454985e+03 3.473907249087637297e+02
4.508336490829331922e+01 2.500571642345550742e+02 1.833683547889454985e+03 3.473907249087637297e+02
4.508336490829331922e+01 2.500571642345550742e+02 1.833683547889454985e+03 3.473907249087637297e+02
4.510911898619779237e+01 2.497678138722697838e+02 1.823153455011266487e+03 3.474705355798288338e+02
4.510911898619779237e+01 2.497678138722697838e+02 1.823153455011266487e+03 3.474705355798288338e+02
4.510911898619779237e+01 2.497678138722697838e+02 1.823153455011266487e+03 3.474705355798288338e+02
4.527782255787032284e+01 2.472950562339970304e+02 1.835985055259653564e+03 3.454272103317083520e+02
4.527782255787032284e+01 2.472950562339970304e+02 1.835985055259653564e+03 3.454272103317083520e+02
4.527782255787032284e+01 2.472950562339970304e+02 1.835985055259653564e+03 3.454272103317083520e+02
4.527782255787032284e+01 2.472950562339970304e+02 1.835985055259653564e+03 3.454272103317083520e+02
4.527782255787032284e+01 2.472950562339970304e+02 1.835985055259653564e+03 3.454272103317083520e+02
4.527782255787032284e+01 2.472950562339970304e+02 1.835985055259653564e+03 3.454272103317083520e+02
4.441272735507000391e+01 2.584699832457562820e+02 1.828372096819227636e+03 3.354040907522040129e+02
4.441272735507000391e+01 2.584699832457562820e+02 1.828372096819227636e+03 3.354040907522040129e+02
4.441272735507000391e+01 2.584699832457562820e+02 1.828372096819227636e+03 3.354040907522040129e+02
4.441272735507000391e+01 2.584699832457562820e+02 1.828372096819227636e+03 3.354040907522040129e+02
4.441272735507000391e+01 2.584699832457562820e+02 1.828372096819227636e+03 3.354040907522040129e+02
4.441272735507000391e+01 2.584699832457562820e+02 1.828372096819227636e+03 3.354040907522040129e+02
4.441272735507000391e+01 2.584699832457562820e+02 1.828372096819227636e+03 3.354040907522040129e+02
4.620974440512907222e+01 2.615851319441111968e+02 1.683730285790727066e+03 3.358968110968277188e+02
4.574529627294344181e+01 2.582755173021936344e+02 1.688081496647928589e+03 3.379952764453373106e+02
4.589653622891344753e+01 2.564042461230083063e+02 1.665099712019438812e+03 3.355051624723898840e+02
4.589653622891344753e+01 2.564042461230083063e+02 1.665099712019438812e+03 3.355051624723898840e+02
4.589653622891344753e+01 2.564042461230083063e+02 1.665099712019438812e+03 3.355051624723898840e+02
4.497499211174423550e+01 2.593741611805390335e+02 1.547565279682983601e+03 3.445714650656825597e+02
4.497499211174423550e+01 2.593741611805390335e+02 1.547565279682983601e+03 3.445714650656825597e+02
4.497499211174423550e+01 2.593741611805390335e+02 1.547565279682983601e+03 3.445714650656825597e+02
4.497499211174423550e+01 2.593741611805390335e+02 1.547565279682983601e+03 3.445714650656825597e+02
4.497499211174423550e+01 2.593741611805390335e+02 1.547565279682983601e+03 3.445714650656825597e+02
4.536816841299372527e+01 2.595202826019299778e+02 1.523021689733035828e+03 3.441062551254869391e+02
4.505909504183443204e+01 2.595342829290681834e+02 1.523014335578870259e+03 3.396815535028420641e+02
4.505909504183443204e+01 2.595342829290681834e+02 1.523014335578870259e+03 3.396815535028420641e+02
4.505909504183443204e+01 2.595342829290681834e+02 1.523014335578870259e+03 3.396815535028420641e+02
4.491667272732463800e+01 2.625122994318609813e+02 1.498606626601610969e+03 3.365887660760775475e+02
4.491667272732463800e+01 2.625122994318609813e+02 1.498606626601610969e+03 3.365887660760775475e+02
4.483540395150550495e+01 2.634047332884869661e+02 1.483041959160602346e+03 3.358254744477927716e+02
4.602216234904116021e+01 2.569772656889578570e+02 1.450339700822656368e+03 3.387816384439512944e+02
4.623144029038161307e+01 2.545610336312122968e+02 1.438056087017574328e+03 3.384177787234730772e+02
4.623144029038161307e+01 2.545610336312122968e+02 1.438056087017574328e+03 3.384177787234730772e+02
4.601698781589470144e+01 2.584501990437648260e+02 1.300363481880471682e+03 3.313671828260391408e+02
4.601698781589470144e+01 2.584501990437648260e+02 1.300363481880471682e+03 3.313671828260391408e+02
4.601698781589470144e+01 2.584501990437648260e+02 1.300363481880471682e+03 3.313671828260391408e+02
4.587857481182894759e+01 2.666298190513892337e+02 1.206118083777836318e+03 3.378595118242616877e+02
4.573946093970559446e+01 2.669701541515404983e+02 1.206829933772237837e+03 3.343674997503359805e+02
4.573946093970559446e+01 2.669701541515404983e+02 1.206829933772237837e+03 3.343674997503359805e+02
4.573946093970559446e+01 2.669701541515404983e+02 1.206829933772237837e+03 3.343674997503359805e+02
4.570751430479282362e+01 2.616170510877739162e+02 1.213915179769546512e+03 3.370953761592789988e+02
4.570751430479282362e+01 2.616170510877739162e+02 1.213915179769546512e+03 3.370953761592789988e+02
4.477752812833831797e+01 2.623820286546308012e+02 1.197527794838872069e+03 3.451629609268853187e+02
4.492600154531506718e+01 2.620557586789472566e+02 1.196800964750282901e+03 3.410948619924074023e+02
4.492059596473352201e+01 2.642328367095590238e+02 1.181917963891863565e+03 3.416516929073001734e+02
4.492059596473352201e+01 2.642328367095590238e+02 1.181917963891863565e+03 3.416516929073001734e+02
4.492059596473352201e+01 2.642328367095590238e+02 1.181917963891863565e+03 3.416516929073001734e+02
4.472213868187974839e+01 2.555491196846742810e+02 1.096217525547052901e+03 3.366093903672877445e+02
4.472213868187974839e+01 2.555491196846742810e+02 1.096217525547052901e+03 3.366093903672877445e+02
4.472213868187974839e+01 2.555491196846742810e+02 1.096217525547052901e+03 3.366093903672877445e+02
4.472213868187974839e+01 2.555491196846742810e+02 1.096217525547052901e+03 3.366093903672877445e+02
4.472213868187974839e+01 2.555491196846742810e+02 1.096217525547052901e+03 3.366093903672877445e+02
4.472213868187974839e+01 2.555491196846742810e+02 1.096217525547052901e+03 3.366093903672877445e+02
4.472213868187974839e+01 2.555491196846742810e+02 1.096217525547052901e+03 3.366093903672877445e+02
4.472213868187974839e+01 2.555491196846742810e+02 1.096217525547052901e+03 3.366093903672877445e+02
4.472213868187974839e+01 2.555491196846742810e+02 1.096217525547052901e+03 3.366093903672877445e+02
4.472213868187974839e+01 2.555491196846742810e+02 1.096217525547052901e+03 3.366093903672877445e+02
4.472213868187974839e+01 2.555491196846742810e+02 1.096217525547052901e+03 3.366093903672877445e+02
4.472213868187974839e+01 2.555491196846742810e+02 1.096217525547052901e+03 3.366093903672877445e+02
4.472213868187974839e+01 2.555491196846742810e+02 1.096217525547052901e+03 3.366093903672877445e+02
4.472213868187974839e+01 2.555491196846742810e+02 1.096217525547052901e+03 3.366093903672877445e+02
4.472213868187974839e+01 2.555491196846742810e+02 1.096217525547052901e+03 3.366093903672877445e+02
4.472213868187974839e+01 2.555491196846742810e+02 1.096217525547052901e+03 3.366093903672877445e+02
4.472213868187974839e+01 2.555491196846742810e+02 1.096217525547052901e+03 3.366093903672877445e+02
4.472213868187974839e+01 2.555491196846742810e+02 1.096217525547052901e+03 3.366093903672877445e+02
4.472213868187974839e+01 2.555491196846742810e+02 1.096217525547052901e+03 3.366093903672877445e+02
4.472213868187974839e+01 2.555491196846742810e+02 1.096217525547052901e+03 3.366093903672877445e+02
4.472213868187974839e+01 2.555491196846742810e+02 1.096217525547052901e+03 3.366093903672877445e+02
4.472213868187974839e+01 2.555491196846742810e+02 1.096217525547052901e+03 3.366093903672877445e+02
4.472213868187974839e+01 2.555491196846742810e+02 1.096217525547052901e+03 3.366093903672877445e+02
4.472213868187974839e+01 2.555491196846742810e+02 1.096217525547052901e+03 3.366093903672877445e+02
4.472213868187974839e+01 2.555491196846742810e+02 1.096217525547052901e+03 3.366093903672877445e+02
4.472213868187974839e+01 2.555491196846742810e+02 1.096217525547052901e+03 3.366093903672877445e+02
4.472213868187974839e+01 2.555491196846742810e+02 1.096217525547052901e+03 3.366093903672877445e+02
4.472213868187974839e+01 2.555491196846742810e+02 1.096217525547052901e+03 3.366093903672877445e+02
4.472213868187974839e+01 2.555491196846742810e+02 1.096217525547052901e+03 3.366093903672877445e+02
4.472213868187974839e+01 2.555491196846742810e+02 1.096217525547052901e+03 3.366093903672877445e+02
4.472213868187974839e+01 2.555491196846742810e+02 1.096217525547052901e+03 3.366093903672877445e+02
4.472213868187974839e+01 2.555491196846742810e+02 1.096217525547052901e+03 3.366093903672877445e+02
4.472213868187974839e+01 2.555491196846742810e+02 1.096217525547052901e+03 3.366093903672877445e+02
4.472213868187974839e+01 2.555491196846742810e+02 1.096217525547052901e+03 3.366093903672877445e+02
4.539016509207237959e+01 2.567756960072222228e+02 1.036433196525925268e+03 3.451383031722934902e+02
4.539016509207237959e+01 2.567756960072222228e+02 1.036433196525925268e+03 3.451383031722934902e+02
4.539016509207237959e+01 2.567756960072222228e+02 1.036433196525925268e+03 3.451383031722934902e+02
4.500650213105856778e+01 2.569078634664965648e+02 1.044107710892138812e+03 3.410717009435994100e+02
4.500650213105856778e+01 2.569078634664965648e+02 1.044107710892138812e+03 3.410717009435994100e+02
4.456461161414819827e+01 2.549018299870028557e+02 1.043611368042630829e+03 3.409900141236240074e+02
4.456461161414819827e+01 2.549018299870028557e+02 1.043611368042630829e+03 3.409900141236240074e+02
4.456461161414819827e+01 2.549018299870028557e+02 1.043611368042630829e+03 3.409900141236240074e+02
4.456461161414819827e+01 2.549018299870028557e+02 1.043611368042630829e+03 3.409900141236240074e+02
4.456461161414819827e+01 2.549018299870028557e+02 1.043611368042630829e+03 3.409900141236240074e+02
4.456461161414819827e+01 2.549018299870028557e+02 1.043611368042630829e+03 3.409900141236240074e+02
4.456461161414819827e+01 2.549018299870028557e+02 1.043611368042630829e+03 3.409900141236240074e+02
4.456461161414819827e+01 2.549018299870028557e+02 1.043611368042630829e+03 3.409900141236240074e+02
4.456461161414819827e+01 2.549018299870028557e+02 1.043611368042630829e+03 3.409900141236240074e+02
4.508976180458218153e+01 2.585864654357604877e+02 9.742343176882964144e+02 3.482939875989863481e+02
4.508976180458218153e+01 2.585864654357604877e+02 9.742343176882964144e+02 3.482939875989863481e+02
4.508976180458218153e+01 2.585864654357604877e+02 9.742343176882964144e+02 3.482939875989863481e+02
4.508976180458218153e+01 2.585864654357604877e+02 9.742343176882964144e+02 3.482939875989863481e+02
4.505932748471740723e+01 2.576521513368321052e+02 9.815072495163354915e+02 3.441919731798190583e+02
4.505932748471740723e+01 2.576521513368321052e+02 9.815072495163354915e+02 3.441919731798190583e+02
4.505932748471740723e+01 2.576521513368321052e+02 9.815072495163354915e+02 3.441919731798190583e+02
4.518215176035352698e+01 2.588648543847344854e+02 9.771301761395203584e+02 3.451468187752085441e+02
4.518215176035352698e+01 2.588648543847344854e+02 9.771301761395203584e+02 3.451468187752085441e+02
4.518215176035352698e+01 2.588648543847344854e+02 9.771301761395203584e+02 3.451468187752085441e+02
4.518215176035352698e+01 2.588648543847344854e+02 9.771301761395203584e+02 3.451468187752085441e+02
4.535543332599823430e+01 2.589771382895849570e+02 9.438538191796523051e+02 3.461702757325799098e+02
4.467536824665388195e+01 2.600337673871220545e+02 9.457436973962916227e+02 3.476643276887601814e+02
4.480327541417306492e+01 2.596528568434873137e+02 9.443944822636813115e+02 3.429506953084912766e+02
4.483720758229518566e+01 2.585863405861990714e+02 9.364674360378780875e+02 3.441516916037110150e+02
4.513487808876515572e+01 2.580011823551463408e+02 9.335524234820536549e+02 3.444107373674455630e+02
4.513487808876515572e+01 2.580011823551463408e+02 9.335524234820536549e+02 3.444107373674455630e+02
4.477273033088369658e+01 2.595439162252357050e+02 9.237297959106880398e+02 3.413071644349443545e+02
4.477273033088369658e+01 2.595439162252357050e+02 9.237297959106880398e+02 3.413071644349443545e+02
4.448281394675154132e+01 2.604539207696775520e+02 9.086466408085518651e+02 3.428647817896231231e+02
4.480581918558053189e+01 2.583390939479779149e+02 9.018588705397268086e+02 3.444626626209902156e+02
4.480581918558053189e+01 2.583390939479779149e+02 9.018588705397268086e+02 3.444626626209902156e+02
4.532144288102578145e+01 2.644493324977152042e+02 8.251549085469646343e+02 3.448359321718110095e+02
4.532144288102578145e+01 2.644493324977152042e+02 8.251549085469646343e+02 3.448359321718110095e+02
4.518534792812730672e+01 2.655822496111676969e+02 8.237413776347794965e+02 3.424042869425007325e+02
4.518534792812730672e+01 2.655822496111676969e+02 8.237413776347794965e+02 3.424042869425007325e+02
4.518534792812730672e+01 2.655822496111676969e+02 8.237413776347794965e+02 3.424042869425007325e+02
4.518534792812730672e+01 2.655822496111676969e+02 8.237413776347794965e+02 3.424042869425007325e+02
4.509944157498870965e+01 2.661590883061443265e+02 8.192704718946639559e+02 3.423717903218588390e+02
4.509984542925939621e+01 2.664044450759247979e+02 8.072222151891204476e+02 3.429567238240071561e+02
4.527322519744349449e+01 2.657003774070644795e+02 7.970091371343560240e+02 3.425541164739844930e+02
4.559475118675609906e+01 2.608558841466929152e+02 7.558758768887910264e+02 3.411295833675315521e+02
4.559475118675609906e+01 2.608558841466929152e+02 7.558758768887910264e+02 3.411295833675315521e+02
4.559475118675609906e+01 2.608558841466929152e+02 7.558758768887910264e+02 3.411295833675315521e+02
4.559475118675609906e+01 2.608558841466929152e+02 7.558758768887910264e+02 3.411295833675315521e+02
4.559475118675609906e+01 2.608558841466929152e+02 7.558758768887910264e+02 3.411295833675315521e+02
4.520566319241797970e+01 2.609239750127136972e+02 7.573289910245057399e+02 3.432700106170038907e+02
4.520566319241797970e+01 2.609239750127136972e+02 7.573289910245057399e+02 3.432700106170038907e+02
4.578869493912745980e+01 2.597780367598083444e+02 7.359718690650900044e+02 3.472769179923750471e+02
4.561249361168890459e+01 2.597824289542315910e+02 7.295553867426538091e+02 3.447772070888688063e+02
4.497649189314186202e+01 2.561367637399425234e+02 7.155618832104617013e+02 3.519616880444173717e+02
4.497649189314186202e+01 2.561367637399425234e+02 7.155618832104617013e+02 3.519616880444173717e+02
4.497649189314186202e+01 2.561367637399425234e+02 7.155618832104617013e+02 3.519616880444173717e+02
4.497649189314186202e+01 2.561367637399425234e+02 7.155618832104617013e+02 3.519616880444173717e+02
4.497649189314186202e+01 2.561367637399425234e+02 7.155618832104617013e+02 3.519616880444173717e+02
4.497649189314186202e+01 2.561367637399425234e+02 7.155618832104617013e+02 3.519616880444173717e+02
4.497649189314186202e+01 2.561367637399425234e+02 7.155618832104617013e+02 3.519616880444173717e+02
4.516614777120143742e+01 2.571263915564135232e+02 6.955027130982779227e+02 3.539472394447506645e+02
4.516614777120143742e+01 2.571263915564135232e+02 6.955027130982779227e+02 3.539472394447506645e+02
4.561690300744896831e+01 2.585445257212165870e+02 6.585496047312140036e+02 3.581226860605124784e+02
4.541847199202466356e+01 2.587178946108494415e+02 6.626718658033288420e+02 3.558338741965024496e+02
4.565188405967271734e+01 2.589772695117914623e+02 6.559713244377009005e+02 3.564794067374375004e+02
4.461922424262021991e+01 2.612173913848868096e+02 6.965396035863235511e+02 3.424891795572336264e+02
4.479961588873203482e+01 2.596122316878724519e+02 6.645124200176729801e+02 3.530813385962561028e+02
4.464332421352185776e+01 2.593628388110959690e+02 6.285427839955131049e+02 3.457734339762867535e+02
4.464332421352185776e+01 2.593628388110959690e+02 6.285427839955131049e+02 3.457734339762867535e+02
4.500159875959738542e+01 2.596245144133176836e+02 6.281128785687939171e+02 3.419664443504479436e+02
4.500159875959738542e+01 2.596245144133176836e+02 6.281128785687939171e+02 3.419664443504479436e+02
4.500159875959738542e+01 2.596245144133176836e+02 6.281128785687939171e+02 3.419664443504479436e+02
4.500159875959738542e+01 2.596245144133176836e+02 6.281128785687939171e+02 3.419664443504479436e+02
4.500159875959738542e+01 2.596245144133176836e+02 6.281128785687939171e+02 3.419664443504479436e+02
4.500159875959738542e+01 2.596245144133176836e+02 6.281128785687939171e+02 3.419664443504479436e+02
4.500159875959738542e+01 2.596245144133176836e+02 6.281128785687939171e+02 3.419664443504479436e+02
4.500159875959738542e+01 2.596245144133176836e+02 6.281128785687939171e+02 3.419664443504479436e+02
4.458853420716435778e+01 2.606436461512361689e+02 6.228420294699644728e+02 3.438709223014276404e+02
4.458853420716435778e+01 2.606436461512361689e+02 6.228420294699644728e+02 3.438709223014276404e+02
4.458853420716435778e+01 2.606436461512361689e+02 6.228420294699644728e+02 3.438709223014276404e+02
4.458853420716435778e+01 2.606436461512361689e+02 6.228420294699644728e+02 3.438709223014276404e+02
4.458853420716435778e+01 2.606436461512361689e+02 6.228420294699644728e+02 3.438709223014276404e+02
4.458853420716435778e+01 2.606436461512361689e+02 6.228420294699644728e+02 3.438709223014276404e+02
4.458853420716435778e+01 2.606436461512361689e+02 6.228420294699644728e+02 3.438709223014276404e+02
4.458853420716435778e+01 2.606436461512361689e+02 6.228420294699644728e+02 3.438709223014276404e+02
4.458853420716435778e+01 2.606436461512361689e+02 6.228420294699644728e+02 3.438709223014276404e+02
4.458853420716435778e+01 2.606436461512361689e+02 6.228420294699644728e+02 3.438709223014276404e+02
4.458853420716435778e+01 2.606436461512361689e+02 6.228420294699644728e+02 3.438709223014276404e+02
4.458853420716435778e+01 2.606436461512361689e+02 6.228420294699644728e+02 3.438709223014276404e+02
4.458853420716435778e+01 2.606436461512361689e+02 6.228420294699644728e+02 3.438709223014276404e+02
4.458853420716435778e+01 2.606436461512361689e+02 6.228420294699644728e+02 3.438709223014276404e+02
4.458853420716435778e+01 2.606436461512361689e+02 6.228420294699644728e+02 3.438709223014276404e+02
4.458853420716435778e+01 2.606436461512361689e+02 6.228420294699644728e+02 3.438709223014276404e+02
4.458853420716435778e+01 2.606436461512361689e+02 6.228420294699644728e+02 3.438709223014276404e+02
4.484229747691123436e+01 2.615412432732681509e+02 5.927731129032312083e+02 3.548690193630256999e+02
4.465390797284428714e+01 2.644015723993725260e+02 5.683544577569962257e+02 3.526629078834707798e+02
4.500577192854914443e+01 2.657048800511526565e+02 5.584925161600805268e+02 3.470852378360744979e+02
4.490131142759918959e+01 2.652804011090603353e+02 5.558223706815059586e+02 3.502635601143752524e+02
4.490131142759918959e+01 2.652804011090603353e+02 5.558223706815059586e+02 3.502635601143752524e+02
4.490131142759918959e+01 2.652804011090603353e+02 5.558223706815059586e+02 3.502635601143752524e+02
4.490131142759918959e+01 2.652804011090603353e+02 5.558223706815059586e+02 3.502635601143752524e+02
4.490131142759918959e+01 2.652804011090603353e+02 5.558223706815059586e+02 3.502635601143752524e+02
4.503728712234586595e+01 2.653487931254040859e+02 5.499971831458955194e+02 3.493454981096939491e+02
4.503728712234586595e+01 2.653487931254040859e+02 5.499971831458955194e+02 3.493454981096939491e+02
4.532252155317178932e+01 2.667181971982167283e+02 5.402376870810551281e+02 3.479405435577119761e+02
4.516326934266778181e+01 2.689569121844921824e+02 5.211812509476015975e+02 3.467218558377339832e+02
4.516326934266778181e+01 2.689569121844921824e+02 5.211812509476015975e+02 3.467218558377339832e+02
4.557536333894601199e+01 2.682458740318149353e+02 5.140160297088505104e+02 3.476552353701176230e+02
4.557536333894601199e+01 2.682458740318149353e+02 5.140160297088505104e+02 3.476552353701176230e+02
4.473858535974869710e+01 2.704515150614350318e+02 5.007508349567394816e+02 3.519635908434576663e+02
4.509684766371240272e+01 2.706921120549590114e+02 4.956359739602767718e+02 3.448250157626419536e+02
4.509684766371240272e+01 2.706921120549590114e+02 4.956359739602767718e+02 3.448250157626419536e+02
4.509684766371240272e+01 2.706921120549590114e+02 4.956359739602767718e+02 3.448250157626419536e+02
4.549131602310524869e+01 2.664802064162921624e+02 4.882560076318159759e+02 3.498435025864694126e+02
4.489167251730428632e+01 2.683413352971861059e+02 4.866940901537383297e+02 3.500333848583499048e+02
4.519549833144574080e+01 2.709883567871526679e+02 4.779901609517393126e+02 3.469849360345658056e+02
4.563390563671526223e+01 2.664699313218746966e+02 4.747934000140855915e+02 3.468581540918788164e+02
4.563390563671526223e+01 2.664699313218746966e+02 4.747934000140855915e+02 3.468581540918788164e+02
4.551358811330064924e+01 2.629927293707521017e+02 4.567200852384021914e+02 3.458091971149973460e+02
4.531025107496314064e+01 2.623382539768867900e+02 4.568821739101692287e+02 3.474063339495039031e+02
4.531025107496314064e+01 2.623382539768867900e+02 4.568821739101692287e+02 3.474063339495039031e+02
4.531025107496314064e+01 2.623382539768867900e+02 4.568821739101692287e+02 3.474063339495039031e+02
4.531025107496314064e+01 2.623382539768867900e+02 4.568821739101692287e+02 3.474063339495039031e+02
4.531025107496314064e+01 2.623382539768867900e+02 4.568821739101692287e+02 3.474063339495039031e+02
4.531025107496314064e+01 2.623382539768867900e+02 4.568821739101692287e+02 3.474063339495039031e+02
4.572070522859266362e+01 2.607181288496279308e+02 4.441791947126959599e+02 3.511058609191953792e+02
4.554878630303384313e+01 2.621684240492082267e+02 4.448946646371898623e+02 3.485753249042015796e+02
4.545820945485977660e+01 2.630646027326092735e+02 4.319988953428042464e+02 3.490733748302521349e+02
4.508616335878883774e+01 2.617395795241801579e+02 4.202673203238798578e+02 3.526171049270388380e+02
4.541658217733705527e+01 2.599131720210615413e+02 4.139475661824188251e+02 3.495206971971302323e+02
4.541658217733705527e+01 2.599131720210615413e+02 4.139475661824188251e+02 3.495206971971302323e+02
4.541658217733705527e+01 2.599131720210615413e+02 4.139475661824188251e+02 3.495206971971302323e+02
4.541658217733705527e+01 2.599131720210615413e+02 4.139475661824188251e+02 3.495206971971302323e+02
4.541658217733705527e+01 2.599131720210615413e+02 4.139475661824188251e+02 3.495206971971302323e+02
4.541658217733705527e+01 2.599131720210615413e+02 4.139475661824188251e+02 3.495206971971302323e+02
4.541658217733705527e+01 2.599131720210615413e+02 4.139475661824188251e+02 3.495206971971302323e+02
4.541658217733705527e+01 2.599131720210615413e+02 4.139475661824188251e+02 3.495206971971302323e+02
4.541658217733705527e+01 2.599131720210615413e+02 4.139475661824188251e+02 3.495206971971302323e+02
4.541658217733705527e+01 2.599131720210615413e+02 4.139475661824188251e+02 3.495206971971302323e+02
4.541658217733705527e+01 2.599131720210615413e+02 4.139475661824188251e+02 3.495206971971302323e+02
4.541658217733705527e+01 2.599131720210615413e+02 4.139475661824188251e+02 3.495206971971302323e+02
4.541658217733705527e+01 2.599131720210615413e+02 4.139475661824188251e+02 3.495206971971302323e+02
4.541658217733705527e+01 2.599131720210615413e+02 4.139475661824188251e+02 3.495206971971302323e+02
4.541658217733705527e+01 2.599131720210615413e+02 4.139475661824188251e+02 3.495206971971302323e+02
4.541658217733705527e+01 2.599131720210615413e+02 4.139475661824188251e+02 3.495206971971302323e+02
4.541658217733705527e+01 2.599131720210615413e+02 4.139475661824188251e+02 3.495206971971302323e+02
4.541658217733705527e+01 2.599131720210615413e+02 4.139475661824188251e+02 3.495206971971302323e+02
4.541658217733705527e+01 2.599131720210615413e+02 4.139475661824188251e+02 3.495206971971302323e+02
4.541658217733705527e+01 2.599131720210615413e+02 4.139475661824188251e+02 3.495206971971302323e+02
4.576377334667266439e+01 2.594087593726949308e+02 3.929311730483454426e+02 3.597389612850829508e+02
4.561472589494890428e+01 2.624651137111969206e+02 3.832153864538549328e+02 3.578288057873547245e+02
4.546634380175646584e+01 2.603984939003814247e+02 3.587098158099656189e+02 3.611327199700361916e+02
4.546634380175646584e+01 2.603984939003814247e+02 3.587098158099656189e+02 3.611327199700361916e+02
4.546634380175646584e+01 2.603984939003814247e+02 3.587098158099656189e+02 3.611327199700361916e+02
4.536042869516985832e+01 2.632914862391688189e+02 3.457834768124927791e+02 3.580527135094029063e+02
4.588353239881024592e+01 2.625548931055313346e+02 3.393325905662625814e+02 3.557106960366746762e+02
4.524786156243113311e+01 2.631901018659500551e+02 3.394133518249940380e+02 3.544298645024778693e+02
