1.000000000000000000e+00 1.000000000000000000e+00 1.000000000000000000e+00 1.000000000000000000e+00
4.309184427835632131e-02 4.757933259384719560e-01 1.091190023299562171e+02 6.221468480588414340e-02
4.153211998584654258e-02 5.164825737827469787e-01 1.097405141247396614e+02 6.140196305324591847e-02
4.018332089677308094e-02 4.758041994415995180e-01 1.104216938175163705e+02 5.403714839202682779e-02
4.681365327876597926e-02 5.103989629211900247e-01 1.042572592070333712e+02 5.606218466953888369e-02
4.446514780531239663e-02 5.194607672940898535e-01 1.122346943322837944e+02 5.412954090822292424e-02
4.132753731362085597e-02 5.534008459010539838e-01 1.081776646849850749e+02 5.966841435514547154e-02
4.050761851060325630e-02 4.506464535100760949e-01 1.154296329269648425e+02 5.672543614733316364e-02
3.989498265974045915e-02 4.860200387066346828e-01 1.076384251036717359e+02 6.217569551363115454e-02
3.941146339483322936e-02 4.567857094419576214e-01 1.052479238351458974e+02 5.279471448455321653e-02
4.237855043117268877e-02 5.282718393184444583e-01 1.029537190095107917e+02 5.824657618127698777e-02
3.746379298896109628e-02 5.555229016983878054e-01 1.034934259691233365e+02 5.881986588154373280e-02
4.095938536894372373e-02 4.472476652234627648e-01 9.123004409351335653e+01 5.672237525184561924e-02
4.343137852947182020e-02 4.094386612946138704e-01 8.434198388219510889e+01 6.276093311456674984e-02
4.632193882358766335e-02 4.610408752333468030e-01 8.831542442176588281e+01 6.511110680692558383e-02
4.355855349832071788e-02 4.623132593252000655e-01 8.878646466771688495e+01 5.047944923175937126e-02
4.678154211344652535e-02 3.850455479876231935e-01 7.991395698785650836e+01 7.438407050754687611e-02
4.133211410310048961e-02 4.069186546233233281e-01 8.291460715068848231e+01 7.148407700858146196e-02
4.606542411184636615e-02 3.957713676732066976e-01 8.040320340992592207e+01 7.418333223654643982e-02
4.376094985306065027e-02 3.374502497069152285e-01 8.291905761000148800e+01 7.550278059300688516e-02
4.239827702424677630e-02 3.607154279980758771e-01 8.152235466037978995e+01 7.841253705738727986e-02
4.405158111608574456e-02 4.640090251001599553e-01 7.415098604611438304e+01 7.256057495936618640e-02
4.355174095071395746e-02 3.995310756198443003e-01 7.615287037311070151e+01 7.355281733106264208e-02
3.968156478745483995e-02 4.101879182682501290e-01 9.138182707061267251e+01 7.110833669534646906e-02
4.023642290393066728e-02 3.645502125648629188e-01 8.135569285431596143e+01 7.671253046823447996e-02
4.234052593276087240e-02 4.263018366391416736e-01 7.159466481641749169e+01 6.989185077424030224e-02
4.066768139235782398e-02 4.277542810370827953e-01 8.139612860059941113e+01 6.976181486830679290e-02
4.477475198369181009e-02 3.943354207565515912e-01 7.734973054860962804e+01 6.648416553652758409e-02
3.830732386651233834e-02 4.582852788131667188e-01 7.499860498640232720e+01 5.806733588514775835e-02
4.248147593242888875e-02 4.730429632241641702e-01 7.066594179496324557e+01 5.841594759708628598e-02
4.012261155190001427e-02 4.676880590034339091e-01 7.731890362848007214e+01 5.435430467511211117e-02
3.834485476847384472e-02 4.990723871362913178e-01 5.051161326539903484e+01 7.205375097891232594e-02
3.841687032542127206e-02 4.842554060742078614e-01 4.702439857869301676e+01 6.536083536087435031e-02
3.677765932382051628e-02 5.571292662065191470e-01 4.733072967008336462e+01 6.849041523928599273e-02
3.693725497571555272e-02 5.761095012156577377e-01 5.206823949335054635e+01 6.235585133794484258e-02
3.691245003751551096e-02 5.585464339799416367e-01 4.738017939779301457e+01 6.318402206596039627e-02
3.571813826070949216e-02 5.067476627538224365e-01 4.914623534716952946e+01 6.615264444001010824e-02
4.124046264545559032e-02 5.594791424487793874e-01 4.464433870358733003e+01 5.968086968128101522e-02
3.839531198779488202e-02 4.773232564302962722e-01 5.067934571584579828e+01 5.553112316927488745e-02
3.999024489703845858e-02 5.332210682943692159e-01 4.960652808839953565e+01 5.952143520098959750e-02
3.932276739259230741e-02 4.658940695727730175e-01 4.467524339891278373e+01 6.716313707349637341e-02
3.973491382268667244e-02 4.765191293181155197e-01 4.804307666299561674e+01 6.424148046206597240e-02
3.699669994637101028e-02 4.437821620768325759e-01 3.960090522696184934e+01 6.478108349829006518e-02
3.585291137949217499e-02 5.096042598309684646e-01 3.570699888675090961e+01 5.759215225295182677e-02
4.110945623752991496e-02 4.783240464437664152e-01 4.014748063553762591e+01 6.152892586499233984e-02
3.827077351768159996e-02 3.778407556100119580e-01 2.445541349632151196e+01 7.485410783401946766e-02
4.218672477401828880e-02 3.569182833421782886e-01 2.193807907876310281e+01 7.714794818517217712e-02
3.765963028229551285e-02 3.655032480387481741e-01 2.472297475691888025e+01 7.853194203162525144e-02
3.765500014145434227e-02 3.647445705225317858e-01 2.378965551669564960e+01 8.214023602248034239e-02
3.839478465046485683e-02 3.629233701666574885e-01 2.378628559416936028e+01 7.837557051997851021e-02
3.900753404855981238e-02 3.362715844139583243e-01 2.446157047807482599e+01 7.932081918651101571e-02
4.453948096066364520e-02 3.046137096473024442e-01 2.051984466701652821e+01 8.707947397448521920e-02
4.511337930219987136e-02 2.448137324890091171e-01 1.898516415430821880e+01 1.054260229285040318e-01
4.054506600208566958e-02 2.610028482625850743e-01 2.052375503851947869e+01 9.722976636214959723e-02
4.256346683029470918e-02 2.464612424774424437e-01 2.069489516264683715e+01 9.647892570502519805e-02
3.975167085381732524e-02 2.811143273417810451e-01 1.705456607911847655e+01 1.015225946633812465e-01
3.664012087637195936e-02 2.599895726185369460e-01 1.862390151094304258e+01 1.067290333580515060e-01
4.222375403911426267e-02 2.468655520041093954e-01 1.354392924767389950e+01 1.166254364211276873e-01
4.136054525896309259e-02 2.296511325985767238e-01 1.352153143103300614e+01 1.168968987073356058e-01
4.248389406542207869e-02 2.449664283769123208e-01 1.381712830671595604e+01 1.053754207537246079e-01
4.674639412665591159e-02 2.278266499453304172e-01 1.202861459406467937e+01 1.124971107724730135e-01
4.076111299807442384e-02 2.242085601589396682e-01 1.447610312747234218e+01 1.157318654229619881e-01
4.065621863139891323e-02 2.397498354686565802e-01 1.322022602093725041e+01 1.085632752724818573e-01
3.940049564187216719e-02 2.347756885918521608e-01 1.493324171936242273e+01 1.068361328552315803e-01
3.911270893903985579e-02 2.621577707847270733e-01 1.225156484145268543e+01 1.038187792823432321e-01
4.257706798962732075e-02 2.277601361366393407e-01 1.217601254062108929e+01 1.150918720806544254e-01
4.065771395618522632e-02 2.178613192889906069e-01 1.102293955020996208e+01 8.920013660938855282e-02
3.571804357641666233e-02 2.249578892303001065e-01 1.124969795972033992e+01 9.600358251295268430e-02
4.448009003491470298e-02 2.357672571630857195e-01 1.193569829238783164e+01 8.678172148624810345e-02
4.551823115972310207e-02 2.122392386728343683e-01 1.121484471868505395e+01 9.372419882897535526e-02
4.539427364220498251e-02 2.231743756897448805e-01 1.187324058899821111e+01 9.141874487119303061e-02
4.099086476441538701e-02 2.327114731173837436e-01 1.097814722917401475e+01 9.112149556514756443e-02
4.222976857617007085e-02 2.466917429896128833e-01 1.132326499145398024e+01 8.803492965957407379e-02
4.302390516429825673e-02 2.324439192282239663e-01 1.093096106082393959e+01 9.568949244489208250e-02
3.696394758849640833e-02 2.431735124495970624e-01 1.103371045224645819e+01 9.110727630642494190e-02
4.401663913073114442e-02 2.459392357247215111e-01 1.078365471020813970e+01 9.015778919118204449e-02
4.035270574834042695e-02 2.291936403158512936e-01 1.118390654079178148e+01 9.323690365952530534e-02
3.927556912853942539e-02 2.362410721021128701e-01 1.138839270607359921e+01 1.019415130095195771e-01
4.412036935765741713e-02 2.247516241010614202e-01 1.182881283963000030e+01 9.546256899938512785e-02
3.998621876555825266e-02 2.247779221258473514e-01 1.088530078909870369e+01 1.011638595940016622e-01
4.043192710926811484e-02 2.313945934130378912e-01 1.017872001912879831e+01 9.120352156472212590e-02
3.901037306816271255e-02 2.521440186439645736e-01 1.149317692109703160e+01 9.170179474864960378e-02
3.822514529445642656e-02 2.408627500519893438e-01 1.090049497407978585e+01 9.217608785808349692e-02
3.607109813317373181e-02 2.313244010231292058e-01 1.156750237954823746e+01 9.201374386198193922e-02
3.675728570937789735e-02 2.200237543148713393e-01 1.003746536494877795e+01 8.880568481097796119e-02
3.732959285871998573e-02 2.296896671153342007e-01 1.113232503812767682e+01 9.099422227238762595e-02
4.002453089556982924e-02 2.207770877760411032e-01 1.156118550992618133e+01 9.224019476340782064e-02
4.292238584484357744e-02 2.163494421723630434e-01 1.181613380112441902e+01 9.269978669244971492e-02
4.003870020774397825e-02 2.256582063932908166e-01 1.121461193999360617e+01 8.523654356008170119e-02
3.977628329427974202e-02 2.283695204048088456e-01 1.175612541315453541e+01 9.657343287690511868e-02
3.849819102281024780e-02 2.159700219883853300e-01 1.106774264157311372e+01 8.731255272937819834e-02
4.065019117694949891e-02 2.276462255620138875e-01 1.186446137298494818e+01 9.319115745039097121e-02
3.893203924534924254e-02 2.191631532940904181e-01 1.107402701567756864e+01 8.614931604646298979e-02
3.751047624736544850e-02 2.234621674964261395e-01 1.213674015446296117e+01 8.682396289963514868e-02
3.968614940699128485e-02 2.143982542461986829e-01 1.154758767964204402e+01 8.640817566671615824e-02
3.758664074607375588e-02 2.259484958631541307e-01 1.222489002134719627e+01 9.119415700214257570e-02
3.731720064181950902e-02 2.239428051698048872e-01 1.230213606575417273e+01 8.827519446691499405e-02
3.636503968755604166e-02 2.195982489127512594e-01 1.183189251538209597e+01 9.252940113699054114e-02
4.295957249115699844e-02 2.184698792442292814e-01 1.316911950601137526e+01 8.738277110077349863e-02
4.045678594295127467e-02 2.376134657569103359e-01 1.130354225496793852e+01 8.619780920480105135e-02
3.769158566080053202e-02 2.230415695070186166e-01 1.091087151253594811e+01 9.323280421872123802e-02
3.704176297642330917e-02 2.327551900946433772e-01 1.194725525600403238e+01 8.696168749866341197e-02
3.614819005422326842e-02 2.429964782047431826e-01 1.067124319137090005e+01 9.096126426613874993e-02
4.166805722124942990e-02 2.304230762745444749e-01 1.045445299876809209e+01 9.174783840017526615e-02
3.719871188322042277e-02 2.310163486026819979e-01 1.070444526027218934e+01 1.063804915081435071e-01
3.657029940856182382e-02 2.351679016016286206e-01 1.151969373216074821e+01 9.615451150187960538e-02
3.862371553321191503e-02 2.450263605987473836e-01 1.135784762380249369e+01 8.733169548026155360e-02
3.841564135167666733e-02 2.505033047821129677e-01 1.244049890113122281e+01 8.762827459137863262e-02
3.856161330140813609e-02 2.399304762848609163e-01 1.121879888344136234e+01 9.786777039472648043e-02
3.685583794259193746e-02 2.411886350318178662e-01 1.133526206361549526e+01 8.927420333450894474e-02
3.535039606896010767e-02 2.343233323503033372e-01 1.089384763403237066e+01 9.248136752410866801e-02
4.033741285928147541e-02 2.279702825845034975e-01 1.057703417319138950e+01 9.444875969379835923e-02
3.719318603103957677e-02 2.215943373890683354e-01 1.145172324404497566e+01 9.311367655549501743e-02
4.038255470051836660e-02 2.003771693402323917e-01 1.104354290389728810e+01 9.111603849652608056e-02
3.579030538514388349e-02 2.400507930936702228e-01 1.166187667531026584e+01 9.864823119362273185e-02
3.820059093017296598e-02 2.504289183342635061e-01 1.113959291916113514e+01 9.332152348722219659e-02
3.689558846848520202e-02 2.076381399672248829e-01 1.051125381277755721e+01 9.799190529741567957e-02
3.457122645624560037e-02 2.330324505015764769e-01 1.124504067274018837e+01 9.821458675364654056e-02
4.121327830349570676e-02 2.151010057846269308e-01 1.143074057872955152e+01 8.902511510132041228e-02
3.796968400984276903e-02 2.189844500709336450e-01 1.218229991765810816e+01 9.578670401706038118e-02
3.620053288835566735e-02 2.172835052162236380e-01 1.109978874006484340e+01 9.936216847696749399e-02
3.567137939728604046e-02 2.331509362628877702e-01 1.086653704796658992e+01 9.681152470106914321e-02
4.032313068988421789e-02 2.238907899649187350e-01 1.141675204571169644e+01 9.680594276538992404e-02
3.765864945687806553e-02 2.260161493024683832e-01 1.009045861090128682e+01 1.046603198599357493e-01
4.316684872352047342e-02 2.503780242073181950e-01 6.622672837467920459e+00 1.048152505827362607e-01
3.985561141221481002e-02 2.417246576443506934e-01 6.017833774905968269e+00 1.135528900702641592e-01
3.933710268494078344e-02 2.385678124782212306e-01 6.015402371769225098e+00 1.201763743517993144e-01
3.877951024131316704e-02 3.177628601218196458e-01 4.131820515384102777e+00 1.188469564577832038e-01
4.187934446839880476e-02 2.606516458725147145e-01 4.308449316099873805e+00 9.306772809963562154e-02
4.069574686649331946e-02 2.942227778651265724e-01 4.398397875947029689e+00 9.147474744594379092e-02
4.087281739798089703e-02 3.033215547714661064e-01 4.963720649093547266e+00 8.603634688152683729e-02
3.975005054990881498e-02 2.912935949847151873e-01 4.441526205812507122e+00 9.448646990335200779e-02
4.077012259742205519e-02 3.058871783668717370e-01 4.703303467972831164e+00 9.087555909981288871e-02
3.833879803996453201e-02 2.733264465247590147e-01 4.486736696170445349e+00 9.120479134664069565e-02
3.918489575846402506e-02 2.791084802233664286e-01 4.496842620245288025e+00 9.340010027568940165e-02
3.446925139041281949e-02 2.877488705093727006e-01 4.007040718982152860e+00 1.031026563437453386e-01
3.549125259738726557e-02 2.905662869522635527e-01 3.723439973620234156e+00 1.010374539981138270e-01
3.964542614064101023e-02 2.371350042363100930e-01 2.135058262134311047e+00 1.171996496578196351e-01
3.678918145335640516e-02 2.614406550421838893e-01 2.062635292458196545e+00 1.054370846538436879e-01
4.154656300851840289e-02 2.374027995889217979e-01 2.087137939499992711e+00 1.153035776272188923e-01
3.888772834752213248e-02 2.635851188410207602e-01 1.989931399284258440e+00 1.147947484752239317e-01
4.232066604713835556e-02 2.659107044690480759e-01 1.990709215840038127e+00 1.093558954079704160e-01
4.073505638014188884e-02 2.588667462015966647e-01 1.589844885685813614e+00 1.072967344173233611e-01
3.978845970155794193e-02 2.700751553754844325e-01 7.141260603063407375e-01 1.188949868692615319e-01
3.750058982528865076e-02 2.157512347139137199e-01 2.626124972588443907e-01 9.024778984008098581e-02
3.765180882052388683e-02 2.105183425968440436e-01 2.821195147130695635e-01 9.188795875314205441e-02
4.132633805727271847e-02 2.216966304670615062e-01 2.990819577827484865e-01 9.485776287866949652e-02
3.877363055044539403e-02 1.971741375033407295e-01 2.733127115975070853e-01 1.027017280988277714e-01
4.206505108715744012e-02 2.243986893566389529e-01 2.884050937114412960e-01 1.050185394247246246e-01
4.193890065339277162e-02 2.057546230806925891e-01 2.882951309166736920e-01 1.049504729592756480e-01
3.923370643474428238e-02 2.233947866086371803e-01 3.057505404011434114e-01 1.031920280212968027e-01
3.593900168389880384e-02 2.192338232972342038e-01 3.093773960061442785e-01 9.962167900601141823e-02
3.883196325173623314e-02 2.062150626186010915e-01 2.667719841539856196e-01 1.004314820790956075e-01
3.685226510369234154e-02 2.111564321090730612e-01 2.736955649850437156e-01 9.927164717035648345e-02
3.957244238215200383e-02 2.238754191795712944e-01 2.944814052302480167e-01 9.916736756650501583e-02
3.909880263938000922e-02 2.209665285162915049e-01 3.231431849563679015e-01 1.044502315097517314e-01
3.758633082616144594e-02 2.192836412723156436e-01 2.960663608527331903e-01 1.058067779133962383e-01
3.927731692112167855e-02 2.084464439528442292e-01 3.237092820262462145e-01 9.896649465003130863e-02
3.956580002629204312e-02 1.930430786737954429e-01 3.152187530808311378e-01 1.022720549095806758e-01
3.897807845233103308e-02 2.182013057731990724e-01 2.915347692635131271e-01 9.747446984618947374e-02
3.862354110695388754e-02 2.208214273018589413e-01 3.040937739668275741e-01 9.687336302455053227e-02
3.849594363013439380e-02 2.049442306539769609e-01 2.824296289208881872e-01 9.290970262545994451e-02
4.215334886161808958e-02 2.138767637565401059e-01 2.962274889135634859e-01 9.932501493210947607e-02
4.260115298712015275e-02 2.347437135815494125e-01 2.855895604484297579e-01 1.132295099543864231e-01
3.941499546950848892e-02 2.076855848499118140e-01 3.130881898881918146e-01 1.031537696516682395e-01
3.644151335134172831e-02 2.137146750639649928e-01 2.783631255023682471e-01 1.067001393690187594e-01
4.081423908544289103e-02 2.119444104933704831e-01 3.025612342411130307e-01 9.607262904295903183e-02
3.960145102237169756e-02 2.056354711756434583e-01 3.037659724889547608e-01 9.609722004347598379e-02
3.563241296238103123e-02 2.148275418023014860e-01 2.682848688238295698e-01 9.998674962181793024e-02
3.715599838722817572e-02 1.960582542107856263e-01 2.779543309319535416e-01 9.609949185327601451e-02
3.644132392696917272e-02 2.136029493782603261e-01 3.074580039735129167e-01 9.347862579403144745e-02
3.387677677023232664e-02 2.068378174733571107e-01 2.798604637192630973e-01 9.837308210387354923e-02
3.739818853896526019e-02 2.104181713127688813e-01 2.959724800203246131e-01 1.031924064598018914e-01
3.806499401217712519e-02 2.010029834066988375e-01 2.940836247507275791e-01 1.069958145728220622e-01
3.982357615069342244e-02 2.302302860503707138e-01 3.242461621937207661e-01 9.636320245559011621e-02
3.952010725090962517e-02 2.179844359211325633e-01 2.917074779616228297e-01 9.552818091788077559e-02
3.889590107908103694e-02 2.151867312468103421e-01 3.129099454682864323e-01 1.014020335103107823e-01
4.098181535868947872e-02 1.988096155006257582e-01 2.918119489355313623e-01 9.788557010353406140e-02
3.882274805855452648e-02 2.286094172476696162e-01 2.928342203812799860e-01 1.106201972701329611e-01
4.031682020309418357e-02 2.090763115810508332e-01 3.035390710677259851e-01 1.086359451567010526e-01
3.926560390651583771e-02 1.989968975483463742e-01 3.239406544358126028e-01 9.854536191753877905e-02
3.796116342065234545e-02 2.129832853959371664e-01 3.092611280048512268e-01 9.698753013261347811e-02
4.472070304162476667e-02 2.249741947324988556e-01 2.796191797091182596e-01 9.755727775493054643e-02
3.969270658653038797e-02 2.321423632304041862e-01 3.030920572974818428e-01 1.022299759731075258e-01
4.199082497740744963e-02 2.179756850991610984e-01 2.819794103787852113e-01 9.591063646319704372e-02
3.878970106807874685e-02 2.134229238787802851e-01 3.098720355004803140e-01 1.000817217123963487e-01
3.535282166580155927e-02 2.213146746273588206e-01 3.163858967665946764e-01 1.102884874629727757e-01
3.714641553324945361e-02 1.925000115503056053e-01 2.797165707286392577e-01 1.073675873901596550e-01
4.049890944945332832e-02 2.277169910767644634e-01 3.021792066119898812e-01 9.827093176868846591e-02
4.097701671052022404e-02 2.106722747406582497e-01 2.744397731582957634e-01 1.081697241926693892e-01
4.015273884866682463e-02 2.034301778366186808e-01 3.093831859223526437e-01 1.018455380917359654e-01
3.596205086056821626e-02 2.262458856673304763e-01 2.749175585103012520e-01 1.123783632161298313e-01
3.537178072646762761e-02 2.158614992324847937e-01 2.956794279310791529e-01 9.734683333483935830e-02
3.782468876357601706e-02 1.963195109178441644e-01 2.772841509108522340e-01 9.853522191160142552e-02
3.910134713954850627e-02 2.026098664445271647e-01 2.773598899433407650e-01 1.132041800076920429e-01
3.862570199780826496e-02 2.206029954219617673e-01 2.871735670025059028e-01 9.809332857382772886e-02
4.204564764462070253e-02 2.195360443072139345e-01 2.863750255633640274e-01 1.017992629028904028e-01
3.958011559297738846e-02 2.289875355396897294e-01 2.689719277443240464e-01 1.084998813631226494e-01
4.305720282894513751e-02 2.273866570059445424e-01 2.568576470160838787e-01 1.255205626218325043e-01
3.728787957717148716e-02 2.121851136328601339e-01 2.164579420858938064e-01 1.176446424250805756e-01
3.812622245270593652e-02 2.165516431484990623e-01 2.279903673628088101e-01 1.250933773250143544e-01
3.920749611761929071e-02 2.082334690828328838e-01 2.412153527850056101e-01 1.260822452584980935e-01
3.607807014358199726e-02 2.093198349988249496e-01 2.103492161865998245e-01 1.245387708125277881e-01
3.955363075358270947e-02 2.154893593873137003e-01 2.118434164971875755e-01 1.282062343075547339e-01
3.983894132291788959e-02 1.943706232189300609e-01 2.294665422051576642e-01 1.229735137915156790e-01
3.554867267911163836e-02 2.031698008908193742e-01 2.046724783327802388e-01 1.215826286548273988e-01
4.185380748272232027e-02 1.649565032501207618e-01 2.238473185133824372e-01 1.174503345089916162e-01
3.393497658587624199e-02 1.775606206193682535e-01 1.987784538459721750e-01 1.066538270427098978e-01
3.528047547911547510e-02 2.021178155697548606e-01 2.039785581587757468e-01 1.086950218822526071e-01
3.339127853103870947e-02 2.058576713763266841e-01 1.984834704072491463e-01 1.093776024830698801e-01
3.813125194403673562e-02 2.021449118893873520e-01 1.982154733237798672e-01 1.136162806572310752e-01
3.644276433728790149e-02 1.871118192597928387e-01 2.185481298451783239e-01 1.024424916845512734e-01
3.881340425241146252e-02 2.006764417837000603e-01 1.918834290619515492e-01 1.056457105328324347e-01
3.617022626854780182e-02 1.766505408668954669e-01 1.807776954785974832e-01 1.136583420344041556e-01
3.390783124568156476e-02 1.958387858149870098e-01 1.984576517191468104e-01 1.113436670112437771e-01
3.825094003888179772e-02 2.030288521040903849e-01 1.846915500112662478e-01 1.049184356508762878e-01
3.548456116501079449e-02 2.009841266713510433e-01 1.710083053872093473e-01 1.056718527812301051e-01
3.646739216510504894e-02 1.712890760775173660e-01 1.955357232087614194e-01 1.108303444733399618e-01
3.717221102561660273e-02 1.975481605858481204e-01 1.935612026947265973e-01 9.951283173162815687e-02
3.483690449186728488e-02 1.875236579015656102e-01 1.910958745293162842e-01 1.102691663981056891e-01
3.924357721333211757e-02 1.944135874782893236e-01 2.067417294048095044e-01 1.051372233924295074e-01
3.695768758351516969e-02 1.955887778101218222e-01 2.054050313803444106e-01 1.159127910406715645e-01
3.963000458370834894e-02 2.043118448221490635e-01 1.948273959667672639e-01 1.049332510515243733e-01
3.468007304657116235e-02 1.952167356452286784e-01 1.928641547677750201e-01 1.138529703398679926e-01
3.792008249035926093e-02 2.044050203669764143e-01 1.965446207254269717e-01 1.083523522938504846e-01
3.692816643534309329e-02 2.041171235270753392e-01 1.691186338955875113e-01 1.080808502845536784e-01
3.865961969775213308e-02 2.012773223873814687e-01 1.933943074928264894e-01 1.157579950832467730e-01
4.020541327322832426e-02 2.078741478892282835e-01 1.882333080536524039e-01 1.191195939609825116e-01
3.948770802798783064e-02 1.975533131691422084e-01 1.814251732061650801e-01 1.104372183418421000e-01
4.035771540057279949e-02 1.996149675997982709e-01 1.942361368316701808e-01 1.031617556524322826e-01
3.450436646340565572e-02 1.948002058609514531e-01 1.919922732132606225e-01 1.069005637290537936e-01
3.813214259302226405e-02 2.037619226696771590e-01 1.885278840104100961e-01 1.048772948248779258e-01
3.500849661887316805e-02 1.985782059153063661e-01 1.720909471266203195e-01 1.158672475207789543e-01
3.602723121115933291e-02 1.969806654704737703e-01 1.859422276759477022e-01 1.128154327268203194e-01
3.691365050111000690e-02 1.942969787459911946e-01 1.872000298951794484e-01 1.206141195118432263e-01
3.668218386282095372e-02 2.055573385646109752e-01 1.822505085616377973e-01 1.010874013782502717e-01
3.688801617399373178e-02 2.011563246256445614e-01 1.851566908746360152e-01 1.097321176358218714e-01
3.717739916418063423e-02 1.972107876762560497e-01 1.927929705482938350e-01 1.160058827412372429e-01
3.661924636792655841e-02 2.066963433326739763e-01 2.102309913077331782e-01 1.249750616486594024e-01
3.951161763001315164e-02 1.873271629634502278e-01 1.996710291776958857e-01 1.063214000649496671e-01
3.997707913697554766e-02 1.965226387422870369e-01 2.108625013878713816e-01 1.180288656101587397e-01
3.742783331839966837e-02 1.982459808352444730e-01 1.899206030603736717e-01 1.119120746419071111e-01
3.725057159515397787e-02 1.881383800331068723e-01 1.736355004670794289e-01 1.097430949831442459e-01
3.303183423133168595e-02 1.975627130824490207e-01 1.782577138080004286e-01 1.146147897870349736e-01
3.427017170584124861e-02 1.848822041517305115e-01 1.951420164964964843e-01 1.054748396353029916e-01
3.886033264250406821e-02 1.854804000429628175e-01 1.714590016112531035e-01 1.276612329267534096e-01
3.997218427895941201e-02 2.026219785508783511e-01 1.759815890103032243e-01 1.086293086686314774e-01
3.856722649246257378e-02 2.002685398682016726e-01 1.717880318063083056e-01 1.131209366409609840e-01
3.815026576681542630e-02 1.869184209326020252e-01 1.550510565430818777e-01 1.141773724883746177e-01
3.902204531075067345e-02 1.923492910064991679e-01 1.949238658920269263e-01 1.114800301721563941e-01
4.014565966375941569e-02 1.855491068436580515e-01 1.758512253103491074e-01 1.094500150608417322e-01
3.596203026029656108e-02 2.009405325606952453e-01 1.720436873265742683e-01 1.078672044393102353e-01
3.882191139968747123e-02 1.785421654723496898e-01 1.753328324339289701e-01 1.147090383630903765e-01
4.025457306055985063e-02 1.919692773243958372e-01 1.633627739409320712e-01 1.083256599007327431e-01
3.818467000555823831e-02 1.783202698812041409e-01 1.777409328058040527e-01 1.005221866499592387e-01
3.952100716311311018e-02 1.701783338576917382e-01 1.641818765959661697e-01 1.111192841750735932e-01
3.486719724717946695e-02 1.702585684440293956e-01 1.780174515144191949e-01 1.110879475809829903e-01
3.596588788733601216e-02 1.798487924775841462e-01 1.595323453990630802e-01 1.068010445573055467e-01
4.164836173837983824e-02 1.746788911019052370e-01 1.645956491484928119e-01 1.062637799073505168e-01
3.917836498786315264e-02 1.889650654761576287e-01 1.822662646050238200e-01 1.021177655993725786e-01
3.988977292079814996e-02 1.837815014418388848e-01 1.864555557002409159e-01 1.041528791746023641e-01
3.717959783037858013e-02 1.897368999689120206e-01 1.549257064506552595e-01 1.098795777082149927e-01
3.854653566797084513e-02 1.761631061152765243e-01 1.724830721528988198e-01 1.106089649286365051e-01
3.899414387987495262e-02 1.844029709288961816e-01 1.705283853409947092e-01 1.056108399442420298e-01
4.144937575593371504e-02 1.800751182093179303e-01 1.705255159337701332e-01 1.081614170984865481e-01
3.614796754058291484e-02 1.809091856021975975e-01 1.544414514287501539e-01 1.167081895143946974e-01
3.620292648003074071e-02 1.848451815132163001e-01 1.559880805382179714e-01 1.080856469307783091e-01
3.461167715126601402e-02 1.837394396351960946e-01 1.750331415226143161e-01 1.111173976921061707e-01
3.508005792134226419e-02 1.951686127208917820e-01 1.606934119253828896e-01 1.131026151590892592e-01
3.687079981612884083e-02 1.683957110402379831e-01 1.612377651313203764e-01 1.058446434116230433e-01
3.568063140940651995e-02 1.884280797326074175e-01 1.699646089934823689e-01 1.019816614126172749e-01
3.980509115074162829e-02 1.860775133449887042e-01 1.761574536275555825e-01 1.087400645657236736e-01
4.022730740380937864e-02 1.848865680916644272e-01 1.639357987048146448e-01 1.092954012636671718e-01
3.976862420293585110e-02 1.644830657284988840e-01 1.666307900343162451e-01 1.120831993569127438e-01
3.730563581815902335e-02 1.788621469471678715e-01 1.785449577225503570e-01 1.113446536579878049e-01
3.743942820550910655e-02 1.706014219199648019e-01 1.693485255582051485e-01 1.081062909980377434e-01
3.852077728544412577e-02 1.764092256764618338e-01 1.757151545271333770e-01 1.114867466064589779e-01
3.798159325493356830e-02 1.850089246110027119e-01 1.726103556912822468e-01 1.079807923411383597e-01
4.003914428422438582e-02 1.958002086874215120e-01 1.610994604363156502e-01 1.173142753731329369e-01
3.872641492912792804e-02 1.811540316500403480e-01 1.837041097151544677e-01 1.037240039762058752e-01
3.585012585514155831e-02 1.783641489794040580e-01 1.793245501110095896e-01 1.176748598936982887e-01
3.715841069686660891e-02 1.732370143614249958e-01 1.737199671628862352e-01 1.242089604397681596e-01
4.021978295525003438e-02 1.745045791953217795e-01 1.669604101719391609e-01 1.068065430391654247e-01
3.970038960390549071e-02 1.643064867912620020e-01 1.734628344075169193e-01 1.085185651975930088e-01
3.490754676771611748e-02 1.753240070740348655e-01 1.733082586674995762e-01 1.121425072421920466e-01
3.794539024442919461e-02 1.886917428068991542e-01 1.802745574458037570e-01 1.203476037745424138e-01
3.513551108994418526e-02 1.800567362367095081e-01 1.620036242299760232e-01 1.008609393307662305e-01
3.448259850079796879e-02 1.777064321006727177e-01 1.710741973657198545e-01 1.163890797452036829e-01
3.979653123084556099e-02 1.914234580209079606e-01 1.620682506112186561e-01 1.165028861753064637e-01
3.818989084528834344e-02 1.576267372936691336e-01 1.688197306564461764e-01 1.029556076573762968e-01
3.766590588469220097e-02 1.700864012297099992e-01 1.752977976569869978e-01 1.104255168731954756e-01
3.637082693876234063e-02 1.913420597674442558e-01 1.649911800574203891e-01 1.055243145824767415e-01
3.661713204255133414e-02 1.781163616254007320e-01 1.710303181785433335e-01 1.112201575234348927e-01
3.950373579593011164e-02 1.795412202155344528e-01 1.659990514753767465e-01 1.047817996071697122e-01
3.906396222378245853e-02 1.727222556642363516e-01 1.983350759274732644e-01 1.081056164660540164e-01
3.810544246477298724e-02 1.925593208939952727e-01 1.781828323333677910e-01 1.063780397715924919e-01
3.850673145739570008e-02 1.875573396445792407e-01 1.722224869955762683e-01 1.046803768087035680e-01
3.700591856159753112e-02 1.748105836693490678e-01 1.697570938769020765e-01 1.177604866684009571e-01
3.461304572285630460e-02 1.996965545971801093e-01 1.524884947693916082e-01 1.022225863432331822e-01
3.850034516549290936e-02 1.758532663958289610e-01 1.801618526587814018e-01 1.090642813836705249e-01
3.471681651972647470e-02 1.905230428861950931e-01 1.769415869980358880e-01 1.093356609735943452e-01
3.560445957087387397e-02 1.789028232508643179e-01 1.556532852585444382e-01 1.132494742316852293e-01
3.785932438021615692e-02 2.027961932238635245e-01 1.652662961116147244e-01 1.042878770602758270e-01
3.501361823048945027e-02 1.868371612535211501e-01 1.664649372212846645e-01 1.085174494986216737e-01
3.655285249751876603e-02 1.671611569927098362e-01 1.571451856576633055e-01 1.168881743655855732e-01
3.621596760116853331e-02 1.963598921142851450e-01 1.614806123759627843e-01 1.122868870402298075e-01
3.663726437719793533e-02 1.838143081396834688e-01 1.766639007862020605e-01 1.227435584990900080e-01
3.747878326879026945e-02 1.887242820972090118e-01 1.750029316689468428e-01 1.158673644028604260e-01
3.747504460380699648e-02 1.880095175717811928e-01 1.662923698301170261e-01 1.084962665558861783e-01
3.810763184769939971e-02 1.781806917285507497e-01 1.587132454803638626e-01 1.134257022632606110e-01
3.845007288493473840e-02 1.715913848229729810e-01 1.592460630124842846e-01 1.115267399860599418e-01
3.768139947571070431e-02 1.860419051896185783e-01 1.690786753209241322e-01 1.091705312032223846e-01
3.855550787982367500e-02 1.781938746895441739e-01 1.804304727390571850e-01 1.156657463734769298e-01
3.658772018589599023e-02 1.912308838492822460e-01 1.681985115639212658e-01 1.125898144934221329e-01
3.730405944234090054e-02 1.735903676962806674e-01 1.732667802254018175e-01 1.142367432976977848e-01
3.781972821806013629e-02 1.681046252999843227e-01 1.640783394146755614e-01 1.176234963646478060e-01
3.743227272117495563e-02 1.759261250702172374e-01 1.775576871233876253e-01 1.049113644317862248e-01
3.701528155448303992e-02 1.741846888093996903e-01 1.787412473207969088e-01 1.094563267694108749e-01
3.944564088920569922e-02 1.732858477497477290e-01 1.862375178696604183e-01 1.214526852441184523e-01
3.806666992275488381e-02 1.875723715360755606e-01 1.724686664212818910e-01 1.130906824691621099e-01
4.102311079263567389e-02 1.833630078863182078e-01 1.644210422831509366e-01 1.056022851167554150e-01
3.792494630942870593e-02 1.871282049158760064e-01 1.773168469436052219e-01 1.141033431713683738e-01
3.562486541959650893e-02 1.802769221973764269e-01 1.744111225787207398e-01 1.088065582469879833e-01
4.117690390099095626e-02 1.897568312018713954e-01 1.669787574030517918e-01 1.138217110747357375e-01
4.132963987579670734e-02 1.791580666746801775e-01 1.661556373477574289e-01 1.203930058614213761e-01
3.551745032679651942e-02 1.709927738822614174e-01 1.781429940406593082e-01 1.091070883221335053e-01
3.686669950122154621e-02 1.936226409028326823e-01 1.720522242055716189e-01 1.100138745227219050e-01
4.027524710258901380e-02 1.879997619376951867e-01 1.669102730015177838e-01 1.276934040987370567e-01
3.834445600588359815e-02 1.897418500542676634e-01 1.642939805348191395e-01 1.031000897742980621e-01
3.799406230873210444e-02 1.963341324560705647e-01 1.669364339022339216e-01 1.127723317798385722e-01
3.755772505255119964e-02 1.714441016236142867e-01 1.732441140914070254e-01 1.082590985786265475e-01
3.570074846814217523e-02 1.688373737045233691e-01 1.732945073097574840e-01 1.061585603558436314e-01
3.461798775891791746e-02 1.717645917607219519e-01 1.718730454244225547e-01 1.117148279637718705e-01
3.771056088192789590e-02 1.810435274290806695e-01 1.683130208350545054e-01 1.037379575081731897e-01
3.884893664150423226e-02 1.752074564400401824e-01 1.684890986910776989e-01 1.132614066315273949e-01
3.612920863753547179e-02 1.870925875099239410e-01 1.809687589232084337e-01 1.125123018388279050e-01
3.325479439890464961e-02 1.869751887363435283e-01 1.711950130957975991e-01 9.965289462649251639e-02
3.706441101051419912e-02 1.833647105381347175e-01 1.755646150877937239e-01 1.125138030157951108e-01
3.825884733028615120e-02 1.808793036444805158e-01 1.792267123185346533e-01 1.052473497245798167e-01
3.954533556730153998e-02 1.670696057916438437e-01 1.760223548047463171e-01 1.127521264807895551e-01
3.289595371961929332e-02 1.784610845203748464e-01 1.799692924829880136e-01 1.121028694185887964e-01
3.794232424940921500e-02 1.805637288609723001e-01 1.720918891649665661e-01 1.119513673292277384e-01
3.743268709927631555e-02 1.837499708171817514e-01 1.699803760726057988e-01 1.144201802802776030e-01
4.011578265596956600e-02 1.836341457343888817e-01 1.851319516856637926e-01 1.156550327101830561e-01
3.700766397670494923e-02 1.855434433552840545e-01 1.502152500018696935e-01 1.005314777420143885e-01
4.031167141435026274e-02 1.636666830226586322e-01 1.797936448744541227e-01 1.087106112714163325e-01
3.796277098158262059e-02 1.903400962911459549e-01 1.586115696116045803e-01 1.014528482276849247e-01
4.028114850433216904e-02 1.918102394799242327e-01 1.641140293816311657e-01 1.042883899429255384e-01
3.627608503459948952e-02 1.719800180724135319e-01 1.757069481774531650e-01 1.115813840589781336e-01
3.534047505532483813e-02 1.920688754342414484e-01 1.823311072943901712e-01 1.160660839468141275e-01
3.759916533470940292e-02 1.684782305042692441e-01 1.737898089177288830e-01 1.051492386342815499e-01
3.726877245520839044e-02 1.838839778111496237e-01 1.737012716142381785e-01 1.050322198096926424e-01
3.884458861807179447e-02 1.770397528362658846e-01 1.733709111901599320e-01 1.045825730715838064e-01
3.651915639784115986e-02 1.768886349787466283e-01 1.589922294956178095e-01 1.094897934825040386e-01
3.502221515952601977e-02 1.776738492477230591e-01 1.641100150810691771e-01 1.030653936995447051e-01
3.695444906590610729e-02 1.893334117451364595e-01 1.681200485716441984e-01 1.014210718608237333e-01
3.818683104663848221e-02 1.830904828523738648e-01 1.714681464146378398e-01 1.029089949090663675e-01
3.870975116868296401e-02 1.783968598002765027e-01 1.827821439762610523e-01 1.123983577733232153e-01
3.728813986642366685e-02 1.841527186402825700e-01 1.606318588980268358e-01 1.111235679413070804e-01
3.716430188088978848e-02 1.808699572957523372e-01 1.511141431800240575e-01 1.076535461781469166e-01
3.654271165670783250e-02 1.724483160213094723e-01 1.900846409019618655e-01 9.891432885010639775e-02
3.753979317835413193e-02 1.749001153349145632e-01 1.677713481003001994e-01 1.115173520541192786e-01
3.211562474025159847e-02 1.763012835432194725e-01 1.942173402467396448e-01 1.061421396681347662e-01
3.910329645708198604e-02 1.807250528777490928e-01 1.680999333852969957e-01 1.049820552208240443e-01
3.645632045056629300e-02 1.842040144577921645e-01 1.623495297821793970e-01 1.068225194158454322e-01
3.540314343969479943e-02 1.725045559636400050e-01 1.819533791977552550e-01 1.161709325334724374e-01
3.515760632440999289e-02 1.863241447063393730e-01 1.681994360477592210e-01 1.245916919589542676e-01
3.713941041416394390e-02 1.762699822823944606e-01 1.888250485631654541e-01 1.104505667189276952e-01
3.829076252562007426e-02 2.039629656445074990e-01 1.632550344495002359e-01 1.093885614882565693e-01
4.019587318294187001e-02 1.851342175792936862e-01 1.722613395689177596e-01 1.092413847535392973e-01
3.546730985960144800e-02 1.810187819076729543e-01 1.785195264296242923e-01 1.052438100406773297e-01
4.026845715654014252e-02 1.890508051923768251e-01 1.626767213267787948e-01 1.102578852735013465e-01
3.507011740855418835e-02 1.833539998009622030e-01 1.596176473273565599e-01 1.186156953001890335e-01
3.758852086843080670e-02 1.843681194034822723e-01 1.634126141758762973e-01 9.404853118580078220e-02
3.437120962855889916e-02 1.732105991118303157e-01 1.725809684304614178e-01 1.109654962425379587e-01
3.647890473137392620e-02 1.763903872190991928e-01 1.610347391424097330e-01 1.033899153835992485e-01
3.816533431796630821e-02 1.730027989560088408e-01 1.668546858960573698e-01 1.137769169966282579e-01
4.004525513085258059e-02 1.665231154672361935e-01 1.691633448852910282e-01 1.146486715423357949e-01
4.057171834355479539e-02 2.009398911365387064e-01 1.581724609811339943e-01 1.138481326834179796e-01
3.618102494150723242e-02 1.876904717539237544e-01 1.657681263151732642e-01 1.126374848381480748e-01
3.881235945478900967e-02 1.871623968913669889e-01 1.853680962952452826e-01 1.094533698844224051e-01
3.578521201367647342e-02 1.890807185359063280e-01 1.886822250293215542e-01 1.035892077284753937e-01
3.876998592135635219e-02 1.768741099215604684e-01 1.629489722791667428e-01 1.113654934553082732e-01
3.307770267627321847e-02 1.737578106736774042e-01 1.660202378573753246e-01 1.136541752934481647e-01
3.955368147760238845e-02 1.772903111685505129e-01 1.808940504450382292e-01 1.210337478151180396e-01
3.666049319919339328e-02 1.672818058203397185e-01 1.777631508384441006e-01 1.121618014749826003e-01
3.619662119839447273e-02 1.772048911207484978e-01 1.648105342869683465e-01 1.086614472101367634e-01
3.854571840163912438e-02 1.902962120493699172e-01 1.700217877252882814e-01 1.062312148501983189e-01
3.793673889728513965e-02 1.765059355259150087e-01 1.728947914336808056e-01 1.037438470608639113e-01
3.605877538627701162e-02 1.705402377292338789e-01 1.604846270298963540e-01 1.094238845007064614e-01
3.198363779841047888e-02 1.684130163213470310e-01 1.742689170660416675e-01 1.179360504570965279e-01
3.667385091327328428e-02 1.800063323787456371e-01 1.616630849122763225e-01 1.008649438875103832e-01
3.392627641906648811e-02 1.849535015543549987e-01 1.794231460172033277e-01 1.018014489764370312e-01
3.656738648937078728e-02 2.080489638821727549e-01 1.677555623468860446e-01 1.110179346045880727e-01
3.914930547504518604e-02 1.701828031538341890e-01 1.739729662592139625e-01 1.128233501826044621e-01
3.494181028068665817e-02 1.889505476970651798e-01 1.730545838723372143e-01 1.048993970349542670e-01
4.111082173078665913e-02 1.639230926821106937e-01 1.595013136066794346e-01 1.148266189404852922e-01
3.785011742035342130e-02 1.757244928129839401e-01 1.610918523742485009e-01 1.041535181104730617e-01
3.924976218293284996e-02 1.869259555600743528e-01 1.768654334790284999e-01 1.146876119652218140e-01
3.809707669868549890e-02 2.004581300125581333e-01 1.681227544455718981e-01 1.101329509714063376e-01
3.810331250980832779e-02 1.695581410290386282e-01 1.730774055229019892e-01 1.055643885450952418e-01
4.048672083038828279e-02 1.846426630481931563e-01 1.616032543004289890e-01 1.060269549772228787e-01
3.474306107125944842e-02 1.756676235366404770e-01 1.699698680473712975e-01 1.205209413152815712e-01
3.945644365533790970e-02 1.829926699696613202e-01 1.627976182478164391e-01 1.143128266968375800e-01
3.455802463466237096e-02 1.851080811831021244e-01 1.692741026323817954e-01 1.079465707436219196e-01
3.642949311790624756e-02 1.887051137558411196e-01 1.671447526348523727e-01 1.067899193332271651e-01
3.792342948006672404e-02 1.791560181115323669e-01 1.750940376327380921e-01 1.073472980318318920e-01
4.108504206919447871e-02 1.781681329398170366e-01 1.604916316710678359e-01 1.096646829504435011e-01
3.579535604305669055e-02 1.961523106127267546e-01 1.887976380664491971e-01 1.048973922583868179e-01
3.973486819980181356e-02 1.736301370637770847e-01 1.760100858360106324e-01 1.122134568128653198e-01
3.637822228192019031e-02 1.889110224142040717e-01 1.783847361319155778e-01 1.120098464684096407e-01
3.693733904513950977e-02 1.935405997557685942e-01 1.791734460425726816e-01 1.081783153916109075e-01
3.564943296475628354e-02 1.910597078687303052e-01 1.693204322914485527e-01 1.136260129114953776e-01
3.861071534406021466e-02 1.677665892970812700e-01 1.559177595936443728e-01 1.035023006312723454e-01
3.601193988251463751e-02 1.777259471764857102e-01 1.647238922370170278e-01 1.028472479494376979e-01
3.390427689640420489e-02 1.919093420966966335e-01 1.552729755428754743e-01 1.044411276597747990e-01
3.884308675985819609e-02 1.754758665266588635e-01 1.972972807343259805e-01 1.109491047454023022e-01
3.597298753782103564e-02 1.765102846175637952e-01 1.873074315406234869e-01 1.120182934643449701e-01
3.754660670382223286e-02 1.984956142277077284e-01 1.612446608938375714e-01 1.080390766672315594e-01
3.880349349292266936e-02 1.762672700347184263e-01 1.735879304408386448e-01 1.093191232089983367e-01
3.435421767912148761e-02 1.823132999433265400e-01 1.655056246984265844e-01 1.048349979125181713e-01
3.519995185013307520e-02 1.770199856374172209e-01 1.826081281236284215e-01 1.023195482232338444e-01
3.846638528585326344e-02 1.817245517609192007e-01 1.693229222929445166e-01 1.046275581824766959e-01
3.684605412746558284e-02 1.756767717753283942e-01 1.654832664349307203e-01 1.013271633761218815e-01
3.735322906006732779e-02 1.735655716346259925e-01 1.684002128792047304e-01 1.085544785938138135e-01
3.868630474258413082e-02 1.738972606823718792e-01 1.688730951904274802e-01 1.038876406979002548e-01
4.106741507667458629e-02 1.894310738709210351e-01 1.626361459093114414e-01 1.104265342450273940e-01
4.056078103130364432e-02 1.854931882000104004e-01 1.729663748536315326e-01 1.099718187682319770e-01
3.738800732126631304e-02 1.823465557061895725e-01 1.713982913368373440e-01 1.211164244723914318e-01
3.630455749880177191e-02 1.831928117689071711e-01 1.762162035022430684e-01 1.198256703173074672e-01
3.864143441344997099e-02 1.825567094496879927e-01 1.658703928645139380e-01 1.125508181415887099e-01
3.449940149391930722e-02 1.858233283007240111e-01 1.723852090238157941e-01 1.110156379903877166e-01
3.875384045213645795e-02 1.656438676743527960e-01 1.647770028570053891e-01 1.059339227458200028e-01
3.667185249158232824e-02 1.971267710835187814e-01 1.670038461581705436e-01 1.001078921290727564e-01
4.203884132454353828e-02 1.688780301665860906e-01 1.737557435491787761e-01 1.188737690224543064e-01
3.309160308336005218e-02 1.704505183361618159e-01 1.621816934832635559e-01 1.112049149418145588e-01
3.923638389143126182e-02 1.635463697496723767e-01 1.562649023855982588e-01 1.123289840759274655e-01
3.791666533835279240e-02 1.990603445143640515e-01 1.636447839627640510e-01 1.047513800178363763e-01
4.060855497683238391e-02 1.822698087507655940e-01 1.742435180846371168e-01 1.140634648344105856e-01
3.573358043837444181e-02 1.794690915009712895e-01 1.763828055897292968e-01 1.169633044272475608e-01
3.654118434169354585e-02 1.901396688176948679e-01 1.926344856841533115e-01 1.098363891358438565e-01
3.618541749395980112e-02 1.833057645946265801e-01 1.744190768047470808e-01 9.741801762206911408e-02
3.570721157917194216e-02 1.692736119986326948e-01 1.654161945161709002e-01 1.007529222375413147e-01
3.818323947468695717e-02 1.853231375597553521e-01 1.681689647078088989e-01 1.077873029676408301e-01
3.454164658728993420e-02 1.758767023384849582e-01 1.572996430394321410e-01 1.101862440520381681e-01
3.848352522689123256e-02 1.865569966391426582e-01 1.706538046224997662e-01 1.078055700290540819e-01
3.802755169604650487e-02 1.870979297047929979e-01 1.677638231421503534e-01 1.059813630270831225e-01
3.830647496165529020e-02 1.840432925521107155e-01 1.652009392864369208e-01 9.827445805307503945e-02
4.016604873266156617e-02 1.906089562814705651e-01 1.643425656067463714e-01 1.087571631795166832e-01
3.434795627125755008e-02 1.920927149746526896e-01 1.760923090566049731e-01 1.129852015068499305e-01
3.925115866222902983e-02 1.727542517154391777e-01 1.585442310068357896e-01 1.069768470538897120e-01
3.497538116374885458e-02 1.942987674184778746e-01 1.711840439336883013e-01 1.084891340459843284e-01
3.589031546277132723e-02 1.892435660035450551e-01 1.719974170607005137e-01 1.066409930336944950e-01
3.427423887145949338e-02 1.828526059652113012e-01 1.686154537639308615e-01 9.869539271479380038e-02
3.670428542355056584e-02 1.705499883971347275e-01 1.685877402304564454e-01 1.012187836409968872e-01
3.841893293492319034e-02 1.977297746041840332e-01 1.671048636676153443e-01 1.075153316606262260e-01
3.759873828230022447e-02 1.605561129965410727e-01 1.674996697405910229e-01 1.092646016439048212e-01
3.685914609591779689e-02 1.805154945743755734e-01 1.761006436028048627e-01 1.112956713174200890e-01
3.770689301561611084e-02 1.812562921193222876e-01 1.815733765970106439e-01 1.066874290785279344e-01
4.020016130319210845e-02 2.039811043201928964e-01 1.749802228683445260e-01 1.142506474514250192e-01
3.894532138665520588e-02 1.988909237540035790e-01 1.757798629896743792e-01 1.108014686040691005e-01
4.320357649308233933e-02 1.831502751337067414e-01 1.752358927742730943e-01 1.110036452167294518e-01
3.731601975616336692e-02 1.963320991894988432e-01 1.711153363029913332e-01 1.162680896656877183e-01
3.617789209793211697e-02 1.832453954228284443e-01 1.745158663091817275e-01 1.164673063128762454e-01
3.697923155074456236e-02 1.733405755788700597e-01 1.631326667013844600e-01 1.189027842431763932e-01
3.783850441415656518e-02 1.907837727176449061e-01 1.671788757830855732e-01 1.081776764608349956e-01
3.809338358378848433e-02 1.673449268712299820e-01 1.610647477434032637e-01 1.118377664559480483e-01
3.685947043654090594e-02 1.885773255214804045e-01 1.630018502426364979e-01 1.061402577547829879e-01
3.445583958919479911e-02 1.759809017266907583e-01 1.612155438254428697e-01 1.057890034741727908e-01
3.669618453522453111e-02 1.864169410959568562e-01 1.522064180368849218e-01 1.141984575830449350e-01
3.695914317619135997e-02 1.781905692309865286e-01 1.709471044498359071e-01 1.058558281668356416e-01
3.697084683606014638e-02 1.818767076858116005e-01 1.828025131182894891e-01 1.013909526703289932e-01
3.976502512947391321e-02 1.795475494041252063e-01 1.688349943674951614e-01 1.139827587856361013e-01
3.375525537024474942e-02 1.960162788144531876e-01 1.732676856023275536e-01 1.110475054067770057e-01
3.873828864496678404e-02 1.893410502371150883e-01 1.714162044837052867e-01 1.183053738058553878e-01
3.679888184309806909e-02 1.744784449892869405e-01 1.913060475170346164e-01 1.057535087667879764e-01
3.703684588310409559e-02 1.834090816490681064e-01 1.558029192857603717e-01 1.137048645266472702e-01
3.469775775170767101e-02 1.711165386331846006e-01 1.564334984293117847e-01 1.139356587394672465e-01
3.717581388986190838e-02 1.763806283421689158e-01 1.587709199405161753e-01 1.019333287207273425e-01
4.127303906405335732e-02 1.738825951840224371e-01 1.701802418300932540e-01 1.042521889124487788e-01
3.795907059758175245e-02 1.861800328602881138e-01 1.735118846624413291e-01 1.039087709787955560e-01
3.612136120675672746e-02 1.859588973401788692e-01 1.625753199149118922e-01 1.047710855048425427e-01
4.068244113414214158e-02 1.737702163978006864e-01 1.556769913065435273e-01 1.032385727231424216e-01
3.350657013168487769e-02 1.768256220196787465e-01 1.559948613871305623e-01 1.122548919831841685e-01
3.452361293280760413e-02 1.872552539311879982e-01 1.725299324439392712e-01 1.073276776141215971e-01
3.851960098404071109e-02 1.875356134224051285e-01 1.663686203529862739e-01 1.105603574738045630e-01
3.651811674517187190e-02 1.802818111148595248e-01 1.700864091357068841e-01 1.109772120431979370e-01
3.466517121128672579e-02 1.720884421350664939e-01 1.603749554507519770e-01 1.020577620336505509e-01
3.764050250899030753e-02 1.671353614054953141e-01 1.775720829900932496e-01 1.078407969918850767e-01
3.606156297003440536e-02 1.763479300518073778e-01 1.564771038447156926e-01 1.051204780041980064e-01
3.885147023796511889e-02 1.858761537417871479e-01 1.762669390078408505e-01 1.168863745214633598e-01
3.361304314009310595e-02 1.847855824211352416e-01 1.618416232209130556e-01 1.163443788890845404e-01
3.753502116511555492e-02 1.920438510644672525e-01 1.928783150213211339e-01 1.121633652126653447e-01
3.684752181223380219e-02 1.739046325255577397e-01 1.853461572323157613e-01 1.130592938921836932e-01
4.236123623003829747e-02 1.733845673201418469e-01 1.550614597830285990e-01 1.171262243602418790e-01
3.570837894055428619e-02 1.816147471059296747e-01 1.785739928787339337e-01 1.119094416773331602e-01
3.797080337017891966e-02 1.684429755656104422e-01 1.760684972430310580e-01 1.168934854255898048e-01
3.668775474718466434e-02 1.783340254181788043e-01 1.650694297589227200e-01 1.030760263194892973e-01
3.758955311334873095e-02 1.740113330414066184e-01 1.667532304852855918e-01 1.118195350252840642e-01
4.136268307366655628e-02 1.692076222000824248e-01 1.926671305128774825e-01 1.093710825078581111e-01
