2.071755648663429838e+03 1.606194848962031529e+03 1.121764453639360378e+06 2.482584326959593568e+01
2.071755648663429838e+03 1.606194848962031529e+03 1.121764453639360378e+06 2.482584326959593568e+01
2.029342837033537307e+03 1.584249281952258798e+03 1.100740126215240452e+06 2.482584326959593568e+01
1.893152485071901765e+03 1.510704601177373206e+03 1.058461840638444992e+06 2.482584326959593568e+01
1.868519900551648561e+03 1.496967323365984612e+03 1.046618639470918919e+06 2.482584326959593568e+01
1.640684218381500614e+03 1.388841740868164379e+03 9.947382455860062037e+05 2.482584326959593568e+01
1.611061289868584709e+03 1.372267280367502053e+03 9.786353591231809696e+05 2.482584326959593568e+01
1.611061289868584709e+03 1.372267280367502053e+03 9.786353591231809696e+05 2.482584326959593568e+01
1.565327189183434029e+03 1.348686332930581784e+03 9.628776394612756558e+05 2.482584326959593568e+01
1.545772855176595840e+03 1.340976754400748860e+03 9.611152989786055405e+05 2.482584326959593568e+01
1.513683801208310342e+03 1.327658135139354954e+03 9.506772641791468486e+05 2.482584326959593568e+01
1.491719351745537324e+03 1.318170615505040814e+03 9.456412411756308284e+05 2.482584326959593568e+01
1.434253358397820875e+03 1.298285567864817040e+03 9.028376552968129981e+05 2.482584326959593568e+01
1.178696175320879775e+03 1.085000972821465439e+03 7.831191376008506631e+05 2.474997059105161412e+01
1.178696175320879775e+03 1.085000972821465439e+03 7.831191376008506631e+05 2.474997059105161412e+01
8.457952295335898043e+02 8.271041919508038518e+02 6.599223717207522132e+05 2.508881734472490166e+01
6.793026708316834856e+02 6.967357136198751277e+02 6.062095472535961308e+05 2.700595942745275835e+01
5.721561544503380219e+02 5.248682567272595634e+02 5.446936085650469176e+05 2.693949893692711584e+01
5.031725823047676158e+02 4.541539060640728280e+02 5.019419558556099073e+05 2.777525180869903920e+01
5.031725823047676158e+02 4.541539060640728280e+02 5.019419558556099073e+05 2.777525180869903920e+01
4.420183262536256166e+02 3.802178940522871358e+02 4.640122105075147701e+05 2.643236225934163031e+01
3.993168240769006729e+02 3.222890338780700858e+02 4.364988446714821039e+05 2.826355271516738554e+01
3.993168240769006729e+02 3.222890338780700858e+02 4.364988446714821039e+05 2.826355271516738554e+01
3.993168240769006729e+02 3.222890338780700858e+02 4.364988446714821039e+05 2.826355271516738554e+01
2.856239513755899111e+02 2.103892718718392985e+02 3.740368768160413019e+05 3.196864974643263935e+01
2.421792850197136318e+02 1.967375597368609021e+02 3.419201683443490765e+05 3.004251847406129627e+01
2.421792850197136318e+02 1.967375597368609021e+02 3.419201683443490765e+05 3.004251847406129627e+01
2.237029490177256719e+02 1.837306699365187512e+02 3.306500030883566360e+05 3.319034468355735612e+01
2.099400937308785160e+02 1.492778730369077778e+02 3.186544260258207796e+05 3.300058080793401416e+01
2.099400937308785160e+02 1.492778730369077778e+02 3.186544260258207796e+05 3.300058080793401416e+01
2.099400937308785160e+02 1.492778730369077778e+02 3.186544260258207796e+05 3.300058080793401416e+01
1.083340789086034306e+02 8.364205061142551756e+01 2.174147982938304776e+05 3.763375379781835051e+01
1.083340789086034306e+02 8.364205061142551756e+01 2.174147982938304776e+05 3.763375379781835051e+01
1.223113582614291488e+02 6.459035044476794951e+01 2.368232267271447054e+05 3.788610531944052440e+01
1.223113582614291488e+02 6.459035044476794951e+01 2.368232267271447054e+05 3.788610531944052440e+01
1.223113582614291488e+02 6.459035044476794951e+01 2.368232267271447054e+05 3.788610531944052440e+01
1.161447146602787939e+02 5.953854792086465864e+01 2.295478291888914537e+05 3.786702346269107977e+01
1.161447146602787939e+02 5.953854792086465864e+01 2.295478291888914537e+05 3.786702346269107977e+01
1.161447146602787939e+02 5.953854792086465864e+01 2.295478291888914537e+05 3.786702346269107977e+01
1.161447146602787939e+02 5.953854792086465864e+01 2.295478291888914537e+05 3.786702346269107977e+01
7.594933218041109058e+01 4.402723719912582112e+01 1.803379221727004624e+05 4.363099099597329911e+01
7.268410349721702346e+01 3.838442815663356811e+01 1.751415134279004706e+05 4.657608923771655896e+01
5.821644337942825587e+01 1.996504576654703200e+01 1.486689460983444005e+05 5.730900063435604608e+01
5.591734019209173567e+01 2.154533183375091809e+01 1.450078054928019701e+05 5.539356391706215277e+01
5.591734019209173567e+01 2.154533183375091809e+01 1.450078054928019701e+05 5.539356391706215277e+01
5.380083430149486645e+01 2.098891458642817298e+01 1.415740549079106131e+05 5.805906309387353303e+01
5.380083430149486645e+01 2.098891458642817298e+01 1.415740549079106131e+05 5.805906309387353303e+01
5.380083430149486645e+01 2.098891458642817298e+01 1.415740549079106131e+05 5.805906309387353303e+01
5.380083430149486645e+01 2.098891458642817298e+01 1.415740549079106131e+05 5.805906309387353303e+01
5.380083430149486645e+01 2.098891458642817298e+01 1.415740549079106131e+05 5.805906309387353303e+01
5.380083430149486645e+01 2.098891458642817298e+01 1.415740549079106131e+05 5.805906309387353303e+01
5.380083430149486645e+01 2.098891458642817298e+01 1.415740549079106131e+05 5.805906309387353303e+01
5.380083430149486645e+01 2.098891458642817298e+01 1.415740549079106131e+05 5.805906309387353303e+01
5.380083430149486645e+01 2.098891458642817298e+01 1.415740549079106131e+05 5.805906309387353303e+01
5.380083430149486645e+01 2.098891458642817298e+01 1.415740549079106131e+05 5.805906309387353303e+01
5.380083430149486645e+01 2.098891458642817298e+01 1.415740549079106131e+05 5.805906309387353303e+01
5.380083430149486645e+01 2.098891458642817298e+01 1.415740549079106131e+05 5.805906309387353303e+01
5.380083430149486645e+01 2.098891458642817298e+01 1.415740549079106131e+05 5.805906309387353303e+01
5.380083430149486645e+01 2.098891458642817298e+01 1.415740549079106131e+05 5.805906309387353303e+01
4.526001835245818938e+01 2.328234009516014069e+01 1.116798212251342629e+05 6.616534847101765138e+01
4.526001835245818938e+01 2.328234009516014069e+01 1.116798212251342629e+05 6.616534847101765138e+01
4.526001835245818938e+01 2.328234009516014069e+01 1.116798212251342629e+05 6.616534847101765138e+01
4.526001835245818938e+01 2.328234009516014069e+01 1.116798212251342629e+05 6.616534847101765138e+01
4.526001835245818938e+01 2.328234009516014069e+01 1.116798212251342629e+05 6.616534847101765138e+01
4.526001835245818938e+01 2.328234009516014069e+01 1.116798212251342629e+05 6.616534847101765138e+01
4.526001835245818938e+01 2.328234009516014069e+01 1.116798212251342629e+05 6.616534847101765138e+01
4.526001835245818938e+01 2.328234009516014069e+01 1.116798212251342629e+05 6.616534847101765138e+01
4.526001835245818938e+01 2.328234009516014069e+01 1.116798212251342629e+05 6.616534847101765138e+01
4.526001835245818938e+01 2.328234009516014069e+01 1.116798212251342629e+05 6.616534847101765138e+01
4.526001835245818938e+01 2.328234009516014069e+01 1.116798212251342629e+05 6.616534847101765138e+01
4.526001835245818938e+01 2.328234009516014069e+01 1.116798212251342629e+05 6.616534847101765138e+01
4.526001835245818938e+01 2.328234009516014069e+01 1.116798212251342629e+05 6.616534847101765138e+01
3.510391884894747960e+01 2.207621571322052745e+01 6.554918523059145082e+04 1.070404113064990810e+02
3.510391884894747960e+01 2.207621571322052745e+01 6.554918523059145082e+04 1.070404113064990810e+02
3.447323383501792904e+01 2.077415385761651123e+01 6.186707200967047538e+04 1.093591927023410335e+02
3.447323383501792904e+01 2.077415385761651123e+01 6.186707200967047538e+04 1.093591927023410335e+02
3.422186898536610045e+01 2.167765319368930577e+01 6.258219990539832361e+04 1.032740007871430237e+02
3.422186898536610045e+01 2.167765319368930577e+01 6.258219990539832361e+04 1.032740007871430237e+02
3.422186898536610045e+01 2.167765319368930577e+01 6.258219990539832361e+04 1.032740007871430237e+02
3.422186898536610045e+01 2.167765319368930577e+01 6.258219990539832361e+04 1.032740007871430237e+02
3.422186898536610045e+01 2.167765319368930577e+01 6.258219990539832361e+04 1.032740007871430237e+02
3.330406615103724732e+01 2.143473181987674181e+01 5.626816042704373103e+04 1.150156941096522445e+02
3.330406615103724732e+01 2.143473181987674181e+01 5.626816042704373103e+04 1.150156941096522445e+02
3.330406615103724732e+01 2.143473181987674181e+01 5.626816042704373103e+04 1.150156941096522445e+02
3.127039008974733392e+01 2.280180723376512830e+01 4.694473400651093107e+04 1.294648093700276661e+02
3.127039008974733392e+01 2.280180723376512830e+01 4.694473400651093107e+04 1.294648093700276661e+02
3.127039008974733392e+01 2.280180723376512830e+01 4.694473400651093107e+04 1.294648093700276661e+02
3.036344017034233644e+01 2.294949110001779502e+01 3.907310892304575827e+04 1.353070493756403891e+02
3.036344017034233644e+01 2.294949110001779502e+01 3.907310892304575827e+04 1.353070493756403891e+02
3.036344017034233644e+01 2.294949110001779502e+01 3.907310892304575827e+04 1.353070493756403891e+02
2.975728450986794371e+01 2.299944424922345476e+01 3.591832786341641622e+04 1.478706225135016723e+02
2.975728450986794371e+01 2.299944424922345476e+01 3.591832786341641622e+04 1.478706225135016723e+02
2.975728450986794371e+01 2.299944424922345476e+01 3.591832786341641622e+04 1.478706225135016723e+02
2.975728450986794371e+01 2.299944424922345476e+01 3.591832786341641622e+04 1.478706225135016723e+02
2.975728450986794371e+01 2.299944424922345476e+01 3.591832786341641622e+04 1.478706225135016723e+02
2.975728450986794371e+01 2.299944424922345476e+01 3.591832786341641622e+04 1.478706225135016723e+02
2.975728450986794371e+01 2.299944424922345476e+01 3.591832786341641622e+04 1.478706225135016723e+02
2.975728450986794371e+01 2.299944424922345476e+01 3.591832786341641622e+04 1.478706225135016723e+02
2.975728450986794371e+01 2.299944424922345476e+01 3.591832786341641622e+04 1.478706225135016723e+02
2.975728450986794371e+01 2.299944424922345476e+01 3.591832786341641622e+04 1.478706225135016723e+02
2.975728450986794371e+01 2.299944424922345476e+01 3.591832786341641622e+04 1.478706225135016723e+02
2.975728450986794371e+01 2.299944424922345476e+01 3.591832786341641622e+04 1.478706225135016723e+02
2.975728450986794371e+01 2.299944424922345476e+01 3.591832786341641622e+04 1.478706225135016723e+02
2.975728450986794371e+01 2.299944424922345476e+01 3.591832786341641622e+04 1.478706225135016723e+02
2.975728450986794371e+01 2.299944424922345476e+01 3.591832786341641622e+04 1.478706225135016723e+02
2.975728450986794371e+01 2.299944424922345476e+01 3.591832786341641622e+04 1.478706225135016723e+02
2.975728450986794371e+01 2.299944424922345476e+01 3.591832786341641622e+04 1.478706225135016723e+02
2.956137004478443231e+01 2.238503896023205897e+01 3.698231732657099201e+04 1.392836746613682806e+02
2.956137004478443231e+01 2.238503896023205897e+01 3.698231732657099201e+04 1.392836746613682806e+02
2.956137004478443231e+01 2.238503896023205897e+01 3.698231732657099201e+04 1.392836746613682806e+02
2.956137004478443231e+01 2.238503896023205897e+01 3.698231732657099201e+04 1.392836746613682806e+02
2.956137004478443231e+01 2.238503896023205897e+01 3.698231732657099201e+04 1.392836746613682806e+02
2.956137004478443231e+01 2.238503896023205897e+01 3.698231732657099201e+04 1.392836746613682806e+02
2.956137004478443231e+01 2.238503896023205897e+01 3.698231732657099201e+04 1.392836746613682806e+02
2.837562738288983866e+01 2.609688858195081806e+01 2.673546420528499220e+04 1.577827267120625265e+02
2.837562738288983866e+01 2.609688858195081806e+01 2.673546420528499220e+04 1.577827267120625265e+02
2.656019287519785621e+01 2.539871468928069831e+01 2.465391438888929770e+04 1.736211681521495791e+02
2.656019287519785621e+01 2.539871468928069831e+01 2.465391438888929770e+04 1.736211681521495791e+02
2.656019287519785621e+01 2.539871468928069831e+01 2.465391438888929770e+04 1.736211681521495791e+02
2.656019287519785621e+01 2.539871468928069831e+01 2.465391438888929770e+04 1.736211681521495791e+02
2.656019287519785621e+01 2.539871468928069831e+01 2.465391438888929770e+04 1.736211681521495791e+02
2.523103204405342836e+01 2.915444216133488453e+01 1.728859441550503107e+04 1.837197436948254392e+02
2.523103204405342836e+01 2.915444216133488453e+01 1.728859441550503107e+04 1.837197436948254392e+02
2.489122973748819234e+01 2.955034645811217331e+01 1.559660933412429586e+04 1.949511454802567982e+02
2.489122973748819234e+01 2.955034645811217331e+01 1.559660933412429586e+04 1.949511454802567982e+02
2.489122973748819234e+01 2.955034645811217331e+01 1.559660933412429586e+04 1.949511454802567982e+02
2.453320646324673859e+01 2.843231582322489714e+01 1.476404618142464642e+04 2.084002078541843730e+02
2.371009502038864269e+01 2.887228311104141554e+01 1.401123897287086220e+04 2.176499914271880982e+02
2.376100728786813931e+01 2.854720784352661411e+01 1.284426989449199209e+04 2.220387290460974441e+02
2.376100728786813931e+01 2.854720784352661411e+01 1.284426989449199209e+04 2.220387290460974441e+02
2.335285452582325405e+01 3.087838710982459745e+01 7.568371906857606518e+03 2.355691849151438930e+02
2.315020039293468557e+01 3.058614345409018398e+01 6.452365906669403557e+03 2.436263479908762122e+02
2.315020039293468557e+01 3.058614345409018398e+01 6.452365906669403557e+03 2.436263479908762122e+02
2.364628934032954888e+01 3.043931794530043433e+01 3.004377890449521146e+03 2.763703025290117239e+02
2.364628934032954888e+01 3.043931794530043433e+01 3.004377890449521146e+03 2.763703025290117239e+02
2.336222157566190205e+01 3.026962096089904719e+01 2.978235177583399491e+03 2.797436198422171856e+02
2.383330784084809650e+01 2.906180243729513890e+01 2.794192371127894148e+03 2.911727494284497766e+02
2.357311350543270478e+01 3.023132944665058019e+01 1.820394471047106663e+03 2.855800884308493437e+02
2.366061742495390874e+01 3.028666809121581593e+01 1.670896390905005319e+03 2.933753678633987079e+02
2.366061742495390874e+01 3.028666809121581593e+01 1.670896390905005319e+03 2.933753678633987079e+02
2.431309732619559938e+01 2.954497207226206967e+01 1.583337735915342591e+03 2.976074882793940901e+02
2.437733191690134760e+01 2.875299948230823688e+01 1.456254324770993435e+03 3.116843991208282887e+02
2.437733191690134760e+01 2.875299948230823688e+01 1.456254324770993435e+03 3.116843991208282887e+02
2.457136714184564141e+01 2.860158603430875246e+01 1.401675068107180778e+03 3.095933676739641101e+02
2.457136714184564141e+01 2.860158603430875246e+01 1.401675068107180778e+03 3.095933676739641101e+02
2.457136714184564141e+01 2.860158603430875246e+01 1.401675068107180778e+03 3.095933676739641101e+02
2.458691177862295874e+01 2.925852981318091039e+01 1.289514069977383087e+03 2.995709318555154255e+02
2.454095152787082768e+01 2.852515321285502736e+01 1.281763567394030588e+03 3.057723754721700402e+02
2.454095152787082768e+01 2.852515321285502736e+01 1.281763567394030588e+03 3.057723754721700402e+02
2.403116898157403725e+01 2.861447749226570636e+01 1.295890766574127611e+03 3.001214705035735051e+02
2.403116898157403725e+01 2.861447749226570636e+01 1.295890766574127611e+03 3.001214705035735051e+02
2.403116898157403725e+01 2.861447749226570636e+01 1.295890766574127611e+03 3.001214705035735051e+02
2.403116898157403725e+01 2.861447749226570636e+01 1.295890766574127611e+03 3.001214705035735051e+02
2.403116898157403725e+01 2.861447749226570636e+01 1.295890766574127611e+03 3.001214705035735051e+02
2.403116898157403725e+01 2.861447749226570636e+01 1.295890766574127611e+03 3.001214705035735051e+02
2.811139109995488994e+01 2.577681772604902122e+01 9.882290419781311357e+02 3.319488677906870748e+02
2.741049804221865216e+01 2.525890118027356479e+01 9.977569269688403892e+02 3.298280579066095015e+02
2.820150763542299899e+01 2.495871416332896331e+01 9.446976376275231360e+02 3.341245269599772882e+02
2.712788374257567270e+01 2.469017175690813559e+01 8.376517738158735256e+02 3.287313900866743097e+02
2.712788374257567270e+01 2.469017175690813559e+01 8.376517738158735256e+02 3.287313900866743097e+02
2.712788374257567270e+01 2.469017175690813559e+01 8.376517738158735256e+02 3.287313900866743097e+02
2.712788374257567270e+01 2.469017175690813559e+01 8.376517738158735256e+02 3.287313900866743097e+02
2.681426217005105173e+01 2.422973139373904061e+01 8.287915816086124323e+02 3.247908549000059111e+02
2.681386840474671018e+01 2.426797532194645157e+01 7.978344057173351302e+02 3.253448958505512678e+02
2.621359581977398889e+01 2.478276014666191074e+01 7.755885330569110465e+02 3.232203281923585223e+02
2.621359581977398889e+01 2.478276014666191074e+01 7.755885330569110465e+02 3.232203281923585223e+02
2.621359581977398889e+01 2.478276014666191074e+01 7.755885330569110465e+02 3.232203281923585223e+02
2.565793903716483726e+01 2.427075758499741553e+01 7.522588457008397427e+02 3.155692999659972315e+02
2.565793903716483726e+01 2.427075758499741553e+01 7.522588457008397427e+02 3.155692999659972315e+02
2.565793903716483726e+01 2.427075758499741553e+01 7.522588457008397427e+02 3.155692999659972315e+02
2.565793903716483726e+01 2.427075758499741553e+01 7.522588457008397427e+02 3.155692999659972315e+02
2.565793903716483726e+01 2.427075758499741553e+01 7.522588457008397427e+02 3.155692999659972315e+02
2.631695860300512280e+01 2.285476261158244426e+01 6.468419841991408248e+02 3.291596806092148313e+02
2.696979329446179108e+01 2.255642135031959583e+01 6.315535374528275270e+02 3.316351428698218342e+02
2.696979329446179108e+01 2.255642135031959583e+01 6.315535374528275270e+02 3.316351428698218342e+02
2.676730582366491618e+01 2.192807702462533825e+01 6.303472658604299568e+02 3.297787582748305226e+02
2.676730582366491618e+01 2.192807702462533825e+01 6.303472658604299568e+02 3.297787582748305226e+02
2.555297090328588538e+01 2.290279845243809831e+01 5.316163132090198360e+02 3.155102347499048960e+02
2.555297090328588538e+01 2.290279845243809831e+01 5.316163132090198360e+02 3.155102347499048960e+02
2.555297090328588538e+01 2.290279845243809831e+01 5.316163132090198360e+02 3.155102347499048960e+02
2.555297090328588538e+01 2.290279845243809831e+01 5.316163132090198360e+02 3.155102347499048960e+02
2.555297090328588538e+01 2.290279845243809831e+01 5.316163132090198360e+02 3.155102347499048960e+02
2.489860698698350916e+01 2.408989291308921921e+01 4.800825899493825659e+02 3.112688344014669610e+02
2.489860698698350916e+01 2.408989291308921921e+01 4.800825899493825659e+02 3.112688344014669610e+02
2.474392666862989287e+01 2.403206496092471411e+01 4.524783421138930066e+02 3.076193410173332836e+02
2.458408887319098568e+01 2.388862773966510389e+01 4.382759700063589321e+02 3.112924516584421326e+02
2.495088226939430953e+01 2.351676325899066455e+01 4.133891361619902796e+02 3.132742425329741423e+02
2.495088226939430953e+01 2.351676325899066455e+01 4.133891361619902796e+02 3.132742425329741423e+02
2.453639675571989187e+01 2.315741867066519788e+01 4.350515007863510277e+02 3.085830019472855952e+02
2.464896057836498500e+01 2.283571215146029232e+01 4.039138602753508280e+02 3.071506263945079240e+02
2.464896057836498500e+01 2.283571215146029232e+01 4.039138602753508280e+02 3.071506263945079240e+02
2.537084752226350304e+01 2.188144727096080189e+01 3.671759978927382235e+02 3.107482083477775063e+02
2.537084752226350304e+01 2.188144727096080189e+01 3.671759978927382235e+02 3.107482083477775063e+02
2.537084752226350304e+01 2.188144727096080189e+01 3.671759978927382235e+02 3.107482083477775063e+02
2.537084752226350304e+01 2.188144727096080189e+01 3.671759978927382235e+02 3.107482083477775063e+02
2.537084752226350304e+01 2.188144727096080189e+01 3.671759978927382235e+02 3.107482083477775063e+02
2.537084752226350304e+01 2.188144727096080189e+01 3.671759978927382235e+02 3.107482083477775063e+02
2.537084752226350304e+01 2.188144727096080189e+01 3.671759978927382235e+02 3.107482083477775063e+02
2.535376134239738377e+01 2.229113509599879350e+01 3.402459807508153062e+02 3.165772054910311795e+02
2.535376134239738377e+01 2.229113509599879350e+01 3.402459807508153062e+02 3.165772054910311795e+02
2.535376134239738377e+01 2.229113509599879350e+01 3.402459807508153062e+02 3.165772054910311795e+02
2.535376134239738377e+01 2.229113509599879350e+01 3.402459807508153062e+02 3.165772054910311795e+02
2.533990390347612731e+01 2.238584381113144062e+01 3.248926675591559388e+02 3.156752181684702805e+02
2.525335930571857901e+01 2.213261711036670931e+01 3.140696513970745514e+02 3.172072540002170626e+02
2.525335930571857901e+01 2.213261711036670931e+01 3.140696513970745514e+02 3.172072540002170626e+02
2.516937178089314031e+01 2.240628696811827680e+01 3.170157812359240666e+02 3.124189222290786461e+02
2.516937178089314031e+01 2.240628696811827680e+01 3.170157812359240666e+02 3.124189222290786461e+02
2.533794026046957626e+01 2.241063573426059108e+01 3.013087238175893390e+02 3.141307446072420362e+02
2.529511293066864042e+01 2.272356236201063595e+01 2.821598076126451815e+02 3.152027589252654707e+02
2.529511293066864042e+01 2.272356236201063595e+01 2.821598076126451815e+02 3.152027589252654707e+02
2.445594791163917847e+01 2.333130551344773806e+01 2.907490267046566146e+02 2.908144123872174873e+02
2.445594791163917847e+01 2.333130551344773806e+01 2.907490267046566146e+02 2.908144123872174873e+02
2.436189543081845699e+01 2.307382793300138957e+01 2.870997441707285134e+02 2.883027399519506275e+02
2.436189543081845699e+01 2.307382793300138957e+01 2.870997441707285134e+02 2.883027399519506275e+02
2.436189543081845699e+01 2.307382793300138957e+01 2.870997441707285134e+02 2.883027399519506275e+02
2.436189543081845699e+01 2.307382793300138957e+01 2.870997441707285134e+02 2.883027399519506275e+02
2.425017249050143420e+01 2.483861292653175568e+01 2.216169404878462501e+02 2.893142427727706263e+02
2.425017249050143420e+01 2.483861292653175568e+01 2.216169404878462501e+02 2.893142427727706263e+02
2.423723812782453280e+01 2.493956465487537955e+01 2.224851940687043168e+02 2.864865109582344758e+02
2.397847544644661610e+01 2.525045813079076495e+01 2.227554884430438733e+02 2.847416596587254389e+02
2.397847544644661610e+01 2.525045813079076495e+01 2.227554884430438733e+02 2.847416596587254389e+02
2.397847544644661610e+01 2.525045813079076495e+01 2.227554884430438733e+02 2.847416596587254389e+02
2.397847544644661610e+01 2.525045813079076495e+01 2.227554884430438733e+02 2.847416596587254389e+02
2.397847544644661610e+01 2.525045813079076495e+01 2.227554884430438733e+02 2.847416596587254389e+02
2.397847544644661610e+01 2.525045813079076495e+01 2.227554884430438733e+02 2.847416596587254389e+02
2.397847544644661610e+01 2.525045813079076495e+01 2.227554884430438733e+02 2.847416596587254389e+02
2.397847544644661610e+01 2.525045813079076495e+01 2.227554884430438733e+02 2.847416596587254389e+02
2.387193677267483949e+01 2.512929713116658093e+01 2.220944911588852619e+02 2.841780097165470238e+02
2.387193677267483949e+01 2.512929713116658093e+01 2.220944911588852619e+02 2.841780097165470238e+02
2.363244639493907684e+01 2.581592365384448229e+01 2.150422430988743088e+02 2.852436143207798409e+02
2.363244639493907684e+01 2.581592365384448229e+01 2.150422430988743088e+02 2.852436143207798409e+02
2.363244639493907684e+01 2.581592365384448229e+01 2.150422430988743088e+02 2.852436143207798409e+02
2.363244639493907684e+01 2.581592365384448229e+01 2.150422430988743088e+02 2.852436143207798409e+02
2.363244639493907684e+01 2.581592365384448229e+01 2.150422430988743088e+02 2.852436143207798409e+02
2.363244639493907684e+01 2.581592365384448229e+01 2.150422430988743088e+02 2.852436143207798409e+02
2.401035591007863701e+01 2.588419774395720196e+01 2.073462086685623831e+02 2.862124550155866700e+02
2.401035591007863701e+01 2.588419774395720196e+01 2.073462086685623831e+02 2.862124550155866700e+02
2.401035591007863701e+01 2.588419774395720196e+01 2.073462086685623831e+02 2.862124550155866700e+02
2.385229340211796867e+01 2.543490823419118030e+01 2.033460979090682486e+02 2.847489415338153549e+02
2.385229340211796867e+01 2.543490823419118030e+01 2.033460979090682486e+02 2.847489415338153549e+02
2.385229340211796867e+01 2.543490823419118030e+01 2.033460979090682486e+02 2.847489415338153549e+02
2.385229340211796867e+01 2.543490823419118030e+01 2.033460979090682486e+02 2.847489415338153549e+02
2.385229340211796867e+01 2.543490823419118030e+01 2.033460979090682486e+02 2.847489415338153549e+02
2.385229340211796867e+01 2.543490823419118030e+01 2.033460979090682486e+02 2.847489415338153549e+02
2.385229340211796867e+01 2.543490823419118030e+01 2.033460979090682486e+02 2.847489415338153549e+02
2.385229340211796867e+01 2.543490823419118030e+01 2.033460979090682486e+02 2.847489415338153549e+02
2.385229340211796867e+01 2.543490823419118030e+01 2.033460979090682486e+02 2.847489415338153549e+02
2.398538968943737970e+01 2.549528881175126216e+01 2.028214700943746607e+02 2.846721802966428072e+02
2.398538968943737970e+01 2.549528881175126216e+01 2.028214700943746607e+02 2.846721802966428072e+02
2.398538968943737970e+01 2.549528881175126216e+01 2.028214700943746607e+02 2.846721802966428072e+02
2.398538968943737970e+01 2.549528881175126216e+01 2.028214700943746607e+02 2.846721802966428072e+02
2.398538968943737970e+01 2.549528881175126216e+01 2.028214700943746607e+02 2.846721802966428072e+02
2.398538968943737970e+01 2.549528881175126216e+01 2.028214700943746607e+02 2.846721802966428072e+02
2.398538968943737970e+01 2.549528881175126216e+01 2.028214700943746607e+02 2.846721802966428072e+02
2.398538968943737970e+01 2.549528881175126216e+01 2.028214700943746607e+02 2.846721802966428072e+02
2.398538968943737970e+01 2.549528881175126216e+01 2.028214700943746607e+02 2.846721802966428072e+02
2.398538968943737970e+01 2.549528881175126216e+01 2.028214700943746607e+02 2.846721802966428072e+02
2.416955982641671596e+01 2.451666574906226614e+01 2.043504293251527031e+02 2.886563373318397225e+02
2.416955982641671596e+01 2.451666574906226614e+01 2.043504293251527031e+02 2.886563373318397225e+02
2.416955982641671596e+01 2.451666574906226614e+01 2.043504293251527031e+02 2.886563373318397225e+02
2.416955982641671596e+01 2.451666574906226614e+01 2.043504293251527031e+02 2.886563373318397225e+02
2.416955982641671596e+01 2.451666574906226614e+01 2.043504293251527031e+02 2.886563373318397225e+02
2.416955982641671596e+01 2.451666574906226614e+01 2.043504293251527031e+02 2.886563373318397225e+02
2.416955982641671596e+01 2.451666574906226614e+01 2.043504293251527031e+02 2.886563373318397225e+02
2.454366201167562522e+01 2.596237407321824975e+01 1.610287851555317502e+02 2.838610850765851410e+02
2.454366201167562522e+01 2.596237407321824975e+01 1.610287851555317502e+02 2.838610850765851410e+02
2.445957848691238823e+01 2.615245504253723041e+01 1.608217967498365795e+02 2.821303370736201828e+02
2.445957848691238823e+01 2.615245504253723041e+01 1.608217967498365795e+02 2.821303370736201828e+02
2.445957848691238823e+01 2.615245504253723041e+01 1.608217967498365795e+02 2.821303370736201828e+02
2.442259464278019720e+01 2.540327607601891202e+01 1.574846548243331767e+02 2.868598208469231849e+02
2.442259464278019720e+01 2.540327607601891202e+01 1.574846548243331767e+02 2.868598208469231849e+02
2.420254778768267911e+01 2.507298953488853499e+01 1.544019814888311259e+02 2.886006000438991350e+02
2.435133705259120518e+01 2.488487350904366835e+01 1.520089962382022293e+02 2.863355031477457260e+02
2.435133705259120518e+01 2.488487350904366835e+01 1.520089962382022293e+02 2.863355031477457260e+02
2.435133705259120518e+01 2.488487350904366835e+01 1.520089962382022293e+02 2.863355031477457260e+02
2.435133705259120518e+01 2.488487350904366835e+01 1.520089962382022293e+02 2.863355031477457260e+02
2.435133705259120518e+01 2.488487350904366835e+01 1.520089962382022293e+02 2.863355031477457260e+02
2.435133705259120518e+01 2.488487350904366835e+01 1.520089962382022293e+02 2.863355031477457260e+02
2.435133705259120518e+01 2.488487350904366835e+01 1.520089962382022293e+02 2.863355031477457260e+02
2.435133705259120518e+01 2.488487350904366835e+01 1.520089962382022293e+02 2.863355031477457260e+02
2.435133705259120518e+01 2.488487350904366835e+01 1.520089962382022293e+02 2.863355031477457260e+02
2.435133705259120518e+01 2.488487350904366835e+01 1.520089962382022293e+02 2.863355031477457260e+02
2.435040012208063231e+01 2.457685030422598516e+01 1.511330552197221948e+02 2.901492039240748113e+02
2.430509774065385642e+01 2.389153958736206818e+01 1.453464863435767995e+02 2.908530454113109727e+02
2.430509774065385642e+01 2.389153958736206818e+01 1.453464863435767995e+02 2.908530454113109727e+02
2.430509774065385642e+01 2.389153958736206818e+01 1.453464863435767995e+02 2.908530454113109727e+02
2.430509774065385642e+01 2.389153958736206818e+01 1.453464863435767995e+02 2.908530454113109727e+02
2.430509774065385642e+01 2.389153958736206818e+01 1.453464863435767995e+02 2.908530454113109727e+02
2.430509774065385642e+01 2.389153958736206818e+01 1.453464863435767995e+02 2.908530454113109727e+02
2.430509774065385642e+01 2.389153958736206818e+01 1.453464863435767995e+02 2.908530454113109727e+02
2.430509774065385642e+01 2.389153958736206818e+01 1.453464863435767995e+02 2.908530454113109727e+02
2.430509774065385642e+01 2.389153958736206818e+01 1.453464863435767995e+02 2.908530454113109727e+02
2.380799406601111556e+01 2.314931611286005264e+01 1.377991293308045329e+02 2.883882833882751697e+02
2.380799406601111556e+01 2.314931611286005264e+01 1.377991293308045329e+02 2.883882833882751697e+02
2.380799406601111556e+01 2.314931611286005264e+01 1.377991293308045329e+02 2.883882833882751697e+02
2.380799406601111556e+01 2.314931611286005264e+01 1.377991293308045329e+02 2.883882833882751697e+02
2.380799406601111556e+01 2.314931611286005264e+01 1.377991293308045329e+02 2.883882833882751697e+02
2.380799406601111556e+01 2.314931611286005264e+01 1.377991293308045329e+02 2.883882833882751697e+02
2.380799406601111556e+01 2.314931611286005264e+01 1.377991293308045329e+02 2.883882833882751697e+02
2.380799406601111556e+01 2.314931611286005264e+01 1.377991293308045329e+02 2.883882833882751697e+02
2.380799406601111556e+01 2.314931611286005264e+01 1.377991293308045329e+02 2.883882833882751697e+02
2.380799406601111556e+01 2.314931611286005264e+01 1.377991293308045329e+02 2.883882833882751697e+02
2.380799406601111556e+01 2.314931611286005264e+01 1.377991293308045329e+02 2.883882833882751697e+02
2.380799406601111556e+01 2.314931611286005264e+01 1.377991293308045329e+02 2.883882833882751697e+02
2.380799406601111556e+01 2.314931611286005264e+01 1.377991293308045329e+02 2.883882833882751697e+02
2.381594640600205892e+01 2.311926229313062464e+01 1.292225407301865232e+02 2.866473945136298767e+02
2.381594640600205892e+01 2.311926229313062464e+01 1.292225407301865232e+02 2.866473945136298767e+02
2.381594640600205892e+01 2.311926229313062464e+01 1.292225407301865232e+02 2.866473945136298767e+02
2.381594640600205892e+01 2.311926229313062464e+01 1.292225407301865232e+02 2.866473945136298767e+02
2.381594640600205892e+01 2.311926229313062464e+01 1.292225407301865232e+02 2.866473945136298767e+02
2.394870763442591155e+01 2.306267772987269637e+01 1.280146759422726177e+02 2.876255186644423816e+02
2.407001707982276528e+01 2.300331424611264808e+01 1.265866898550530806e+02 2.855601058367684573e+02
2.407001707982276528e+01 2.300331424611264808e+01 1.265866898550530806e+02 2.855601058367684573e+02
2.407001707982276528e+01 2.300331424611264808e+01 1.265866898550530806e+02 2.855601058367684573e+02
2.407001707982276528e+01 2.300331424611264808e+01 1.265866898550530806e+02 2.855601058367684573e+02
2.407001707982276528e+01 2.300331424611264808e+01 1.265866898550530806e+02 2.855601058367684573e+02
2.399045234589284803e+01 2.271210549163676262e+01 1.271161489247564731e+02 2.883007467447423551e+02
2.399045234589284803e+01 2.271210549163676262e+01 1.271161489247564731e+02 2.883007467447423551e+02
2.401901048505654757e+01 2.273076434993508599e+01 1.268579064908014118e+02 2.881371504710518821e+02
2.401901048505654757e+01 2.273076434993508599e+01 1.268579064908014118e+02 2.881371504710518821e+02
2.401901048505654757e+01 2.273076434993508599e+01 1.268579064908014118e+02 2.881371504710518821e+02
2.401901048505654757e+01 2.273076434993508599e+01 1.268579064908014118e+02 2.881371504710518821e+02
2.401901048505654757e+01 2.273076434993508599e+01 1.268579064908014118e+02 2.881371504710518821e+02
2.401901048505654757e+01 2.273076434993508599e+01 1.268579064908014118e+02 2.881371504710518821e+02
2.401901048505654757e+01 2.273076434993508599e+01 1.268579064908014118e+02 2.881371504710518821e+02
2.401901048505654757e+01 2.273076434993508599e+01 1.268579064908014118e+02 2.881371504710518821e+02
2.401901048505654757e+01 2.273076434993508599e+01 1.268579064908014118e+02 2.881371504710518821e+02
2.401901048505654757e+01 2.273076434993508599e+01 1.268579064908014118e+02 2.881371504710518821e+02
2.401901048505654757e+01 2.273076434993508599e+01 1.268579064908014118e+02 2.881371504710518821e+02
2.401901048505654757e+01 2.273076434993508599e+01 1.268579064908014118e+02 2.881371504710518821e+02
2.401901048505654757e+01 2.273076434993508599e+01 1.268579064908014118e+02 2.881371504710518821e+02
2.401901048505654757e+01 2.273076434993508599e+01 1.268579064908014118e+02 2.881371504710518821e+02
2.401901048505654757e+01 2.273076434993508599e+01 1.268579064908014118e+02 2.881371504710518821e+02
2.401901048505654757e+01 2.273076434993508599e+01 1.268579064908014118e+02 2.881371504710518821e+02
2.401901048505654757e+01 2.273076434993508599e+01 1.268579064908014118e+02 2.881371504710518821e+02
2.401901048505654757e+01 2.273076434993508599e+01 1.268579064908014118e+02 2.881371504710518821e+02
2.401901048505654757e+01 2.273076434993508599e+01 1.268579064908014118e+02 2.881371504710518821e+02
2.401901048505654757e+01 2.273076434993508599e+01 1.268579064908014118e+02 2.881371504710518821e+02
2.401901048505654757e+01 2.273076434993508599e+01 1.268579064908014118e+02 2.881371504710518821e+02
2.401901048505654757e+01 2.273076434993508599e+01 1.268579064908014118e+02 2.881371504710518821e+02
2.401901048505654757e+01 2.273076434993508599e+01 1.268579064908014118e+02 2.881371504710518821e+02
2.401901048505654757e+01 2.273076434993508599e+01 1.268579064908014118e+02 2.881371504710518821e+02
2.384344126593036606e+01 2.241400043031692135e+01 1.281995266979566850e+02 2.901847760635916984e+02
2.387904006599462647e+01 2.231487684756240952e+01 1.257260537040177866e+02 2.901819882866980720e+02
2.387904006599462647e+01 2.231487684756240952e+01 1.257260537040177866e+02 2.901819882866980720e+02
2.387904006599462647e+01 2.231487684756240952e+01 1.257260537040177866e+02 2.901819882866980720e+02
2.386298943447352983e+01 2.223910234340219461e+01 1.252051238662626957e+02 2.910693142360010484e+02
2.386298943447352983e+01 2.223910234340219461e+01 1.252051238662626957e+02 2.910693142360010484e+02
2.386298943447352983e+01 2.223910234340219461e+01 1.252051238662626957e+02 2.910693142360010484e+02
2.386298943447352983e+01 2.223910234340219461e+01 1.252051238662626957e+02 2.910693142360010484e+02
2.386298943447352983e+01 2.223910234340219461e+01 1.252051238662626957e+02 2.910693142360010484e+02
2.386298943447352983e+01 2.223910234340219461e+01 1.252051238662626957e+02 2.910693142360010484e+02
2.386298943447352983e+01 2.223910234340219461e+01 1.252051238662626957e+02 2.910693142360010484e+02
2.386298943447352983e+01 2.223910234340219461e+01 1.252051238662626957e+02 2.910693142360010484e+02
2.386298943447352983e+01 2.223910234340219461e+01 1.252051238662626957e+02 2.910693142360010484e+02
2.386298943447352983e+01 2.223910234340219461e+01 1.252051238662626957e+02 2.910693142360010484e+02
2.386298943447352983e+01 2.223910234340219461e+01 1.252051238662626957e+02 2.910693142360010484e+02
2.386298943447352983e+01 2.223910234340219461e+01 1.252051238662626957e+02 2.910693142360010484e+02
2.386298943447352983e+01 2.223910234340219461e+01 1.252051238662626957e+02 2.910693142360010484e+02
2.386298943447352983e+01 2.223910234340219461e+01 1.252051238662626957e+02 2.910693142360010484e+02
2.386298943447352983e+01 2.223910234340219461e+01 1.252051238662626957e+02 2.910693142360010484e+02
2.386298943447352983e+01 2.223910234340219461e+01 1.252051238662626957e+02 2.910693142360010484e+02
2.386298943447352983e+01 2.223910234340219461e+01 1.252051238662626957e+02 2.910693142360010484e+02
2.386298943447352983e+01 2.223910234340219461e+01 1.252051238662626957e+02 2.910693142360010484e+02
2.386298943447352983e+01 2.223910234340219461e+01 1.252051238662626957e+02 2.910693142360010484e+02
2.386298943447352983e+01 2.223910234340219461e+01 1.252051238662626957e+02 2.910693142360010484e+02
2.386298943447352983e+01 2.223910234340219461e+01 1.252051238662626957e+02 2.910693142360010484e+02
2.386298943447352983e+01 2.223910234340219461e+01 1.252051238662626957e+02 2.910693142360010484e+02
2.386298943447352983e+01 2.223910234340219461e+01 1.252051238662626957e+02 2.910693142360010484e+02
2.386298943447352983e+01 2.223910234340219461e+01 1.252051238662626957e+02 2.910693142360010484e+02
2.386298943447352983e+01 2.223910234340219461e+01 1.252051238662626957e+02 2.910693142360010484e+02
2.386298943447352983e+01 2.223910234340219461e+01 1.252051238662626957e+02 2.910693142360010484e+02
2.386298943447352983e+01 2.223910234340219461e+01 1.252051238662626957e+02 2.910693142360010484e+02
2.386298943447352983e+01 2.223910234340219461e+01 1.252051238662626957e+02 2.910693142360010484e+02
2.386298943447352983e+01 2.223910234340219461e+01 1.252051238662626957e+02 2.910693142360010484e+02
2.386298943447352983e+01 2.223910234340219461e+01 1.252051238662626957e+02 2.910693142360010484e+02
2.393794761723979647e+01 2.211995433677681078e+01 1.251100486474418148e+02 2.909600376496183571e+02
2.393794761723979647e+01 2.211995433677681078e+01 1.251100486474418148e+02 2.909600376496183571e+02
2.393794761723979647e+01 2.211995433677681078e+01 1.251100486474418148e+02 2.909600376496183571e+02
2.393794761723979647e+01 2.211995433677681078e+01 1.251100486474418148e+02 2.909600376496183571e+02
2.393794761723979647e+01 2.211995433677681078e+01 1.251100486474418148e+02 2.909600376496183571e+02
2.393794761723979647e+01 2.211995433677681078e+01 1.251100486474418148e+02 2.909600376496183571e+02
2.393794761723979647e+01 2.211995433677681078e+01 1.251100486474418148e+02 2.909600376496183571e+02
2.393794761723979647e+01 2.211995433677681078e+01 1.251100486474418148e+02 2.909600376496183571e+02
2.393794761723979647e+01 2.211995433677681078e+01 1.251100486474418148e+02 2.909600376496183571e+02
2.393794761723979647e+01 2.211995433677681078e+01 1.251100486474418148e+02 2.909600376496183571e+02
2.393794761723979647e+01 2.211995433677681078e+01 1.251100486474418148e+02 2.909600376496183571e+02
2.418732447829522769e+01 2.204602088654556624e+01 1.253039319321213299e+02 2.890240909907560081e+02
2.418732447829522769e+01 2.204602088654556624e+01 1.253039319321213299e+02 2.890240909907560081e+02
2.418732447829522769e+01 2.204602088654556624e+01 1.253039319321213299e+02 2.890240909907560081e+02
2.418732447829522769e+01 2.204602088654556624e+01 1.253039319321213299e+02 2.890240909907560081e+02
2.418732447829522769e+01 2.204602088654556624e+01 1.253039319321213299e+02 2.890240909907560081e+02
2.418732447829522769e+01 2.204602088654556624e+01 1.253039319321213299e+02 2.890240909907560081e+02
2.418732447829522769e+01 2.204602088654556624e+01 1.253039319321213299e+02 2.890240909907560081e+02
2.418732447829522769e+01 2.204602088654556624e+01 1.253039319321213299e+02 2.890240909907560081e+02
2.418732447829522769e+01 2.204602088654556624e+01 1.253039319321213299e+02 2.890240909907560081e+02
2.418732447829522769e+01 2.204602088654556624e+01 1.253039319321213299e+02 2.890240909907560081e+02
2.418732447829522769e+01 2.204602088654556624e+01 1.253039319321213299e+02 2.890240909907560081e+02
2.418732447829522769e+01 2.204602088654556624e+01 1.253039319321213299e+02 2.890240909907560081e+02
2.418732447829522769e+01 2.204602088654556624e+01 1.253039319321213299e+02 2.890240909907560081e+02
2.418732447829522769e+01 2.204602088654556624e+01 1.253039319321213299e+02 2.890240909907560081e+02
2.418732447829522769e+01 2.204602088654556624e+01 1.253039319321213299e+02 2.890240909907560081e+02
2.418732447829522769e+01 2.204602088654556624e+01 1.253039319321213299e+02 2.890240909907560081e+02
2.418732447829522769e+01 2.204602088654556624e+01 1.253039319321213299e+02 2.890240909907560081e+02
2.418732447829522769e+01 2.204602088654556624e+01 1.253039319321213299e+02 2.890240909907560081e+02
2.418732447829522769e+01 2.204602088654556624e+01 1.253039319321213299e+02 2.890240909907560081e+02
2.424218601797707251e+01 2.178128819077183920e+01 1.251512604733666620e+02 2.879979728535448089e+02
2.424218601797707251e+01 2.178128819077183920e+01 1.251512604733666620e+02 2.879979728535448089e+02
2.424218601797707251e+01 2.178128819077183920e+01 1.251512604733666620e+02 2.879979728535448089e+02
2.424218601797707251e+01 2.178128819077183920e+01 1.251512604733666620e+02 2.879979728535448089e+02
2.424218601797707251e+01 2.178128819077183920e+01 1.251512604733666620e+02 2.879979728535448089e+02
2.424218601797707251e+01 2.178128819077183920e+01 1.251512604733666620e+02 2.879979728535448089e+02
2.424218601797707251e+01 2.178128819077183920e+01 1.251512604733666620e+02 2.879979728535448089e+02
2.424218601797707251e+01 2.178128819077183920e+01 1.251512604733666620e+02 2.879979728535448089e+02
2.425902355436906532e+01 2.167433700478101599e+01 1.254890645780886871e+02 2.879185425329534951e+02
2.425902355436906532e+01 2.167433700478101599e+01 1.254890645780886871e+02 2.879185425329534951e+02
2.425902355436906532e+01 2.167433700478101599e+01 1.254890645780886871e+02 2.879185425329534951e+02
2.401649747164954363e+01 2.210147739261776678e+01 1.241598078770902731e+02 2.876593362017474078e+02
2.401649747164954363e+01 2.210147739261776678e+01 1.241598078770902731e+02 2.876593362017474078e+02
2.401649747164954363e+01 2.210147739261776678e+01 1.241598078770902731e+02 2.876593362017474078e+02
2.401935353408623186e+01 2.192630608115661417e+01 1.251249770956555096e+02 2.870030010914746867e+02
2.401935353408623186e+01 2.192630608115661417e+01 1.251249770956555096e+02 2.870030010914746867e+02
2.401935353408623186e+01 2.192630608115661417e+01 1.251249770956555096e+02 2.870030010914746867e+02
2.401935353408623186e+01 2.192630608115661417e+01 1.251249770956555096e+02 2.870030010914746867e+02
2.401935353408623186e+01 2.192630608115661417e+01 1.251249770956555096e+02 2.870030010914746867e+02
2.401935353408623186e+01 2.192630608115661417e+01 1.251249770956555096e+02 2.870030010914746867e+02
2.401935353408623186e+01 2.192630608115661417e+01 1.251249770956555096e+02 2.870030010914746867e+02
2.401935353408623186e+01 2.192630608115661417e+01 1.251249770956555096e+02 2.870030010914746867e+02
2.401935353408623186e+01 2.192630608115661417e+01 1.251249770956555096e+02 2.870030010914746867e+02
2.401935353408623186e+01 2.192630608115661417e+01 1.251249770956555096e+02 2.870030010914746867e+02
2.401935353408623186e+01 2.192630608115661417e+01 1.251249770956555096e+02 2.870030010914746867e+02
2.401935353408623186e+01 2.192630608115661417e+01 1.251249770956555096e+02 2.870030010914746867e+02
2.401935353408623186e+01 2.192630608115661417e+01 1.251249770956555096e+02 2.870030010914746867e+02
2.401935353408623186e+01 2.192630608115661417e+01 1.251249770956555096e+02 2.870030010914746867e+02
2.401935353408623186e+01 2.192630608115661417e+01 1.251249770956555096e+02 2.870030010914746867e+02
2.401935353408623186e+01 2.192630608115661417e+01 1.251249770956555096e+02 2.870030010914746867e+02
2.401935353408623186e+01 2.192630608115661417e+01 1.251249770956555096e+02 2.870030010914746867e+02
2.401935353408623186e+01 2.192630608115661417e+01 1.251249770956555096e+02 2.870030010914746867e+02
2.401935353408623186e+01 2.192630608115661417e+01 1.251249770956555096e+02 2.870030010914746867e+02
2.401935353408623186e+01 2.192630608115661417e+01 1.251249770956555096e+02 2.870030010914746867e+02
2.401935353408623186e+01 2.192630608115661417e+01 1.251249770956555096e+02 2.870030010914746867e+02
2.401935353408623186e+01 2.192630608115661417e+01 1.251249770956555096e+02 2.870030010914746867e+02
2.401935353408623186e+01 2.192630608115661417e+01 1.251249770956555096e+02 2.870030010914746867e+02
2.401935353408623186e+01 2.192630608115661417e+01 1.251249770956555096e+02 2.870030010914746867e+02
2.401935353408623186e+01 2.192630608115661417e+01 1.251249770956555096e+02 2.870030010914746867e+02
2.401935353408623186e+01 2.192630608115661417e+01 1.251249770956555096e+02 2.870030010914746867e+02
2.401935353408623186e+01 2.192630608115661417e+01 1.251249770956555096e+02 2.870030010914746867e+02
2.401935353408623186e+01 2.192630608115661417e+01 1.251249770956555096e+02 2.870030010914746867e+02
2.401935353408623186e+01 2.192630608115661417e+01 1.251249770956555096e+02 2.870030010914746867e+02
2.401935353408623186e+01 2.192630608115661417e+01 1.251249770956555096e+02 2.870030010914746867e+02
2.401935353408623186e+01 2.192630608115661417e+01 1.251249770956555096e+02 2.870030010914746867e+02
2.401935353408623186e+01 2.192630608115661417e+01 1.251249770956555096e+02 2.870030010914746867e+02
2.401935353408623186e+01 2.192630608115661417e+01 1.251249770956555096e+02 2.870030010914746867e+02
2.401935353408623186e+01 2.192630608115661417e+01 1.251249770956555096e+02 2.870030010914746867e+02
2.401935353408623186e+01 2.192630608115661417e+01 1.251249770956555096e+02 2.870030010914746867e+02
2.401935353408623186e+01 2.192630608115661417e+01 1.251249770956555096e+02 2.870030010914746867e+02
2.401935353408623186e+01 2.192630608115661417e+01 1.251249770956555096e+02 2.870030010914746867e+02
2.401935353408623186e+01 2.192630608115661417e+01 1.251249770956555096e+02 2.870030010914746867e+02
2.401935353408623186e+01 2.192630608115661417e+01 1.251249770956555096e+02 2.870030010914746867e+02
2.401935353408623186e+01 2.192630608115661417e+01 1.251249770956555096e+02 2.870030010914746867e+02
2.401935353408623186e+01 2.192630608115661417e+01 1.251249770956555096e+02 2.870030010914746867e+02
2.401935353408623186e+01 2.192630608115661417e+01 1.251249770956555096e+02 2.870030010914746867e+02
2.401935353408623186e+01 2.192630608115661417e+01 1.251249770956555096e+02 2.870030010914746867e+02
2.401935353408623186e+01 2.192630608115661417e+01 1.251249770956555096e+02 2.870030010914746867e+02
2.401935353408623186e+01 2.192630608115661417e+01 1.251249770956555096e+02 2.870030010914746867e+02
2.401935353408623186e+01 2.192630608115661417e+01 1.251249770956555096e+02 2.870030010914746867e+02
2.401935353408623186e+01 2.192630608115661417e+01 1.251249770956555096e+02 2.870030010914746867e+02
2.401935353408623186e+01 2.192630608115661417e+01 1.251249770956555096e+02 2.870030010914746867e+02
2.401935353408623186e+01 2.192630608115661417e+01 1.251249770956555096e+02 2.870030010914746867e+02
2.401935353408623186e+01 2.192630608115661417e+01 1.251249770956555096e+02 2.870030010914746867e+02
2.401935353408623186e+01 2.192630608115661417e+01 1.251249770956555096e+02 2.870030010914746867e+02
2.401935353408623186e+01 2.192630608115661417e+01 1.251249770956555096e+02 2.870030010914746867e+02
2.401935353408623186e+01 2.192630608115661417e+01 1.251249770956555096e+02 2.870030010914746867e+02
2.401935353408623186e+01 2.192630608115661417e+01 1.251249770956555096e+02 2.870030010914746867e+02
2.401935353408623186e+01 2.192630608115661417e+01 1.251249770956555096e+02 2.870030010914746867e+02
2.401935353408623186e+01 2.192630608115661417e+01 1.251249770956555096e+02 2.870030010914746867e+02
2.401935353408623186e+01 2.192630608115661417e+01 1.251249770956555096e+02 2.870030010914746867e+02
2.401935353408623186e+01 2.192630608115661417e+01 1.251249770956555096e+02 2.870030010914746867e+02
2.401935353408623186e+01 2.192630608115661417e+01 1.251249770956555096e+02 2.870030010914746867e+02
2.401935353408623186e+01 2.192630608115661417e+01 1.251249770956555096e+02 2.870030010914746867e+02
2.401935353408623186e+01 2.192630608115661417e+01 1.251249770956555096e+02 2.870030010914746867e+02
2.401935353408623186e+01 2.192630608115661417e+01 1.251249770956555096e+02 2.870030010914746867e+02
2.401935353408623186e+01 2.192630608115661417e+01 1.251249770956555096e+02 2.870030010914746867e+02
2.401935353408623186e+01 2.192630608115661417e+01 1.251249770956555096e+02 2.870030010914746867e+02
2.401935353408623186e+01 2.192630608115661417e+01 1.251249770956555096e+02 2.870030010914746867e+02
2.401935353408623186e+01 2.192630608115661417e+01 1.251249770956555096e+02 2.870030010914746867e+02
2.401935353408623186e+01 2.192630608115661417e+01 1.251249770956555096e+02 2.870030010914746867e+02
2.401935353408623186e+01 2.192630608115661417e+01 1.251249770956555096e+02 2.870030010914746867e+02
2.401935353408623186e+01 2.192630608115661417e+01 1.251249770956555096e+02 2.870030010914746867e+02
2.401935353408623186e+01 2.192630608115661417e+01 1.251249770956555096e+02 2.870030010914746867e+02
2.401935353408623186e+01 2.192630608115661417e+01 1.251249770956555096e+02 2.870030010914746867e+02
2.401935353408623186e+01 2.192630608115661417e+01 1.251249770956555096e+02 2.870030010914746867e+02
2.401935353408623186e+01 2.192630608115661417e+01 1.251249770956555096e+02 2.870030010914746867e+02
2.401935353408623186e+01 2.192630608115661417e+01 1.251249770956555096e+02 2.870030010914746867e+02
2.401935353408623186e+01 2.192630608115661417e+01 1.251249770956555096e+02 2.870030010914746867e+02
2.401935353408623186e+01 2.192630608115661417e+01 1.251249770956555096e+02 2.870030010914746867e+02
2.401935353408623186e+01 2.192630608115661417e+01 1.251249770956555096e+02 2.870030010914746867e+02
2.401935353408623186e+01 2.192630608115661417e+01 1.251249770956555096e+02 2.870030010914746867e+02
2.401935353408623186e+01 2.192630608115661417e+01 1.251249770956555096e+02 2.870030010914746867e+02
2.401935353408623186e+01 2.192630608115661417e+01 1.251249770956555096e+02 2.870030010914746867e+02
