7.798173971880432020e+01 1.713869295835094704e+02 2.651960778763647249e+04 3.609894842355216156e+02
7.805984990793598399e+01 1.543022660871789924e+02 2.255103216129591237e+04 3.574933717141973943e+02
7.043487746218912093e+01 1.603232192055865255e+02 1.901654835807600830e+04 3.527144890599054747e+02
7.043487746218912093e+01 1.603232192055865255e+02 1.901654835807600830e+04 3.527144890599054747e+02
7.286449283611180761e+01 1.585020210477838134e+02 1.831891971877161632e+04 3.500600022695641087e+02
6.523935025528987808e+01 1.644908661400782819e+02 1.605496582736720302e+04 3.364528647188177501e+02
5.874961357104243831e+01 1.618789063010986240e+02 1.416712989879787710e+04 3.358060259586281973e+02
6.344036059907469394e+01 1.391607397534256734e+02 1.263248583058954500e+04 3.349759964647641937e+02
5.997536389819772040e+01 1.417267228803910371e+02 1.254708876135437640e+04 3.360893731143056584e+02
5.517773074186824545e+01 1.589657657002153428e+02 1.192206375576581559e+04 3.346564168182493404e+02
5.375531843789617881e+01 1.639011162156128876e+02 1.168764592422282840e+04 3.315535900482827287e+02
4.820741981610989768e+01 1.727099507598623234e+02 1.052036240427038138e+04 3.190472841336542729e+02
4.525924201276713177e+01 1.793125143747923858e+02 1.040782541283424689e+04 3.134233202154483706e+02
4.386960969946295563e+01 1.770060148084729406e+02 1.030923486262974075e+04 3.110604359317172225e+02
4.386960969946295563e+01 1.770060148084729406e+02 1.030923486262974075e+04 3.110604359317172225e+02
4.288652054145327241e+01 1.823250863246792335e+02 1.009906795708195932e+04 3.135106644632315351e+02
4.288652054145327241e+01 1.823250863246792335e+02 1.009906795708195932e+04 3.135106644632315351e+02
4.288652054145327241e+01 1.823250863246792335e+02 1.009906795708195932e+04 3.135106644632315351e+02
4.288652054145327241e+01 1.823250863246792335e+02 1.009906795708195932e+04 3.135106644632315351e+02
3.995725563077042608e+01 2.017653452190897951e+02 9.381342582864328506e+03 3.062418296687354200e+02
3.694816383906984214e+01 1.985603779733280305e+02 8.878359495891383631e+03 3.012973910697293718e+02
3.077767407010386691e+01 2.231240115689145682e+02 9.697268440588917656e+03 2.801298889772563143e+02
3.077767407010386691e+01 2.231240115689145682e+02 9.697268440588917656e+03 2.801298889772563143e+02
3.077767407010386691e+01 2.231240115689145682e+02 9.697268440588917656e+03 2.801298889772563143e+02
3.040794663604712866e+01 2.232212103358957620e+02 8.079021197746401413e+03 2.750176002758774416e+02
2.747975758509868527e+01 2.554638004999350187e+02 6.688619928382270700e+03 2.819071389170998145e+02
2.798384142062819890e+01 2.566748232698349170e+02 6.314227857590763961e+03 2.816636997582997992e+02
3.098747455179358568e+01 2.227338198692185642e+02 5.255677787133202401e+03 2.908084957450632828e+02
3.098747455179358568e+01 2.227338198692185642e+02 5.255677787133202401e+03 2.908084957450632828e+02
2.879971187684613909e+01 2.372376486237457129e+02 5.085076531337351298e+03 2.846273109027075066e+02
2.834692634097454089e+01 2.436074619502647352e+02 5.082171201733875932e+03 2.818522782058408325e+02
2.867824648462897486e+01 2.330903359544564353e+02 4.943964938144745247e+03 2.869180885469241389e+02
2.990994452468698839e+01 2.234358402442892952e+02 4.545112222698298865e+03 2.886916517884367295e+02
2.352377510129736393e+01 2.665682362720021388e+02 3.889377678059523078e+03 2.616280771649049370e+02
2.352377510129736393e+01 2.665682362720021388e+02 3.889377678059523078e+03 2.616280771649049370e+02
2.352377510129736393e+01 2.665682362720021388e+02 3.889377678059523078e+03 2.616280771649049370e+02
2.050012241792488155e+01 2.878808613627512045e+02 4.036898815791724246e+03 2.538580858484826024e+02
2.050012241792488155e+01 2.878808613627512045e+02 4.036898815791724246e+03 2.538580858484826024e+02
1.877159829156304127e+01 3.238549971623095871e+02 3.710008778205754879e+03 2.235778182841054900e+02
1.850341942243276350e+01 3.250377880848571408e+02 3.772954276436636974e+03 2.217752770697604490e+02
1.850341942243276350e+01 3.250377880848571408e+02 3.772954276436636974e+03 2.217752770697604490e+02
1.850341942243276350e+01 3.250377880848571408e+02 3.772954276436636974e+03 2.217752770697604490e+02
1.861084430661098921e+01 3.059299812983220477e+02 3.621653445011182157e+03 2.191681971843696317e+02
1.861084430661098921e+01 3.059299812983220477e+02 3.621653445011182157e+03 2.191681971843696317e+02
1.721393171759129359e+01 3.400342338781898093e+02 3.274203210415013473e+03 2.082326696037854674e+02
1.630461257652395801e+01 3.415107709074848685e+02 3.354195936597302079e+03 2.117882644195296677e+02
1.788586573762815135e+01 3.565881893295193095e+02 3.058900072646851640e+03 1.964526081909835398e+02
1.788586573762815135e+01 3.565881893295193095e+02 3.058900072646851640e+03 1.964526081909835398e+02
1.788586573762815135e+01 3.565881893295193095e+02 3.058900072646851640e+03 1.964526081909835398e+02
1.788586573762815135e+01 3.565881893295193095e+02 3.058900072646851640e+03 1.964526081909835398e+02
1.765314592505728086e+01 3.502306156772553436e+02 3.072057348340832505e+03 2.000655902372906212e+02
1.718105514169998571e+01 3.441769674214730230e+02 3.081046239627748037e+03 2.053088142070470781e+02
1.718105514169998571e+01 3.441769674214730230e+02 3.081046239627748037e+03 2.053088142070470781e+02
1.718105514169998571e+01 3.441769674214730230e+02 3.081046239627748037e+03 2.053088142070470781e+02
1.718105514169998571e+01 3.441769674214730230e+02 3.081046239627748037e+03 2.053088142070470781e+02
1.718105514169998571e+01 3.441769674214730230e+02 3.081046239627748037e+03 2.053088142070470781e+02
1.711757073082356584e+01 3.425114580334417269e+02 3.105630818821825414e+03 2.050959596580825064e+02
1.711757073082356584e+01 3.425114580334417269e+02 3.105630818821825414e+03 2.050959596580825064e+02
1.716921842530704012e+01 3.479936512391834071e+02 2.902121691876689511e+03 2.145423743593590586e+02
1.671240564109853111e+01 3.448925933272223574e+02 2.907561696347040652e+03 2.169475613234967000e+02
1.711483963499263083e+01 3.488899001514527640e+02 2.757527105541334095e+03 2.114057405219652992e+02
1.779110276728233231e+01 3.553010373449076837e+02 2.531545550426154023e+03 2.064654807301479025e+02
1.779110276728233231e+01 3.553010373449076837e+02 2.531545550426154023e+03 2.064654807301479025e+02
1.782250898333846933e+01 3.497788149343400050e+02 2.512852948084146192e+03 2.089161097433680823e+02
1.749870839038496584e+01 3.110074887484589681e+02 2.572310883721786013e+03 2.269581643739231254e+02
1.749870839038496584e+01 3.110074887484589681e+02 2.572310883721786013e+03 2.269581643739231254e+02
1.749870839038496584e+01 3.110074887484589681e+02 2.572310883721786013e+03 2.269581643739231254e+02
1.787417803059842214e+01 3.182876487310018092e+02 2.527670921774874387e+03 2.209907394619642389e+02
1.781757447465703592e+01 3.261177029949976145e+02 2.234717099566366414e+03 2.070380983753298665e+02
1.781757447465703592e+01 3.261177029949976145e+02 2.234717099566366414e+03 2.070380983753298665e+02
1.781757447465703592e+01 3.261177029949976145e+02 2.234717099566366414e+03 2.070380983753298665e+02
1.780451768960629266e+01 3.323772243266348596e+02 2.123977077685808581e+03 2.115104244148286625e+02
1.759077422347530018e+01 3.251049293039424128e+02 1.689685354460491681e+03 2.102683497350193136e+02
1.759077422347530018e+01 3.251049293039424128e+02 1.689685354460491681e+03 2.102683497350193136e+02
1.691725211773653825e+01 3.170404639184114899e+02 1.634854160598813905e+03 2.088455822841765155e+02
1.691725211773653825e+01 3.170404639184114899e+02 1.634854160598813905e+03 2.088455822841765155e+02
1.691725211773653825e+01 3.170404639184114899e+02 1.634854160598813905e+03 2.088455822841765155e+02
1.691725211773653825e+01 3.170404639184114899e+02 1.634854160598813905e+03 2.088455822841765155e+02
1.691725211773653825e+01 3.170404639184114899e+02 1.634854160598813905e+03 2.088455822841765155e+02
1.691725211773653825e+01 3.170404639184114899e+02 1.634854160598813905e+03 2.088455822841765155e+02
1.711451949853725552e+01 2.780502231019978581e+02 1.345368059606096267e+03 2.105795381064554022e+02
1.711451949853725552e+01 2.780502231019978581e+02 1.345368059606096267e+03 2.105795381064554022e+02
1.748026377909668838e+01 2.690035484975392706e+02 1.310604151856968201e+03 2.162048006069615553e+02
1.748026377909668838e+01 2.690035484975392706e+02 1.310604151856968201e+03 2.162048006069615553e+02
1.708468369033076684e+01 2.798534497711883091e+02 1.210423459628008914e+03 2.142760611083057825e+02
1.803775850139037118e+01 2.863802580023110522e+02 1.144330011959351168e+03 2.050861908785587957e+02
1.785323582558701005e+01 2.904856947341970681e+02 1.165412565502596635e+03 2.007800976716320065e+02
1.845921740220391882e+01 2.712496671941191835e+02 9.101014570909408121e+02 2.056385851130214633e+02
1.845921740220391882e+01 2.712496671941191835e+02 9.101014570909408121e+02 2.056385851130214633e+02
1.802230443012226857e+01 2.438076941212620454e+02 9.151224055132083777e+02 2.209592643591091417e+02
1.767524656906973846e+01 2.424665175841402061e+02 8.852046482330957815e+02 2.193395456173930427e+02
1.757010057885712584e+01 2.543402142251225371e+02 8.084250600257687438e+02 2.158560801816376511e+02
1.757010057885712584e+01 2.543402142251225371e+02 8.084250600257687438e+02 2.158560801816376511e+02
1.757010057885712584e+01 2.543402142251225371e+02 8.084250600257687438e+02 2.158560801816376511e+02
1.757010057885712584e+01 2.543402142251225371e+02 8.084250600257687438e+02 2.158560801816376511e+02
1.757010057885712584e+01 2.543402142251225371e+02 8.084250600257687438e+02 2.158560801816376511e+02
1.757010057885712584e+01 2.543402142251225371e+02 8.084250600257687438e+02 2.158560801816376511e+02
1.757010057885712584e+01 2.543402142251225371e+02 8.084250600257687438e+02 2.158560801816376511e+02
1.757010057885712584e+01 2.543402142251225371e+02 8.084250600257687438e+02 2.158560801816376511e+02
1.729601291602411806e+01 2.491256305350651132e+02 8.069647767131671117e+02 2.165777886602602962e+02
1.729601291602411806e+01 2.491256305350651132e+02 8.069647767131671117e+02 2.165777886602602962e+02
1.699984411211492485e+01 2.584477080572743830e+02 7.827775807019049807e+02 2.147825808386512563e+02
1.707932859448544249e+01 2.487619372318742137e+02 5.416605538898232908e+02 2.075347902684653718e+02
1.707932859448544249e+01 2.487619372318742137e+02 5.416605538898232908e+02 2.075347902684653718e+02
1.707932859448544249e+01 2.487619372318742137e+02 5.416605538898232908e+02 2.075347902684653718e+02
2.030551662337064300e+01 2.704054550540823811e+02 9.258954027971897460e+01 1.820880150870962950e+02
2.030551662337064300e+01 2.704054550540823811e+02 9.258954027971897460e+01 1.820880150870962950e+02
2.016265068925067183e+01 2.731852522821036473e+02 8.121377694977419992e+01 1.892571715528618483e+02
2.016265068925067183e+01 2.731852522821036473e+02 8.121377694977419992e+01 1.892571715528618483e+02
2.016265068925067183e+01 2.731852522821036473e+02 8.121377694977419992e+01 1.892571715528618483e+02
2.022031748503420445e+01 2.686213577392144316e+02 6.763984063474315178e+01 1.882680510344697495e+02
2.022031748503420445e+01 2.686213577392144316e+02 6.763984063474315178e+01 1.882680510344697495e+02
1.743591875630959365e+01 2.406244656761879810e+02 6.816887586731955651e+01 1.981306322992411708e+02
1.743591875630959365e+01 2.406244656761879810e+02 6.816887586731955651e+01 1.981306322992411708e+02
1.743591875630959365e+01 2.406244656761879810e+02 6.816887586731955651e+01 1.981306322992411708e+02
1.743591875630959365e+01 2.406244656761879810e+02 6.816887586731955651e+01 1.981306322992411708e+02
1.743591875630959365e+01 2.406244656761879810e+02 6.816887586731955651e+01 1.981306322992411708e+02
1.793784265934094435e+01 2.405170971218179261e+02 6.213117711638391683e+01 1.993432261064421311e+02
1.793784265934094435e+01 2.405170971218179261e+02 6.213117711638391683e+01 1.993432261064421311e+02
1.793784265934094435e+01 2.405170971218179261e+02 6.213117711638391683e+01 1.993432261064421311e+02
1.793784265934094435e+01 2.405170971218179261e+02 6.213117711638391683e+01 1.993432261064421311e+02
1.793784265934094435e+01 2.405170971218179261e+02 6.213117711638391683e+01 1.993432261064421311e+02
1.793784265934094435e+01 2.405170971218179261e+02 6.213117711638391683e+01 1.993432261064421311e+02
1.793784265934094435e+01 2.405170971218179261e+02 6.213117711638391683e+01 1.993432261064421311e+02
1.793784265934094435e+01 2.405170971218179261e+02 6.213117711638391683e+01 1.993432261064421311e+02
1.793784265934094435e+01 2.405170971218179261e+02 6.213117711638391683e+01 1.993432261064421311e+02
1.793784265934094435e+01 2.405170971218179261e+02 6.213117711638391683e+01 1.993432261064421311e+02
1.793784265934094435e+01 2.405170971218179261e+02 6.213117711638391683e+01 1.993432261064421311e+02
1.793784265934094435e+01 2.405170971218179261e+02 6.213117711638391683e+01 1.993432261064421311e+02
1.793784265934094435e+01 2.405170971218179261e+02 6.213117711638391683e+01 1.993432261064421311e+02
1.793784265934094435e+01 2.405170971218179261e+02 6.213117711638391683e+01 1.993432261064421311e+02
1.793784265934094435e+01 2.405170971218179261e+02 6.213117711638391683e+01 1.993432261064421311e+02
1.793784265934094435e+01 2.405170971218179261e+02 6.213117711638391683e+01 1.993432261064421311e+02
1.793784265934094435e+01 2.405170971218179261e+02 6.213117711638391683e+01 1.993432261064421311e+02
1.793784265934094435e+01 2.405170971218179261e+02 6.213117711638391683e+01 1.993432261064421311e+02
1.793784265934094435e+01 2.405170971218179261e+02 6.213117711638391683e+01 1.993432261064421311e+02
1.793784265934094435e+01 2.405170971218179261e+02 6.213117711638391683e+01 1.993432261064421311e+02
1.793784265934094435e+01 2.405170971218179261e+02 6.213117711638391683e+01 1.993432261064421311e+02
1.793784265934094435e+01 2.405170971218179261e+02 6.213117711638391683e+01 1.993432261064421311e+02
1.793784265934094435e+01 2.405170971218179261e+02 6.213117711638391683e+01 1.993432261064421311e+02
1.802015370394653004e+01 2.504746151015955036e+02 6.103652506149400381e+01 1.943722916119754984e+02
1.802015370394653004e+01 2.504746151015955036e+02 6.103652506149400381e+01 1.943722916119754984e+02
1.802015370394653004e+01 2.504746151015955036e+02 6.103652506149400381e+01 1.943722916119754984e+02
1.802015370394653004e+01 2.504746151015955036e+02 6.103652506149400381e+01 1.943722916119754984e+02
1.802015370394653004e+01 2.504746151015955036e+02 6.103652506149400381e+01 1.943722916119754984e+02
1.802015370394653004e+01 2.504746151015955036e+02 6.103652506149400381e+01 1.943722916119754984e+02
1.802015370394653004e+01 2.504746151015955036e+02 6.103652506149400381e+01 1.943722916119754984e+02
1.802015370394653004e+01 2.504746151015955036e+02 6.103652506149400381e+01 1.943722916119754984e+02
1.802015370394653004e+01 2.504746151015955036e+02 6.103652506149400381e+01 1.943722916119754984e+02
1.802015370394653004e+01 2.504746151015955036e+02 6.103652506149400381e+01 1.943722916119754984e+02
1.802015370394653004e+01 2.504746151015955036e+02 6.103652506149400381e+01 1.943722916119754984e+02
1.802015370394653004e+01 2.504746151015955036e+02 6.103652506149400381e+01 1.943722916119754984e+02
1.802015370394653004e+01 2.504746151015955036e+02 6.103652506149400381e+01 1.943722916119754984e+02
1.802015370394653004e+01 2.504746151015955036e+02 6.103652506149400381e+01 1.943722916119754984e+02
1.802015370394653004e+01 2.504746151015955036e+02 6.103652506149400381e+01 1.943722916119754984e+02
1.802015370394653004e+01 2.504746151015955036e+02 6.103652506149400381e+01 1.943722916119754984e+02
1.769714933229802867e+01 2.394176220151175016e+02 6.394426937990179738e+01 1.924262474477840499e+02
1.769714933229802867e+01 2.394176220151175016e+02 6.394426937990179738e+01 1.924262474477840499e+02
1.769714933229802867e+01 2.394176220151175016e+02 6.394426937990179738e+01 1.924262474477840499e+02
1.769714933229802867e+01 2.394176220151175016e+02 6.394426937990179738e+01 1.924262474477840499e+02
1.769714933229802867e+01 2.394176220151175016e+02 6.394426937990179738e+01 1.924262474477840499e+02
1.769714933229802867e+01 2.394176220151175016e+02 6.394426937990179738e+01 1.924262474477840499e+02
1.769714933229802867e+01 2.394176220151175016e+02 6.394426937990179738e+01 1.924262474477840499e+02
1.769714933229802867e+01 2.394176220151175016e+02 6.394426937990179738e+01 1.924262474477840499e+02
1.769714933229802867e+01 2.394176220151175016e+02 6.394426937990179738e+01 1.924262474477840499e+02
1.769714933229802867e+01 2.394176220151175016e+02 6.394426937990179738e+01 1.924262474477840499e+02
1.769714933229802867e+01 2.394176220151175016e+02 6.394426937990179738e+01 1.924262474477840499e+02
1.782431820294948110e+01 2.301513678600225887e+02 6.391973527680899281e+01 1.909826038877358201e+02
1.782431820294948110e+01 2.301513678600225887e+02 6.391973527680899281e+01 1.909826038877358201e+02
1.782431820294948110e+01 2.301513678600225887e+02 6.391973527680899281e+01 1.909826038877358201e+02
1.782431820294948110e+01 2.301513678600225887e+02 6.391973527680899281e+01 1.909826038877358201e+02
1.782431820294948110e+01 2.301513678600225887e+02 6.391973527680899281e+01 1.909826038877358201e+02
1.689924007072039913e+01 2.316849035449744463e+02 5.987879369208010161e+01 1.973736149832054991e+02
1.689924007072039913e+01 2.316849035449744463e+02 5.987879369208010161e+01 1.973736149832054991e+02
1.689924007072039913e+01 2.316849035449744463e+02 5.987879369208010161e+01 1.973736149832054991e+02
1.689924007072039913e+01 2.316849035449744463e+02 5.987879369208010161e+01 1.973736149832054991e+02
1.689924007072039913e+01 2.316849035449744463e+02 5.987879369208010161e+01 1.973736149832054991e+02
1.689924007072039913e+01 2.316849035449744463e+02 5.987879369208010161e+01 1.973736149832054991e+02
1.689924007072039913e+01 2.316849035449744463e+02 5.987879369208010161e+01 1.973736149832054991e+02
1.689924007072039913e+01 2.316849035449744463e+02 5.987879369208010161e+01 1.973736149832054991e+02
1.689924007072039913e+01 2.316849035449744463e+02 5.987879369208010161e+01 1.973736149832054991e+02
1.689924007072039913e+01 2.316849035449744463e+02 5.987879369208010161e+01 1.973736149832054991e+02
1.689924007072039913e+01 2.316849035449744463e+02 5.987879369208010161e+01 1.973736149832054991e+02
1.747847164089892402e+01 2.270131609321796304e+02 6.044060785325071805e+01 1.926401455437361960e+02
1.747847164089892402e+01 2.270131609321796304e+02 6.044060785325071805e+01 1.926401455437361960e+02
1.747847164089892402e+01 2.270131609321796304e+02 6.044060785325071805e+01 1.926401455437361960e+02
1.747847164089892402e+01 2.270131609321796304e+02 6.044060785325071805e+01 1.926401455437361960e+02
1.747847164089892402e+01 2.270131609321796304e+02 6.044060785325071805e+01 1.926401455437361960e+02
1.747847164089892402e+01 2.270131609321796304e+02 6.044060785325071805e+01 1.926401455437361960e+02
1.747847164089892402e+01 2.270131609321796304e+02 6.044060785325071805e+01 1.926401455437361960e+02
1.747847164089892402e+01 2.270131609321796304e+02 6.044060785325071805e+01 1.926401455437361960e+02
1.747847164089892402e+01 2.270131609321796304e+02 6.044060785325071805e+01 1.926401455437361960e+02
1.747847164089892402e+01 2.270131609321796304e+02 6.044060785325071805e+01 1.926401455437361960e+02
1.747847164089892402e+01 2.270131609321796304e+02 6.044060785325071805e+01 1.926401455437361960e+02
1.747847164089892402e+01 2.270131609321796304e+02 6.044060785325071805e+01 1.926401455437361960e+02
1.747847164089892402e+01 2.270131609321796304e+02 6.044060785325071805e+01 1.926401455437361960e+02
1.747847164089892402e+01 2.270131609321796304e+02 6.044060785325071805e+01 1.926401455437361960e+02
1.747847164089892402e+01 2.270131609321796304e+02 6.044060785325071805e+01 1.926401455437361960e+02
1.747847164089892402e+01 2.270131609321796304e+02 6.044060785325071805e+01 1.926401455437361960e+02
1.747847164089892402e+01 2.270131609321796304e+02 6.044060785325071805e+01 1.926401455437361960e+02
1.747847164089892402e+01 2.270131609321796304e+02 6.044060785325071805e+01 1.926401455437361960e+02
1.747847164089892402e+01 2.270131609321796304e+02 6.044060785325071805e+01 1.926401455437361960e+02
1.747847164089892402e+01 2.270131609321796304e+02 6.044060785325071805e+01 1.926401455437361960e+02
1.747847164089892402e+01 2.270131609321796304e+02 6.044060785325071805e+01 1.926401455437361960e+02
1.747847164089892402e+01 2.270131609321796304e+02 6.044060785325071805e+01 1.926401455437361960e+02
1.747847164089892402e+01 2.270131609321796304e+02 6.044060785325071805e+01 1.926401455437361960e+02
1.747847164089892402e+01 2.270131609321796304e+02 6.044060785325071805e+01 1.926401455437361960e+02
1.747847164089892402e+01 2.270131609321796304e+02 6.044060785325071805e+01 1.926401455437361960e+02
1.747847164089892402e+01 2.270131609321796304e+02 6.044060785325071805e+01 1.926401455437361960e+02
1.747847164089892402e+01 2.270131609321796304e+02 6.044060785325071805e+01 1.926401455437361960e+02
1.747847164089892402e+01 2.270131609321796304e+02 6.044060785325071805e+01 1.926401455437361960e+02
1.747847164089892402e+01 2.270131609321796304e+02 6.044060785325071805e+01 1.926401455437361960e+02
1.747847164089892402e+01 2.270131609321796304e+02 6.044060785325071805e+01 1.926401455437361960e+02
1.747847164089892402e+01 2.270131609321796304e+02 6.044060785325071805e+01 1.926401455437361960e+02
1.747847164089892402e+01 2.270131609321796304e+02 6.044060785325071805e+01 1.926401455437361960e+02
1.747847164089892402e+01 2.270131609321796304e+02 6.044060785325071805e+01 1.926401455437361960e+02
1.747847164089892402e+01 2.270131609321796304e+02 6.044060785325071805e+01 1.926401455437361960e+02
1.747847164089892402e+01 2.270131609321796304e+02 6.044060785325071805e+01 1.926401455437361960e+02
1.747847164089892402e+01 2.270131609321796304e+02 6.044060785325071805e+01 1.926401455437361960e+02
1.747847164089892402e+01 2.270131609321796304e+02 6.044060785325071805e+01 1.926401455437361960e+02
1.747847164089892402e+01 2.270131609321796304e+02 6.044060785325071805e+01 1.926401455437361960e+02
1.747847164089892402e+01 2.270131609321796304e+02 6.044060785325071805e+01 1.926401455437361960e+02
1.747847164089892402e+01 2.270131609321796304e+02 6.044060785325071805e+01 1.926401455437361960e+02
1.747847164089892402e+01 2.270131609321796304e+02 6.044060785325071805e+01 1.926401455437361960e+02
1.747847164089892402e+01 2.270131609321796304e+02 6.044060785325071805e+01 1.926401455437361960e+02
1.747847164089892402e+01 2.270131609321796304e+02 6.044060785325071805e+01 1.926401455437361960e+02
1.747847164089892402e+01 2.270131609321796304e+02 6.044060785325071805e+01 1.926401455437361960e+02
1.747847164089892402e+01 2.270131609321796304e+02 6.044060785325071805e+01 1.926401455437361960e+02
1.726878327199652219e+01 2.277988582916127314e+02 6.023344522419375124e+01 1.931840712753726734e+02
1.726878327199652219e+01 2.277988582916127314e+02 6.023344522419375124e+01 1.931840712753726734e+02
1.726878327199652219e+01 2.277988582916127314e+02 6.023344522419375124e+01 1.931840712753726734e+02
1.726878327199652219e+01 2.277988582916127314e+02 6.023344522419375124e+01 1.931840712753726734e+02
1.726878327199652219e+01 2.277988582916127314e+02 6.023344522419375124e+01 1.931840712753726734e+02
1.726878327199652219e+01 2.277988582916127314e+02 6.023344522419375124e+01 1.931840712753726734e+02
1.726878327199652219e+01 2.277988582916127314e+02 6.023344522419375124e+01 1.931840712753726734e+02
1.726878327199652219e+01 2.277988582916127314e+02 6.023344522419375124e+01 1.931840712753726734e+02
1.726878327199652219e+01 2.277988582916127314e+02 6.023344522419375124e+01 1.931840712753726734e+02
1.726878327199652219e+01 2.277988582916127314e+02 6.023344522419375124e+01 1.931840712753726734e+02
1.726878327199652219e+01 2.277988582916127314e+02 6.023344522419375124e+01 1.931840712753726734e+02
1.726878327199652219e+01 2.277988582916127314e+02 6.023344522419375124e+01 1.931840712753726734e+02
1.726878327199652219e+01 2.277988582916127314e+02 6.023344522419375124e+01 1.931840712753726734e+02
1.726878327199652219e+01 2.277988582916127314e+02 6.023344522419375124e+01 1.931840712753726734e+02
1.726878327199652219e+01 2.277988582916127314e+02 6.023344522419375124e+01 1.931840712753726734e+02
1.782189420968266447e+01 2.105519490747497002e+02 6.243384954037129120e+01 1.960020457772325813e+02
1.782189420968266447e+01 2.105519490747497002e+02 6.243384954037129120e+01 1.960020457772325813e+02
1.782189420968266447e+01 2.105519490747497002e+02 6.243384954037129120e+01 1.960020457772325813e+02
1.782189420968266447e+01 2.105519490747497002e+02 6.243384954037129120e+01 1.960020457772325813e+02
1.782189420968266447e+01 2.105519490747497002e+02 6.243384954037129120e+01 1.960020457772325813e+02
1.782189420968266447e+01 2.105519490747497002e+02 6.243384954037129120e+01 1.960020457772325813e+02
1.782189420968266447e+01 2.105519490747497002e+02 6.243384954037129120e+01 1.960020457772325813e+02
1.782189420968266447e+01 2.105519490747497002e+02 6.243384954037129120e+01 1.960020457772325813e+02
1.782189420968266447e+01 2.105519490747497002e+02 6.243384954037129120e+01 1.960020457772325813e+02
1.782189420968266447e+01 2.105519490747497002e+02 6.243384954037129120e+01 1.960020457772325813e+02
1.782189420968266447e+01 2.105519490747497002e+02 6.243384954037129120e+01 1.960020457772325813e+02
1.791381341935896998e+01 2.117797001979955098e+02 6.020008428397054701e+01 1.958993929399497063e+02
1.791381341935896998e+01 2.117797001979955098e+02 6.020008428397054701e+01 1.958993929399497063e+02
1.791381341935896998e+01 2.117797001979955098e+02 6.020008428397054701e+01 1.958993929399497063e+02
1.791381341935896998e+01 2.117797001979955098e+02 6.020008428397054701e+01 1.958993929399497063e+02
1.791381341935896998e+01 2.117797001979955098e+02 6.020008428397054701e+01 1.958993929399497063e+02
1.791381341935896998e+01 2.117797001979955098e+02 6.020008428397054701e+01 1.958993929399497063e+02
1.791381341935896998e+01 2.117797001979955098e+02 6.020008428397054701e+01 1.958993929399497063e+02
1.791381341935896998e+01 2.117797001979955098e+02 6.020008428397054701e+01 1.958993929399497063e+02
1.791381341935896998e+01 2.117797001979955098e+02 6.020008428397054701e+01 1.958993929399497063e+02
1.791381341935896998e+01 2.117797001979955098e+02 6.020008428397054701e+01 1.958993929399497063e+02
1.791381341935896998e+01 2.117797001979955098e+02 6.020008428397054701e+01 1.958993929399497063e+02
1.791381341935896998e+01 2.117797001979955098e+02 6.020008428397054701e+01 1.958993929399497063e+02
1.791381341935896998e+01 2.117797001979955098e+02 6.020008428397054701e+01 1.958993929399497063e+02
1.791381341935896998e+01 2.117797001979955098e+02 6.020008428397054701e+01 1.958993929399497063e+02
1.791381341935896998e+01 2.117797001979955098e+02 6.020008428397054701e+01 1.958993929399497063e+02
1.791381341935896998e+01 2.117797001979955098e+02 6.020008428397054701e+01 1.958993929399497063e+02
1.791381341935896998e+01 2.117797001979955098e+02 6.020008428397054701e+01 1.958993929399497063e+02
1.791381341935896998e+01 2.117797001979955098e+02 6.020008428397054701e+01 1.958993929399497063e+02
1.791381341935896998e+01 2.117797001979955098e+02 6.020008428397054701e+01 1.958993929399497063e+02
1.791381341935896998e+01 2.117797001979955098e+02 6.020008428397054701e+01 1.958993929399497063e+02
1.791381341935896998e+01 2.117797001979955098e+02 6.020008428397054701e+01 1.958993929399497063e+02
1.791381341935896998e+01 2.117797001979955098e+02 6.020008428397054701e+01 1.958993929399497063e+02
1.791381341935896998e+01 2.117797001979955098e+02 6.020008428397054701e+01 1.958993929399497063e+02
1.791381341935896998e+01 2.117797001979955098e+02 6.020008428397054701e+01 1.958993929399497063e+02
1.791381341935896998e+01 2.117797001979955098e+02 6.020008428397054701e+01 1.958993929399497063e+02
1.791381341935896998e+01 2.117797001979955098e+02 6.020008428397054701e+01 1.958993929399497063e+02
1.791381341935896998e+01 2.117797001979955098e+02 6.020008428397054701e+01 1.958993929399497063e+02
1.791381341935896998e+01 2.117797001979955098e+02 6.020008428397054701e+01 1.958993929399497063e+02
1.791381341935896998e+01 2.117797001979955098e+02 6.020008428397054701e+01 1.958993929399497063e+02
1.791381341935896998e+01 2.117797001979955098e+02 6.020008428397054701e+01 1.958993929399497063e+02
1.791381341935896998e+01 2.117797001979955098e+02 6.020008428397054701e+01 1.958993929399497063e+02
1.791381341935896998e+01 2.117797001979955098e+02 6.020008428397054701e+01 1.958993929399497063e+02
1.791381341935896998e+01 2.117797001979955098e+02 6.020008428397054701e+01 1.958993929399497063e+02
1.791381341935896998e+01 2.117797001979955098e+02 6.020008428397054701e+01 1.958993929399497063e+02
1.791381341935896998e+01 2.117797001979955098e+02 6.020008428397054701e+01 1.958993929399497063e+02
1.791381341935896998e+01 2.117797001979955098e+02 6.020008428397054701e+01 1.958993929399497063e+02
1.791381341935896998e+01 2.117797001979955098e+02 6.020008428397054701e+01 1.958993929399497063e+02
1.791381341935896998e+01 2.117797001979955098e+02 6.020008428397054701e+01 1.958993929399497063e+02
1.791381341935896998e+01 2.117797001979955098e+02 6.020008428397054701e+01 1.958993929399497063e+02
1.791381341935896998e+01 2.117797001979955098e+02 6.020008428397054701e+01 1.958993929399497063e+02
1.791381341935896998e+01 2.117797001979955098e+02 6.020008428397054701e+01 1.958993929399497063e+02
1.791381341935896998e+01 2.117797001979955098e+02 6.020008428397054701e+01 1.958993929399497063e+02
1.791381341935896998e+01 2.117797001979955098e+02 6.020008428397054701e+01 1.958993929399497063e+02
1.791381341935896998e+01 2.117797001979955098e+02 6.020008428397054701e+01 1.958993929399497063e+02
1.791381341935896998e+01 2.117797001979955098e+02 6.020008428397054701e+01 1.958993929399497063e+02
1.791381341935896998e+01 2.117797001979955098e+02 6.020008428397054701e+01 1.958993929399497063e+02
