1.000000000000000000e+00 1.000000000000000000e+00 1.000000000000000000e+00 1.000000000000000000e+00
1.183835831796744981e-01 3.796413242010354683e-01 3.395382473093634417e+02 4.473765979565171719e-02
1.214862436423539138e-01 4.305098709453369366e-01 3.031670596610800885e+02 3.637401620672588154e-02
1.103319901821808030e-01 4.570922884592854007e-01 3.172218148466189973e+02 4.030347124518908475e-02
1.178075100490462851e-01 4.173423681752220227e-01 3.266133784630429204e+02 4.263245865059466649e-02
1.086017864952890100e-01 4.392268963255722136e-01 2.870477181764714487e+02 3.755679447582960934e-02
1.229478919392397590e-01 4.391326582026990333e-01 2.801215227238992043e+02 4.363892926475937406e-02
1.125185986071439714e-01 4.721448329672865984e-01 2.844069745910240385e+02 3.640710622485002906e-02
1.271048512489529880e-01 4.027149859258725151e-01 3.016927445627358679e+02 3.881802876952363673e-02
1.167549840226025787e-01 3.875611167571919036e-01 2.947061326523510729e+02 3.701667208236484458e-02
1.151303840401457501e-01 3.900614141698201531e-01 3.093979600352367356e+02 3.709843850878172256e-02
1.200791414075054048e-01 4.487519621913993451e-01 2.956608746309507296e+02 4.021052186507356740e-02
1.226478822191203466e-01 3.975919582553252285e-01 2.887855329597210243e+02 3.631731282927910115e-02
1.201551663821650434e-01 3.918736262939948589e-01 2.896539393559354494e+02 3.994556819571947609e-02
7.291517535007106809e-02 3.909370716575923388e-01 2.647504055341248659e+02 5.462541940329262297e-02
7.392431892091357037e-02 3.159734115023171142e-01 2.095184763424853713e+02 5.237096072459141577e-02
7.862667889738188254e-02 3.022775369996292816e-01 2.193101428371605550e+02 5.587465012901305511e-02
7.012385531775948422e-02 3.336515206194995420e-01 2.304857907103147454e+02 5.328126035732266147e-02
7.156416234137785715e-02 3.111513526350970782e-01 2.190041273159487503e+02 5.261620974156942798e-02
6.771101282386991771e-02 3.412354082583807791e-01 2.530361203997663040e+02 5.122216428812557953e-02
7.496755161258714106e-02 3.011637911453352578e-01 2.271746019951749815e+02 5.390284626228140225e-02
7.541082648964915480e-02 2.707854186481629122e-01 2.490461576139807107e+02 5.262813422995066964e-02
6.126186971220617256e-02 3.686808397066552723e-01 1.996916053053273856e+02 6.622177524502918800e-02
6.135228093617118433e-02 3.392170437522877280e-01 1.872671691517216743e+02 6.654646702437978789e-02
6.781896403939675910e-02 3.754044508951470682e-01 1.868035198812735587e+02 6.280430458941725635e-02
6.603790848598277419e-02 3.119296506535234048e-01 2.129483641395860616e+02 5.985339000447027769e-02
6.261783123678753282e-02 3.252831405073858262e-01 2.021028478126637253e+02 6.202491225947031478e-02
6.642788492981031856e-02 3.206788606211632420e-01 2.019933024192031041e+02 6.111087373994735644e-02
6.292210014711616117e-02 3.401333027233933159e-01 1.903427649453825552e+02 5.389994589186106189e-02
6.386272870934067702e-02 3.644732672625892733e-01 2.038771126595626129e+02 5.653119871227411247e-02
5.906803766480448609e-02 3.482682847805624871e-01 1.856273680014357410e+02 6.792930856688791930e-02
5.219815606842150707e-02 3.766431821825554915e-01 1.822175989378841336e+02 6.146779062391447696e-02
5.467399132657445315e-02 4.124753289135104084e-01 1.693934692748279360e+02 6.723263045130173365e-02
5.847909363082259837e-02 3.471341120756155640e-01 1.877939849753952615e+02 5.660857931352041017e-02
4.948757501430799816e-02 3.550361867835662988e-01 1.899357700515229510e+02 6.546185554631293868e-02
5.411357511018358851e-02 3.530723211999204358e-01 1.983183901204448034e+02 5.863063080499165969e-02
5.568386990261896957e-02 3.668885556473569509e-01 1.823032436568822163e+02 5.565468353391980066e-02
5.427159259042269035e-02 3.261208019643197509e-01 1.924109119358035116e+02 5.580307126540852425e-02
5.747664284268469426e-02 3.795631468420466725e-01 1.778738073488179907e+02 5.359708756768883503e-02
5.987150064025192897e-02 3.683168101745196710e-01 1.854198769112568641e+02 5.632934480559754348e-02
5.730193647617415342e-02 3.663202918071011838e-01 1.711174707127523504e+02 5.960211523628308750e-02
5.270409258483534781e-02 3.760525128975070741e-01 1.812860504507902135e+02 6.594535545809106225e-02
6.040098308370586699e-02 3.687699536387493704e-01 1.751180573374568610e+02 6.390764564677241244e-02
6.119922273069598739e-02 3.341756459273041435e-01 1.763195440166608137e+02 6.209289712602417133e-02
5.464698268783389767e-02 3.499487910786387990e-01 1.803915350905405433e+02 5.730453164686978573e-02
5.734354181317236759e-02 3.483145770665681540e-01 1.773208876917057921e+02 6.131442423968245375e-02
5.497949156504127605e-02 3.603715665904997367e-01 1.840274283814797229e+02 6.186423858547773769e-02
5.435835339936782168e-02 3.574058402656182798e-01 1.688645982131883159e+02 6.409411396849726272e-02
5.689420858945967718e-02 3.679427181997771967e-01 1.749371806790439052e+02 6.065689056872326096e-02
5.796815190644455384e-02 3.733973687774855277e-01 1.578113183223348130e+02 5.713378975004659160e-02
5.886248356820661387e-02 3.649636409813505900e-01 1.897267190161074382e+02 6.279222908021529770e-02
5.912887431621009077e-02 4.002057492435801000e-01 1.862215043990452727e+02 5.636090267985244956e-02
5.856600497435569819e-02 3.724382490369702037e-01 1.879484332477967428e+02 5.990198730154740192e-02
6.010483696136567633e-02 3.434159195766179340e-01 1.792763472787585783e+02 6.038168561697453141e-02
5.436026246654616229e-02 3.811631738592848873e-01 1.710231254654314341e+02 6.533593008399928015e-02
5.313503655141454951e-02 3.566291436914038049e-01 1.852956966165622248e+02 6.324542527659823832e-02
5.916891578961206571e-02 3.490749828970342583e-01 1.821093625073940245e+02 6.277549248996666664e-02
5.434969870747784898e-02 3.899540125586998252e-01 1.781383615384166603e+02 6.255623064301217562e-02
5.694522941792105192e-02 3.635215872886345956e-01 1.821974119154245670e+02 5.743134057736918457e-02
6.207851411878587133e-02 3.504750258479171210e-01 1.832296410733677874e+02 5.788022163818895560e-02
5.926387021635825397e-02 3.987071244882422483e-01 1.919626149988327484e+02 6.355899937487582974e-02
5.642061105856069347e-02 3.840424241522481519e-01 1.715013065724472483e+02 6.758461889018796409e-02
5.805175591387716494e-02 3.523165370036126509e-01 1.771418072116612450e+02 6.518570771944831588e-02
5.354170611359791720e-02 3.622374696047877540e-01 1.857280078116266964e+02 5.824466867973899370e-02
5.728037654018195562e-02 3.522194427727967647e-01 1.656760742534593476e+02 6.209321082671814124e-02
5.546344878835365172e-02 3.682712327202576907e-01 1.872120582909562359e+02 5.816620911215737016e-02
5.249579499025675694e-02 3.679982924412452117e-01 2.060806294477766585e+02 6.511435866713656540e-02
5.744165742209809966e-02 3.501346599468427301e-01 1.621006973385128731e+02 6.149043154512627563e-02
6.003003760487056473e-02 3.563675336497161839e-01 2.036592397626435513e+02 5.878843538023463544e-02
5.604355122447932103e-02 3.397123740023064165e-01 1.902491013586052873e+02 5.954920145271036525e-02
5.677150012014991337e-02 3.309019681734882701e-01 1.749175631428193753e+02 5.908250245035052278e-02
5.124947757710887619e-02 3.626107937423558303e-01 1.658233016566062759e+02 5.811390396901912336e-02
6.042793015134764745e-02 3.901448317838981383e-01 1.700164908123913960e+02 6.946686477581531793e-02
6.186636308963516101e-02 3.631955751471250271e-01 1.834220754117563388e+02 6.929067626632900989e-02
5.898165738806791097e-02 3.858409887520202197e-01 1.708863875719347618e+02 6.306007218615165832e-02
5.961111531391157653e-02 3.827523299051119321e-01 1.853318627547161270e+02 6.613670388642380049e-02
5.470458394220365644e-02 3.655445809380628575e-01 1.716305834567008333e+02 6.057969212486546962e-02
5.414784711113719562e-02 3.336969991730313057e-01 1.968179238934466184e+02 6.053834318453347324e-02
5.897877522976337217e-02 3.518120430401259213e-01 1.865085127786247483e+02 6.176661379748595720e-02
5.478979413958512401e-02 3.713699504084890246e-01 1.791121361051172869e+02 6.057886876332933823e-02
5.096426704687841147e-02 3.911413945327638642e-01 1.750138421936016186e+02 6.169132502469611146e-02
6.120972372727075811e-02 4.067450609850237209e-01 1.875368998535692810e+02 6.151994385344290717e-02
5.973150019036176789e-02 3.571185563574187372e-01 1.934473042297280756e+02 6.978686764203748116e-02
5.647641770836952374e-02 3.464988115010670944e-01 1.729833087635279014e+02 6.317608729390621070e-02
5.608190627760561986e-02 3.685933183222729892e-01 1.853532362363352206e+02 6.074564663123756952e-02
5.984430620751836349e-02 3.952536049854931677e-01 1.889714720329299382e+02 5.819619037656834776e-02
6.139819337447362940e-02 3.657278135000806008e-01 1.664807667588005415e+02 6.196914904589980594e-02
5.974683553606446873e-02 3.521001282850999559e-01 1.697508496629112642e+02 6.287559743447176941e-02
5.960500428409275936e-02 3.884328774287648667e-01 1.898159529782197126e+02 6.641327625173980287e-02
5.222056931341571839e-02 3.181395740093780344e-01 1.623963171898149653e+02 7.781115440343742973e-02
4.958472850805461379e-02 3.153249729884716746e-01 1.690678797719806141e+02 7.946514165792556428e-02
6.342410219265257054e-02 2.794778310797535470e-01 1.615135886436824535e+02 8.035165570608492069e-02
5.518050954301581545e-02 3.025916359245616194e-01 1.528430700918897855e+02 7.011499985526620238e-02
5.906796789373890133e-02 2.975759938749341083e-01 1.547705714435677748e+02 7.339839632852851459e-02
5.513904214512571622e-02 3.175095147603262946e-01 1.535979126753265120e+02 8.075582987793598899e-02
5.093314985509744125e-02 2.892087185405046168e-01 1.677264244361997783e+02 7.761839788505199567e-02
5.616532220917501428e-02 3.131797932895077352e-01 1.668399835003486373e+02 7.808629890890222969e-02
5.370955345222003241e-02 3.109126813999127381e-01 1.506964988852650151e+02 6.637332274252094599e-02
5.183131923521126089e-02 2.970169925302981739e-01 1.419260014958563545e+02 7.095743806985529978e-02
4.991925388439728828e-02 2.954505735620558959e-01 1.605755837007723130e+02 7.935578551861743879e-02
5.350753891062669937e-02 2.681717530304638109e-01 1.538799230466427730e+02 6.503020363992821629e-02
4.992425335413120530e-02 2.644885714780736974e-01 1.608292874370408185e+02 7.507486330602526625e-02
5.515729882878202955e-02 2.825530639993183990e-01 1.564068790892990251e+02 6.928334482565022545e-02
5.805259050528115833e-02 2.720144495822341968e-01 1.515474719384003208e+02 7.124894198706471782e-02
5.618411068947282150e-02 3.052366151695881658e-01 1.503419765887847177e+02 7.502084747213225158e-02
5.336154195207182954e-02 2.899744173185218599e-01 1.591996062311430649e+02 7.280884127177426890e-02
5.985602095581785825e-02 2.913843174985458750e-01 1.512964859314176067e+02 6.984741458059499919e-02
5.295363598861777682e-02 2.877615890972761714e-01 1.544694059321817008e+02 7.727653237751799797e-02
5.813655471195795787e-02 2.876553373614736953e-01 1.475182633841965583e+02 8.240284380771641104e-02
5.844032054432699713e-02 3.072430659254887786e-01 1.546053724522573987e+02 8.688961731661465349e-02
5.573357980175939336e-02 2.864475012412938670e-01 1.400406874739729233e+02 8.348020825506466402e-02
5.504523798044165528e-02 3.045487329370585861e-01 1.468984403453223138e+02 7.951708377771987690e-02
4.786925685645176259e-02 2.627392867526663900e-01 1.491333430217062812e+02 7.275342625196697111e-02
5.274394891350306369e-02 2.943463056834743075e-01 1.478314824504226408e+02 7.502374527216880418e-02
5.050758246460960305e-02 3.058973090262965266e-01 1.622070723923603737e+02 8.030972267286667909e-02
5.178462590978986230e-02 3.267545723316917505e-01 1.405247243573699052e+02 7.912678527109287541e-02
4.914292990695379865e-02 2.993469549965006582e-01 1.400522303822621382e+02 7.996200487457968964e-02
5.000909662144573803e-02 2.925770090884224350e-01 1.394196651272648637e+02 7.452917939413655768e-02
5.196806331889645969e-02 2.930669512799663479e-01 1.411637327495542991e+02 8.120750931108246251e-02
4.727488869337646143e-02 2.666545762459738289e-01 1.410006147969785388e+02 7.566030860270285541e-02
5.452133612077823127e-02 2.883583541840138986e-01 1.382181596265263863e+02 8.254578709707308115e-02
5.106805619512325145e-02 2.874283752560550242e-01 1.475276335869120032e+02 7.485159063581499350e-02
5.228449188902052625e-02 2.790286783603754261e-01 1.535776829529259260e+02 7.435791823311636850e-02
5.102639195966032076e-02 3.125481521160506371e-01 1.368529259338538395e+02 7.792499390506578416e-02
4.739996901553367170e-02 2.857750923838330293e-01 1.332063921353974365e+02 8.618942557166864304e-02
5.027197544038548155e-02 2.862637924161793856e-01 1.476360014211718692e+02 7.763912500390636462e-02
5.248941393467121408e-02 3.148883900833576166e-01 1.418697906736508685e+02 7.341966554986946447e-02
5.340090160796872459e-02 2.948538373478762353e-01 1.396423700377194166e+02 7.221287273958548747e-02
4.890809274091580117e-02 2.759488745825835476e-01 1.334962619130436963e+02 7.852680758363420055e-02
4.849178238299654137e-02 3.024161121482779047e-01 1.398283964544079367e+02 7.462954916060240973e-02
5.796535809089573693e-02 3.174530738167641308e-01 1.433490863998857208e+02 8.097807604238980994e-02
4.710939471651287569e-02 2.804321077614342905e-01 1.535086943206387389e+02 7.359197809818644742e-02
4.686021157755036054e-02 2.985492496748275437e-01 1.476318927972656354e+02 8.712966181019750345e-02
4.707713265466648145e-02 3.035055845927520091e-01 1.497741041771998880e+02 7.104621767773028340e-02
4.848844237937211671e-02 2.912541138347863323e-01 1.598375254961509597e+02 8.575486613731125862e-02
4.694679519591266059e-02 2.997449669732136224e-01 1.363541859114722001e+02 8.232725158810466626e-02
4.569878117986023863e-02 3.155748238870739186e-01 1.622088593624374369e+02 7.790472909294618442e-02
4.938171595775824041e-02 3.302280552685264436e-01 1.550882969051256168e+02 7.587435466482532476e-02
4.612075307631951365e-02 3.115240750498162181e-01 1.452760721393096901e+02 7.794257263513718059e-02
4.861784648427330130e-02 3.138197448851837712e-01 1.507627729991419017e+02 7.894563243938713948e-02
4.551620452471404760e-02 2.905754038680113949e-01 1.564103064005860517e+02 7.955411473664922295e-02
4.456836930506673233e-02 3.272881662797100799e-01 1.578542570853151403e+02 7.690407675597975279e-02
4.614331601271253608e-02 2.624010185256654415e-01 1.433612428433321213e+02 7.224688654894663442e-02
5.226627496242451654e-02 2.932978972137111340e-01 1.464726075652367001e+02 7.651747865897540191e-02
4.526908508870967907e-02 2.737770688621969373e-01 1.384094589984240145e+02 8.668477856828926686e-02
4.803115793580760295e-02 2.831417717899270547e-01 1.481785372634489590e+02 7.233470228697420901e-02
4.645522136858712403e-02 3.052673983143174841e-01 1.411126550325307107e+02 7.391759945139232679e-02
5.628013764979417077e-02 3.035452960604243522e-01 1.582179524515132414e+02 7.776473164098264557e-02
5.052260239315492507e-02 2.901630510998247092e-01 1.468113869952759956e+02 6.953110331171040437e-02
5.274007070963235289e-02 3.124215136205258925e-01 1.384433439173695604e+02 7.527766048741497962e-02
4.992394977157008779e-02 2.731178285093414093e-01 1.504429764911274674e+02 7.142647819336055137e-02
5.055858714985121682e-02 2.807493311439432926e-01 1.400695957149460469e+02 7.802721228233595874e-02
5.400694051098109405e-02 2.776198135821067448e-01 1.442481404524633604e+02 7.779631433883134328e-02
5.196080955216928615e-02 2.958205822467718793e-01 1.378347284159500532e+02 6.982582555881122754e-02
4.373250798070638795e-02 2.969702153200933226e-01 1.506602962428758872e+02 7.186194749074338584e-02
4.731158630286173145e-02 2.767181034779460647e-01 1.496349203741922338e+02 7.122746280381762884e-02
4.503427178775559758e-02 2.935937056643109777e-01 1.465584087092099139e+02 7.380542768427271472e-02
5.110004557258710639e-02 2.828557325274859702e-01 1.386721014346854588e+02 7.524860661741164525e-02
4.949579698286896146e-02 2.756223638843169899e-01 1.624803489282319617e+02 6.747367803337293857e-02
4.731374244220358516e-02 3.002394375965724005e-01 1.417852250150936868e+02 7.535293577646851038e-02
5.306909097958618232e-02 2.676227295647443105e-01 1.369936166765326107e+02 7.573061594563343379e-02
5.130723704659951451e-02 2.690021016853093028e-01 1.349519607110174206e+02 7.488204671376889887e-02
4.976275599564369823e-02 3.138367246673960942e-01 1.528653827969392296e+02 7.364667308094319242e-02
4.591001082327691996e-02 2.729237075807838253e-01 1.500633101998255086e+02 7.491847709643303932e-02
4.781623148278679736e-02 2.785718397129290924e-01 1.507120404026697997e+02 6.892804409294547852e-02
5.094341650775967290e-02 3.094815440229741754e-01 1.433312602306878603e+02 7.091891357275631469e-02
5.266193830749336946e-02 3.094642913220301828e-01 1.555823300072403299e+02 7.192767420302594028e-02
5.134281207745793746e-02 3.076668602653188644e-01 1.455999577858160876e+02 7.299300631614134838e-02
5.108838995988269904e-02 2.801065552435093586e-01 1.452443312557472268e+02 7.986892990715327434e-02
4.749376963835703902e-02 2.719772950659440358e-01 1.420631814791408090e+02 6.707604347097498310e-02
4.814995690004267304e-02 3.065838997405059274e-01 1.560806999095660501e+02 7.610037469190518433e-02
5.153386606579715007e-02 2.888011226516925545e-01 1.485796116222583407e+02 6.945769039687259283e-02
5.334786834977454928e-02 2.834340327018500250e-01 1.516961561278298802e+02 7.239273512726286663e-02
4.860367825562534466e-02 2.981287145409298733e-01 1.470882503465402351e+02 6.991151685107242775e-02
4.535869991545794094e-02 2.939151406804497713e-01 1.453705224650816206e+02 7.651445918075035213e-02
4.902768819205306772e-02 2.860493822121412122e-01 1.425755995118476562e+02 6.890216567109064272e-02
4.611483785021897736e-02 2.952735873760998775e-01 1.418109474449628635e+02 7.197684786173115523e-02
4.413526480415507630e-02 2.892703444508551991e-01 1.556760266631285958e+02 7.703047036185807495e-02
5.039008134852385884e-02 2.954849199915112190e-01 1.456804598024966140e+02 6.422944309382572214e-02
5.023375922158206108e-02 2.844907790718679275e-01 1.494931622298074956e+02 7.614661789528325009e-02
4.836630364573934332e-02 2.731046680531930559e-01 1.473459727282807421e+02 8.167745588311584037e-02
4.649359448489907148e-02 2.892029365439083288e-01 1.460265145945603535e+02 7.329901717201488254e-02
4.975315452046859960e-02 2.730567458349595911e-01 1.374344814656700748e+02 7.361644780334010429e-02
5.041321885193241620e-02 2.659349364188333120e-01 1.612845997444399586e+02 7.945393890872469445e-02
4.923569160003254258e-02 3.191412463516852815e-01 1.405689805298292185e+02 7.258125016134359120e-02
5.268479252162067833e-02 3.244284941023991564e-01 1.583833192104491161e+02 7.544827401932129030e-02
5.077537401767040492e-02 2.941164187522089524e-01 1.517611743485362581e+02 7.285162973004499776e-02
4.877110350570285080e-02 3.140828785018171532e-01 1.517180274326832432e+02 7.014860626146320055e-02
5.104684412370523450e-02 2.646192505928648409e-01 1.622894284329663321e+02 7.662181355312598641e-02
5.087732753939645802e-02 2.849076444144498788e-01 1.494674151106431168e+02 6.884332772079142237e-02
5.005373901689096766e-02 2.849415610065355597e-01 1.461652682477355540e+02 7.641574654895778862e-02
4.820614753342698788e-02 3.163083316411419155e-01 1.499070816929643115e+02 7.439378547448179113e-02
4.928564210672334300e-02 2.948850711923278745e-01 1.507275561567043098e+02 7.182554953388819996e-02
4.701155529961915241e-02 2.942509396341314587e-01 1.436415457242468108e+02 6.943380591901431031e-02
4.847387559042690836e-02 2.941088286097217619e-01 1.593395016729908775e+02 7.269775597461904104e-02
5.080275954234269448e-02 2.947013347634196423e-01 1.483433740821099320e+02 6.420076401306702707e-02
5.344340900318541449e-02 3.037258164410394090e-01 1.587437795600669688e+02 7.328122731005121127e-02
4.919766044115886361e-02 2.870591735228314456e-01 1.459773070475568773e+02 7.395236670069076090e-02
5.089641939138035698e-02 2.843335970542786861e-01 1.575146700967664231e+02 7.540801387266567180e-02
5.245810927607085644e-02 2.828276843451384970e-01 1.503199718336542503e+02 6.319873497614289515e-02
4.858625628461744894e-02 2.839873456833186816e-01 1.458641961037933754e+02 7.180551985680795612e-02
4.995734062342054027e-02 3.044112308680349543e-01 1.422886410254251075e+02 7.096034871239079167e-02
5.150993618449444672e-02 2.793303610339805676e-01 1.437153485169894225e+02 7.354801446749296978e-02
5.078251587741337836e-02 3.131021773257902652e-01 1.511822605163695528e+02 7.905431647374124016e-02
5.039984436275328494e-02 3.064808408119798488e-01 1.549364351942255098e+02 7.056438785732342678e-02
4.702306855743144942e-02 3.019820394322695334e-01 1.439346957225141921e+02 6.368040755132546582e-02
5.011302327182056565e-02 2.849987767801516747e-01 1.552429471392233040e+02 7.072027021555671311e-02
4.933671376963977284e-02 2.895060407527262902e-01 1.404569328724854813e+02 7.880481411757682408e-02
4.903108573835929240e-02 2.837725012530005753e-01 1.460140163734381247e+02 7.118320209187022074e-02
4.965975604634727952e-02 2.962863632680942105e-01 1.371605293641000856e+02 6.895921696090541453e-02
4.910499834767889649e-02 3.151435249747199241e-01 1.559535964020390679e+02 7.467910022341966991e-02
5.027921375344824445e-02 2.728275779920665278e-01 1.411415824000071950e+02 7.074505997164187709e-02
5.230466089618959064e-02 3.084154092861685625e-01 1.563570123510228882e+02 7.163532490007250286e-02
4.992016713926124283e-02 2.961645494808434753e-01 1.372336926858973243e+02 7.521261005342529116e-02
4.673346774224738931e-02 2.844840479531127730e-01 1.655939652691843946e+02 7.101242236567499588e-02
4.922064910167514573e-02 2.757623393786581834e-01 1.359309358177700915e+02 7.034741718222539686e-02
5.174872785735784575e-02 2.601126038739099977e-01 1.601200853555818640e+02 7.137198513844468517e-02
4.725658469444995319e-02 2.931319623630950777e-01 1.420451952484362721e+02 6.881874440370380763e-02
4.663994739187320160e-02 2.896836784134559917e-01 1.493292317516330172e+02 7.219226447997349749e-02
5.046902802396478066e-02 2.822722141590551237e-01 1.466443592583056272e+02 6.500951811986790951e-02
4.889873511330848632e-02 2.923224205549392885e-01 1.434644803075962614e+02 7.222575273306872101e-02
4.880728648039187739e-02 2.955751078457865555e-01 1.481163719820604285e+02 7.170894771613946228e-02
5.175491431878499748e-02 3.063615961568529888e-01 1.347926010563560908e+02 6.574915424278798826e-02
4.733303319383048990e-02 3.044678625008099826e-01 1.531839258749632791e+02 7.403540171842400153e-02
5.004133574324610978e-02 2.764307431536364712e-01 1.547604899240216980e+02 7.059010739070936680e-02
5.138825510334589508e-02 3.221644753082680279e-01 1.498578160202801257e+02 6.932578246345860729e-02
4.433135913848661180e-02 3.059901788407074497e-01 1.427719200322534334e+02 6.697696709471671894e-02
5.166105977047683734e-02 2.911239359264519710e-01 1.604323982586387274e+02 6.783490242744702470e-02
4.907499430973187582e-02 2.916556226665460994e-01 1.483429484282756619e+02 7.610555479487450536e-02
4.646229719536904695e-02 3.187834437400509646e-01 1.419777465458714119e+02 7.254080726815989588e-02
5.740590577936401095e-02 2.916551032584323577e-01 1.394640447449087901e+02 7.043944460593969115e-02
4.900200117554765616e-02 3.236496477151751261e-01 1.393456316023938371e+02 7.341196736100367992e-02
5.041194892769459979e-02 3.064254828764103600e-01 1.402913379309465540e+02 7.458197220331805322e-02
5.306984000096614390e-02 2.789556949513647965e-01 1.602788607814398745e+02 6.763887940742080440e-02
4.646880761191289622e-02 3.219295362293249085e-01 1.429180820593365411e+02 6.903789527839940265e-02
5.043584879601151205e-02 3.228550517530565656e-01 1.480790245975973676e+02 7.777561561310376848e-02
4.390487371256048682e-02 2.950323062525033180e-01 1.423448327478922124e+02 7.126067242412140179e-02
4.798378529883529087e-02 2.962529818339976195e-01 1.433494784296304374e+02 6.511748296202622688e-02
5.254902798024795041e-02 2.903282350262807454e-01 1.440688225403135903e+02 7.307160288192979247e-02
5.074523670334455533e-02 2.901152498664210655e-01 1.447768854464823391e+02 7.494002246526887401e-02
4.362490666267402478e-02 2.765788632734955121e-01 1.551724866212733218e+02 7.165130953495314758e-02
4.901672092997516605e-02 3.065262358794936803e-01 1.318222803154155258e+02 7.261109474316713996e-02
5.079896482954392861e-02 2.944147968365040668e-01 1.419251420330768951e+02 7.353813394674159343e-02
4.790841959709660203e-02 2.869332587498814591e-01 1.424683148105271755e+02 7.376610990331608497e-02
4.968765256499564631e-02 2.922873252176115821e-01 1.573336334665649758e+02 6.819206154480816906e-02
5.280529038147028370e-02 2.829200458593494338e-01 1.477194463777910869e+02 7.547995852090765012e-02
4.831505255484506989e-02 2.783840952415671532e-01 1.367788457540690388e+02 6.977100785107512304e-02
4.892474074697558684e-02 3.048052562545200961e-01 1.397501770380579273e+02 7.398934834654827264e-02
4.775482304904794806e-02 3.109352107562393663e-01 1.302300120340915157e+02 7.496529336729486348e-02
5.025973961212724939e-02 2.775959831993403681e-01 1.537583448173556917e+02 7.006372662305114518e-02
4.691270971397780432e-02 3.104619418909600470e-01 1.393980201448634659e+02 7.267310748135118181e-02
4.493950200828055602e-02 2.941547462344786257e-01 1.451923383777493655e+02 7.339009395499745958e-02
4.827743230532663410e-02 2.786204658642087995e-01 1.606808199142125204e+02 7.332271004434882944e-02
4.831473209281889059e-02 2.824302353645497532e-01 1.489196582614575561e+02 7.737860268964359689e-02
4.938916918101759340e-02 2.890525911204702147e-01 1.458787699587874442e+02 7.544512585369515800e-02
5.057322958100969601e-02 2.776173458377741432e-01 1.517603504441191831e+02 7.484992681636089273e-02
4.861773242277778184e-02 2.819133507407788342e-01 1.422581793957244258e+02 7.290826318285104080e-02
5.205280201174286581e-02 3.056272214035597456e-01 1.465132640397547164e+02 7.457848052315270426e-02
5.040128577131004761e-02 2.907171208491494130e-01 1.542793395996864092e+02 7.599702701027129248e-02
5.128811569077821458e-02 2.670754445501746788e-01 1.472948391697229340e+02 7.650777417307046135e-02
5.161733697695712608e-02 2.841067146638437402e-01 1.547798846046769654e+02 7.109991475151151985e-02
4.919752013219742814e-02 3.073062478147489118e-01 1.429291790949497454e+02 6.986095369779789233e-02
4.429194012659796315e-02 2.703737433408337498e-01 1.469853056861967104e+02 7.127979833940947807e-02
5.019446966038400293e-02 2.997528420098773405e-01 1.366014120479406984e+02 7.821127152293021190e-02
5.430672932354230903e-02 2.937756755086081140e-01 1.425465043393043629e+02 6.878961099828792558e-02
4.831080931138474061e-02 2.890568631775911057e-01 1.260628517196400935e+02 7.278538672121828701e-02
4.931388333880998981e-02 2.674323986722414448e-01 1.432731707583968728e+02 6.951354317870195310e-02
4.602433757947239912e-02 2.783328789730609709e-01 1.407423692659326093e+02 6.734064219286620134e-02
4.899193818499613523e-02 3.000551026195269477e-01 1.551353818982707367e+02 7.194868957671790577e-02
5.304095296434783308e-02 3.117978526942419282e-01 1.530847125480591160e+02 8.209626245302246994e-02
4.627074198528685622e-02 2.785430601544022222e-01 1.545554205840003590e+02 7.700445795452841302e-02
4.699803784301475468e-02 3.333682964127289150e-01 1.477197799654994697e+02 8.189679275342567899e-02
4.628118159205705379e-02 2.788544863770545112e-01 1.431194760919567841e+02 6.829035743966378746e-02
5.131922553822215044e-02 2.943272514889049285e-01 1.337973770041766954e+02 7.170733385528714476e-02
5.384307054431788225e-02 2.921191093740185818e-01 1.423682944929346377e+02 7.687013402049877597e-02
4.723464417276825034e-02 3.159635686153087208e-01 1.550305014409780426e+02 6.859094535121501579e-02
5.251218122011253736e-02 2.735896482719779033e-01 1.451101239656559585e+02 7.114336240208918305e-02
4.789657091480421097e-02 2.975542409865585824e-01 1.514568751217760223e+02 7.833283894517964474e-02
4.730346464599063938e-02 3.383800838142120293e-01 1.581776449504410493e+02 7.088942930923664010e-02
4.740219080993910566e-02 2.834146911004304936e-01 1.534366487203156737e+02 7.380927086229012446e-02
4.746285017215929464e-02 3.084047410662991151e-01 1.459038304158067945e+02 8.127676108066030081e-02
4.797575948897497833e-02 2.917998470701069769e-01 1.575871738746088226e+02 6.861662693828939064e-02
4.987339721579850393e-02 2.798751332395732483e-01 1.455126860755716223e+02 7.159789059419803536e-02
4.685825374207292643e-02 3.075875511052708622e-01 1.388576511261097153e+02 7.219142964819219577e-02
4.961477512884492069e-02 2.988734957771881917e-01 1.422273793962402806e+02 7.843010567531222277e-02
5.033482600820152197e-02 2.885261334654066201e-01 1.494598685374816966e+02 7.275898700390424911e-02
4.981120058286809399e-02 2.626539617883812405e-01 1.403190410983371521e+02 7.981512847097575747e-02
5.293101362432160728e-02 2.966634557051528454e-01 1.574502603646419061e+02 6.722954406600245569e-02
4.328701557237456254e-02 2.831208777852328717e-01 1.511777267865490728e+02 7.552291486478131255e-02
5.051217982911375415e-02 3.487985967792757713e-01 1.354788547560909819e+02 7.184618918965930690e-02
4.616807442722128951e-02 2.616314934262389258e-01 1.540095658000137178e+02 6.739877159267912421e-02
5.255624844850021599e-02 3.021970942346566269e-01 1.628250464900980603e+02 6.793213953830229412e-02
4.804583861954832280e-02 2.998330910078871314e-01 1.412436062518687550e+02 6.930595699849859126e-02
4.931716423117929460e-02 2.740169262530458560e-01 1.391593134327534926e+02 7.362442452231776624e-02
4.885523405088557786e-02 2.772363534862443690e-01 1.592721823788667450e+02 7.453990067348226223e-02
4.534293453368488935e-02 2.828923762343308335e-01 1.455237740517963800e+02 7.152863116236174434e-02
5.136592870104193798e-02 3.033523998175172154e-01 1.454838669430171763e+02 7.402862636300761023e-02
4.632400866942572998e-02 2.761339322119947814e-01 1.404264517535852406e+02 7.197758197283389558e-02
5.226197803994414581e-02 2.844812144803389176e-01 1.409078577662462237e+02 7.467083072566935154e-02
4.403113313596825756e-02 2.948953307279166269e-01 1.464033920201089529e+02 6.760723397224527309e-02
