2.261527298654405058e+03 1.697138460303057400e+03 2.022333872711093631e+06 2.482584326959593568e+01
2.261527298654405058e+03 1.697138460303057400e+03 2.022333872711093631e+06 2.482584326959593568e+01
2.113396184192896726e+03 1.588596376217840998e+03 1.826180886505123926e+06 2.482584326959593568e+01
2.029819012173688407e+03 1.544177808957574598e+03 1.872988487687484594e+06 2.482584326959593568e+01
2.029819012173688407e+03 1.544177808957574598e+03 1.872988487687484594e+06 2.482584326959593568e+01
2.029819012173688407e+03 1.544177808957574598e+03 1.872988487687484594e+06 2.482584326959593568e+01
1.450833540545294454e+03 1.227723901532605623e+03 1.743750275120215490e+06 2.482584326959593568e+01
1.450833540545294454e+03 1.227723901532605623e+03 1.743750275120215490e+06 2.482584326959593568e+01
1.450833540545294454e+03 1.227723901532605623e+03 1.743750275120215490e+06 2.482584326959593568e+01
1.300237476058663106e+03 1.143200714751078976e+03 1.696131003618911374e+06 2.482584326959593568e+01
9.881874851221941753e+02 1.002862580164237670e+03 1.336118872181840474e+06 2.482584326959593568e+01
9.881874851221941753e+02 1.002862580164237670e+03 1.336118872181840474e+06 2.482584326959593568e+01
9.670301905936328239e+02 9.867913596374635290e+02 1.322160825304199010e+06 2.482584326959593568e+01
9.552645176350282554e+02 9.631074546502336489e+02 1.257194327292989474e+06 2.482584326959593568e+01
9.552645176350282554e+02 9.631074546502336489e+02 1.257194327292989474e+06 2.482584326959593568e+01
9.552645176350282554e+02 9.631074546502336489e+02 1.257194327292989474e+06 2.482584326959593568e+01
9.552645176350282554e+02 9.631074546502336489e+02 1.257194327292989474e+06 2.482584326959593568e+01
5.921616662724069329e+02 8.140767446142349399e+02 1.050902858758565737e+06 2.583290285878536707e+01
2.331537005895244192e+02 5.475395661867404442e+02 7.442197788300871616e+05 3.573688600295102447e+01
2.331537005895244192e+02 5.475395661867404442e+02 7.442197788300871616e+05 3.573688600295102447e+01
2.331537005895244192e+02 5.475395661867404442e+02 7.442197788300871616e+05 3.573688600295102447e+01
2.331537005895244192e+02 5.475395661867404442e+02 7.442197788300871616e+05 3.573688600295102447e+01
2.331537005895244192e+02 5.475395661867404442e+02 7.442197788300871616e+05 3.573688600295102447e+01
2.331537005895244192e+02 5.475395661867404442e+02 7.442197788300871616e+05 3.573688600295102447e+01
2.331537005895244192e+02 5.475395661867404442e+02 7.442197788300871616e+05 3.573688600295102447e+01
2.331537005895244192e+02 5.475395661867404442e+02 7.442197788300871616e+05 3.573688600295102447e+01
2.331537005895244192e+02 5.475395661867404442e+02 7.442197788300871616e+05 3.573688600295102447e+01
2.331537005895244192e+02 5.475395661867404442e+02 7.442197788300871616e+05 3.573688600295102447e+01
2.331537005895244192e+02 5.475395661867404442e+02 7.442197788300871616e+05 3.573688600295102447e+01
2.331537005895244192e+02 5.475395661867404442e+02 7.442197788300871616e+05 3.573688600295102447e+01
2.331537005895244192e+02 5.475395661867404442e+02 7.442197788300871616e+05 3.573688600295102447e+01
2.331537005895244192e+02 5.475395661867404442e+02 7.442197788300871616e+05 3.573688600295102447e+01
2.331537005895244192e+02 5.475395661867404442e+02 7.442197788300871616e+05 3.573688600295102447e+01
2.457249767291033891e+02 5.886052504662138745e+02 6.787283254835073603e+05 3.265049002262838940e+01
1.135179661682940093e+02 4.898242192732059834e+02 5.247743327796554659e+05 4.254776154792723730e+01
1.135179661682940093e+02 4.898242192732059834e+02 5.247743327796554659e+05 4.254776154792723730e+01
1.020161841857003679e+02 5.206551534368159082e+02 4.213073004521851544e+05 4.461693510143281571e+01
5.859177520251561333e+01 4.551632279804578047e+02 3.505408908837219351e+05 6.592542514780396345e+01
5.859177520251561333e+01 4.551632279804578047e+02 3.505408908837219351e+05 6.592542514780396345e+01
5.035003790791985523e+01 4.309987801988075944e+02 3.034599055280862376e+05 7.238734965132304922e+01
5.035003790791985523e+01 4.309987801988075944e+02 3.034599055280862376e+05 7.238734965132304922e+01
5.035003790791985523e+01 4.309987801988075944e+02 3.034599055280862376e+05 7.238734965132304922e+01
5.035003790791985523e+01 4.309987801988075944e+02 3.034599055280862376e+05 7.238734965132304922e+01
4.259358400351855778e+01 4.101847933388248748e+02 2.641630834869715618e+05 8.542912019977903526e+01
2.954832456494391479e+01 3.469035684464853944e+02 1.888199749100612826e+05 1.143248178599539955e+02
3.020770823762155999e+01 3.770687049348217101e+02 1.716424168612009089e+05 1.100309639704565257e+02
3.020770823762155999e+01 3.770687049348217101e+02 1.716424168612009089e+05 1.100309639704565257e+02
2.652185169169723977e+01 3.252597183510275158e+02 1.511696361909197585e+05 1.275916329409918433e+02
2.351762761036632554e+01 2.782815114383719788e+02 1.440311677872882283e+05 1.443761048976950576e+02
2.304626663099130823e+01 2.534754128184961246e+02 1.380399427119731263e+05 1.570058969205339281e+02
2.304626663099130823e+01 2.534754128184961246e+02 1.380399427119731263e+05 1.570058969205339281e+02
2.304626663099130823e+01 2.534754128184961246e+02 1.380399427119731263e+05 1.570058969205339281e+02
2.066694683877043914e+01 2.847734509635662903e+02 8.216595274475922633e+04 2.176114953329773982e+02
2.066694683877043914e+01 2.847734509635662903e+02 8.216595274475922633e+04 2.176114953329773982e+02
2.066694683877043914e+01 2.847734509635662903e+02 8.216595274475922633e+04 2.176114953329773982e+02
2.066694683877043914e+01 2.847734509635662903e+02 8.216595274475922633e+04 2.176114953329773982e+02
2.066694683877043914e+01 2.847734509635662903e+02 8.216595274475922633e+04 2.176114953329773982e+02
2.066694683877043914e+01 2.847734509635662903e+02 8.216595274475922633e+04 2.176114953329773982e+02
2.066694683877043914e+01 2.847734509635662903e+02 8.216595274475922633e+04 2.176114953329773982e+02
2.066694683877043914e+01 2.847734509635662903e+02 8.216595274475922633e+04 2.176114953329773982e+02
2.066694683877043914e+01 2.847734509635662903e+02 8.216595274475922633e+04 2.176114953329773982e+02
2.066694683877043914e+01 2.847734509635662903e+02 8.216595274475922633e+04 2.176114953329773982e+02
2.172874005442232814e+01 2.498822549565535667e+02 7.706584699835667561e+04 2.411016610375176299e+02
2.327598246730452658e+01 2.178460931005315899e+02 6.157435096976576460e+04 2.604412737514528544e+02
2.327598246730452658e+01 2.178460931005315899e+02 6.157435096976576460e+04 2.604412737514528544e+02
2.327598246730452658e+01 2.178460931005315899e+02 6.157435096976576460e+04 2.604412737514528544e+02
2.327598246730452658e+01 2.178460931005315899e+02 6.157435096976576460e+04 2.604412737514528544e+02
2.327598246730452658e+01 2.178460931005315899e+02 6.157435096976576460e+04 2.604412737514528544e+02
2.327598246730452658e+01 2.178460931005315899e+02 6.157435096976576460e+04 2.604412737514528544e+02
2.327598246730452658e+01 2.178460931005315899e+02 6.157435096976576460e+04 2.604412737514528544e+02
2.327598246730452658e+01 2.178460931005315899e+02 6.157435096976576460e+04 2.604412737514528544e+02
2.327598246730452658e+01 2.178460931005315899e+02 6.157435096976576460e+04 2.604412737514528544e+02
2.327598246730452658e+01 2.178460931005315899e+02 6.157435096976576460e+04 2.604412737514528544e+02
2.327598246730452658e+01 2.178460931005315899e+02 6.157435096976576460e+04 2.604412737514528544e+02
2.327598246730452658e+01 2.178460931005315899e+02 6.157435096976576460e+04 2.604412737514528544e+02
2.327598246730452658e+01 2.178460931005315899e+02 6.157435096976576460e+04 2.604412737514528544e+02
2.327598246730452658e+01 2.178460931005315899e+02 6.157435096976576460e+04 2.604412737514528544e+02
3.054981178327449953e+01 1.525835892726935299e+02 4.797359069568324048e+04 2.946560241270187248e+02
3.054981178327449953e+01 1.525835892726935299e+02 4.797359069568324048e+04 2.946560241270187248e+02
3.054981178327449953e+01 1.525835892726935299e+02 4.797359069568324048e+04 2.946560241270187248e+02
3.054981178327449953e+01 1.525835892726935299e+02 4.797359069568324048e+04 2.946560241270187248e+02
3.054981178327449953e+01 1.525835892726935299e+02 4.797359069568324048e+04 2.946560241270187248e+02
3.054981178327449953e+01 1.525835892726935299e+02 4.797359069568324048e+04 2.946560241270187248e+02
3.054981178327449953e+01 1.525835892726935299e+02 4.797359069568324048e+04 2.946560241270187248e+02
3.426763364514158638e+01 1.517802257056906967e+02 3.957980757929018728e+04 3.092454368350099685e+02
4.083167832899325589e+01 1.315870289192384064e+02 3.131790239046061470e+04 3.374472744104502340e+02
4.083167832899325589e+01 1.315870289192384064e+02 3.131790239046061470e+04 3.374472744104502340e+02
4.083167832899325589e+01 1.315870289192384064e+02 3.131790239046061470e+04 3.374472744104502340e+02
5.748170709276603674e+01 9.238479722230844970e+01 1.898598924303946842e+04 3.645241131831406847e+02
5.748170709276603674e+01 9.238479722230844970e+01 1.898598924303946842e+04 3.645241131831406847e+02
5.748170709276603674e+01 9.238479722230844970e+01 1.898598924303946842e+04 3.645241131831406847e+02
5.748170709276603674e+01 9.238479722230844970e+01 1.898598924303946842e+04 3.645241131831406847e+02
5.748170709276603674e+01 9.238479722230844970e+01 1.898598924303946842e+04 3.645241131831406847e+02
5.748170709276603674e+01 9.238479722230844970e+01 1.898598924303946842e+04 3.645241131831406847e+02
7.387094427235447824e+01 5.892096289201974457e+01 1.741748705574147971e+04 3.914725784371541977e+02
7.387094427235447824e+01 5.892096289201974457e+01 1.741748705574147971e+04 3.914725784371541977e+02
7.387094427235447824e+01 5.892096289201974457e+01 1.741748705574147971e+04 3.914725784371541977e+02
7.387094427235447824e+01 5.892096289201974457e+01 1.741748705574147971e+04 3.914725784371541977e+02
7.387094427235447824e+01 5.892096289201974457e+01 1.741748705574147971e+04 3.914725784371541977e+02
7.387094427235447824e+01 5.892096289201974457e+01 1.741748705574147971e+04 3.914725784371541977e+02
7.387094427235447824e+01 5.892096289201974457e+01 1.741748705574147971e+04 3.914725784371541977e+02
7.387094427235447824e+01 5.892096289201974457e+01 1.741748705574147971e+04 3.914725784371541977e+02
7.387094427235447824e+01 5.892096289201974457e+01 1.741748705574147971e+04 3.914725784371541977e+02
7.387094427235447824e+01 5.892096289201974457e+01 1.741748705574147971e+04 3.914725784371541977e+02
7.387094427235447824e+01 5.892096289201974457e+01 1.741748705574147971e+04 3.914725784371541977e+02
9.080604202803937142e+01 4.937723335705905470e+01 1.357360651951844557e+04 4.134732798450842211e+02
9.080604202803937142e+01 4.937723335705905470e+01 1.357360651951844557e+04 4.134732798450842211e+02
9.080604202803937142e+01 4.937723335705905470e+01 1.357360651951844557e+04 4.134732798450842211e+02
9.080604202803937142e+01 4.937723335705905470e+01 1.357360651951844557e+04 4.134732798450842211e+02
9.080604202803937142e+01 4.937723335705905470e+01 1.357360651951844557e+04 4.134732798450842211e+02
9.080604202803937142e+01 4.937723335705905470e+01 1.357360651951844557e+04 4.134732798450842211e+02
9.080604202803937142e+01 4.937723335705905470e+01 1.357360651951844557e+04 4.134732798450842211e+02
9.080604202803937142e+01 4.937723335705905470e+01 1.357360651951844557e+04 4.134732798450842211e+02
9.080604202803937142e+01 4.937723335705905470e+01 1.357360651951844557e+04 4.134732798450842211e+02
9.080604202803937142e+01 4.937723335705905470e+01 1.357360651951844557e+04 4.134732798450842211e+02
9.080604202803937142e+01 4.937723335705905470e+01 1.357360651951844557e+04 4.134732798450842211e+02
9.080604202803937142e+01 4.937723335705905470e+01 1.357360651951844557e+04 4.134732798450842211e+02
9.080604202803937142e+01 4.937723335705905470e+01 1.357360651951844557e+04 4.134732798450842211e+02
9.080604202803937142e+01 4.937723335705905470e+01 1.357360651951844557e+04 4.134732798450842211e+02
1.045119849465509816e+02 4.071369982350400818e+01 1.144745010916224055e+04 4.282519103105249201e+02
1.045119849465509816e+02 4.071369982350400818e+01 1.144745010916224055e+04 4.282519103105249201e+02
1.045119849465509816e+02 4.071369982350400818e+01 1.144745010916224055e+04 4.282519103105249201e+02
1.045119849465509816e+02 4.071369982350400818e+01 1.144745010916224055e+04 4.282519103105249201e+02
1.045119849465509816e+02 4.071369982350400818e+01 1.144745010916224055e+04 4.282519103105249201e+02
1.045119849465509816e+02 4.071369982350400818e+01 1.144745010916224055e+04 4.282519103105249201e+02
1.045119849465509816e+02 4.071369982350400818e+01 1.144745010916224055e+04 4.282519103105249201e+02
1.045119849465509816e+02 4.071369982350400818e+01 1.144745010916224055e+04 4.282519103105249201e+02
1.045119849465509816e+02 4.071369982350400818e+01 1.144745010916224055e+04 4.282519103105249201e+02
1.045119849465509816e+02 4.071369982350400818e+01 1.144745010916224055e+04 4.282519103105249201e+02
1.045119849465509816e+02 4.071369982350400818e+01 1.144745010916224055e+04 4.282519103105249201e+02
1.045119849465509816e+02 4.071369982350400818e+01 1.144745010916224055e+04 4.282519103105249201e+02
1.045119849465509816e+02 4.071369982350400818e+01 1.144745010916224055e+04 4.282519103105249201e+02
1.045119849465509816e+02 4.071369982350400818e+01 1.144745010916224055e+04 4.282519103105249201e+02
1.051948691746064952e+02 3.820370311005352448e+01 1.056700281664921022e+04 4.278622751185949937e+02
1.051948691746064952e+02 3.820370311005352448e+01 1.056700281664921022e+04 4.278622751185949937e+02
1.051948691746064952e+02 3.820370311005352448e+01 1.056700281664921022e+04 4.278622751185949937e+02
1.051948691746064952e+02 3.820370311005352448e+01 1.056700281664921022e+04 4.278622751185949937e+02
1.051948691746064952e+02 3.820370311005352448e+01 1.056700281664921022e+04 4.278622751185949937e+02
1.051948691746064952e+02 3.820370311005352448e+01 1.056700281664921022e+04 4.278622751185949937e+02
1.083557048350821361e+02 4.279404975283943457e+01 9.019665696008694795e+03 4.310091691660622359e+02
1.083557048350821361e+02 4.279404975283943457e+01 9.019665696008694795e+03 4.310091691660622359e+02
1.083557048350821361e+02 4.279404975283943457e+01 9.019665696008694795e+03 4.310091691660622359e+02
1.083557048350821361e+02 4.279404975283943457e+01 9.019665696008694795e+03 4.310091691660622359e+02
1.083557048350821361e+02 4.279404975283943457e+01 9.019665696008694795e+03 4.310091691660622359e+02
1.083557048350821361e+02 4.279404975283943457e+01 9.019665696008694795e+03 4.310091691660622359e+02
1.083557048350821361e+02 4.279404975283943457e+01 9.019665696008694795e+03 4.310091691660622359e+02
1.083557048350821361e+02 4.279404975283943457e+01 9.019665696008694795e+03 4.310091691660622359e+02
1.083557048350821361e+02 4.279404975283943457e+01 9.019665696008694795e+03 4.310091691660622359e+02
1.083557048350821361e+02 4.279404975283943457e+01 9.019665696008694795e+03 4.310091691660622359e+02
1.083557048350821361e+02 4.279404975283943457e+01 9.019665696008694795e+03 4.310091691660622359e+02
1.040823526220546569e+02 4.522708980539787404e+01 8.575346751844268510e+03 4.285054751551355707e+02
1.040823526220546569e+02 4.522708980539787404e+01 8.575346751844268510e+03 4.285054751551355707e+02
1.040823526220546569e+02 4.522708980539787404e+01 8.575346751844268510e+03 4.285054751551355707e+02
1.040823526220546569e+02 4.522708980539787404e+01 8.575346751844268510e+03 4.285054751551355707e+02
1.040823526220546569e+02 4.522708980539787404e+01 8.575346751844268510e+03 4.285054751551355707e+02
1.040823526220546569e+02 4.522708980539787404e+01 8.575346751844268510e+03 4.285054751551355707e+02
1.040823526220546569e+02 4.522708980539787404e+01 8.575346751844268510e+03 4.285054751551355707e+02
1.040823526220546569e+02 4.522708980539787404e+01 8.575346751844268510e+03 4.285054751551355707e+02
1.040823526220546569e+02 4.522708980539787404e+01 8.575346751844268510e+03 4.285054751551355707e+02
1.040823526220546569e+02 4.522708980539787404e+01 8.575346751844268510e+03 4.285054751551355707e+02
1.040823526220546569e+02 4.522708980539787404e+01 8.575346751844268510e+03 4.285054751551355707e+02
1.040823526220546569e+02 4.522708980539787404e+01 8.575346751844268510e+03 4.285054751551355707e+02
1.040823526220546569e+02 4.522708980539787404e+01 8.575346751844268510e+03 4.285054751551355707e+02
1.040823526220546569e+02 4.522708980539787404e+01 8.575346751844268510e+03 4.285054751551355707e+02
1.040823526220546569e+02 4.522708980539787404e+01 8.575346751844268510e+03 4.285054751551355707e+02
1.040823526220546569e+02 4.522708980539787404e+01 8.575346751844268510e+03 4.285054751551355707e+02
7.679342031242427424e+01 4.981026917308777513e+01 9.898386986028379397e+03 4.021856907773515672e+02
7.679342031242427424e+01 4.981026917308777513e+01 9.898386986028379397e+03 4.021856907773515672e+02
7.679342031242427424e+01 4.981026917308777513e+01 9.898386986028379397e+03 4.021856907773515672e+02
7.679342031242427424e+01 4.981026917308777513e+01 9.898386986028379397e+03 4.021856907773515672e+02
7.679342031242427424e+01 4.981026917308777513e+01 9.898386986028379397e+03 4.021856907773515672e+02
7.679342031242427424e+01 4.981026917308777513e+01 9.898386986028379397e+03 4.021856907773515672e+02
7.679342031242427424e+01 4.981026917308777513e+01 9.898386986028379397e+03 4.021856907773515672e+02
7.679342031242427424e+01 4.981026917308777513e+01 9.898386986028379397e+03 4.021856907773515672e+02
7.679342031242427424e+01 4.981026917308777513e+01 9.898386986028379397e+03 4.021856907773515672e+02
7.679342031242427424e+01 4.981026917308777513e+01 9.898386986028379397e+03 4.021856907773515672e+02
7.679342031242427424e+01 4.981026917308777513e+01 9.898386986028379397e+03 4.021856907773515672e+02
7.679342031242427424e+01 4.981026917308777513e+01 9.898386986028379397e+03 4.021856907773515672e+02
7.679342031242427424e+01 4.981026917308777513e+01 9.898386986028379397e+03 4.021856907773515672e+02
7.679342031242427424e+01 4.981026917308777513e+01 9.898386986028379397e+03 4.021856907773515672e+02
7.679342031242427424e+01 4.981026917308777513e+01 9.898386986028379397e+03 4.021856907773515672e+02
7.679342031242427424e+01 4.981026917308777513e+01 9.898386986028379397e+03 4.021856907773515672e+02
7.679342031242427424e+01 4.981026917308777513e+01 9.898386986028379397e+03 4.021856907773515672e+02
7.679342031242427424e+01 4.981026917308777513e+01 9.898386986028379397e+03 4.021856907773515672e+02
7.679342031242427424e+01 4.981026917308777513e+01 9.898386986028379397e+03 4.021856907773515672e+02
7.679342031242427424e+01 4.981026917308777513e+01 9.898386986028379397e+03 4.021856907773515672e+02
7.679342031242427424e+01 4.981026917308777513e+01 9.898386986028379397e+03 4.021856907773515672e+02
7.679342031242427424e+01 4.981026917308777513e+01 9.898386986028379397e+03 4.021856907773515672e+02
7.679342031242427424e+01 4.981026917308777513e+01 9.898386986028379397e+03 4.021856907773515672e+02
7.679342031242427424e+01 4.981026917308777513e+01 9.898386986028379397e+03 4.021856907773515672e+02
7.679342031242427424e+01 4.981026917308777513e+01 9.898386986028379397e+03 4.021856907773515672e+02
7.679342031242427424e+01 4.981026917308777513e+01 9.898386986028379397e+03 4.021856907773515672e+02
7.679342031242427424e+01 4.981026917308777513e+01 9.898386986028379397e+03 4.021856907773515672e+02
7.679342031242427424e+01 4.981026917308777513e+01 9.898386986028379397e+03 4.021856907773515672e+02
7.679342031242427424e+01 4.981026917308777513e+01 9.898386986028379397e+03 4.021856907773515672e+02
7.679342031242427424e+01 4.981026917308777513e+01 9.898386986028379397e+03 4.021856907773515672e+02
7.679342031242427424e+01 4.981026917308777513e+01 9.898386986028379397e+03 4.021856907773515672e+02
7.679342031242427424e+01 4.981026917308777513e+01 9.898386986028379397e+03 4.021856907773515672e+02
7.679342031242427424e+01 4.981026917308777513e+01 9.898386986028379397e+03 4.021856907773515672e+02
7.679342031242427424e+01 4.981026917308777513e+01 9.898386986028379397e+03 4.021856907773515672e+02
7.679342031242427424e+01 4.981026917308777513e+01 9.898386986028379397e+03 4.021856907773515672e+02
7.679342031242427424e+01 4.981026917308777513e+01 9.898386986028379397e+03 4.021856907773515672e+02
7.679342031242427424e+01 4.981026917308777513e+01 9.898386986028379397e+03 4.021856907773515672e+02
7.679342031242427424e+01 4.981026917308777513e+01 9.898386986028379397e+03 4.021856907773515672e+02
7.679342031242427424e+01 4.981026917308777513e+01 9.898386986028379397e+03 4.021856907773515672e+02
7.679342031242427424e+01 4.981026917308777513e+01 9.898386986028379397e+03 4.021856907773515672e+02
7.679342031242427424e+01 4.981026917308777513e+01 9.898386986028379397e+03 4.021856907773515672e+02
7.679342031242427424e+01 4.981026917308777513e+01 9.898386986028379397e+03 4.021856907773515672e+02
7.679342031242427424e+01 4.981026917308777513e+01 9.898386986028379397e+03 4.021856907773515672e+02
7.679342031242427424e+01 4.981026917308777513e+01 9.898386986028379397e+03 4.021856907773515672e+02
7.679342031242427424e+01 4.981026917308777513e+01 9.898386986028379397e+03 4.021856907773515672e+02
7.679342031242427424e+01 4.981026917308777513e+01 9.898386986028379397e+03 4.021856907773515672e+02
6.626197542209749258e+01 4.813313171434820248e+01 1.126759831633603426e+04 3.926713982670734708e+02
6.626197542209749258e+01 4.813313171434820248e+01 1.126759831633603426e+04 3.926713982670734708e+02
6.626197542209749258e+01 4.813313171434820248e+01 1.126759831633603426e+04 3.926713982670734708e+02
6.626197542209749258e+01 4.813313171434820248e+01 1.126759831633603426e+04 3.926713982670734708e+02
6.626197542209749258e+01 4.813313171434820248e+01 1.126759831633603426e+04 3.926713982670734708e+02
6.626197542209749258e+01 4.813313171434820248e+01 1.126759831633603426e+04 3.926713982670734708e+02
6.626197542209749258e+01 4.813313171434820248e+01 1.126759831633603426e+04 3.926713982670734708e+02
6.626197542209749258e+01 4.813313171434820248e+01 1.126759831633603426e+04 3.926713982670734708e+02
6.626197542209749258e+01 4.813313171434820248e+01 1.126759831633603426e+04 3.926713982670734708e+02
7.033044627371704394e+01 4.784724676793609177e+01 1.019682407990005049e+04 3.953874067929755824e+02
7.033044627371704394e+01 4.784724676793609177e+01 1.019682407990005049e+04 3.953874067929755824e+02
7.033044627371704394e+01 4.784724676793609177e+01 1.019682407990005049e+04 3.953874067929755824e+02
7.033044627371704394e+01 4.784724676793609177e+01 1.019682407990005049e+04 3.953874067929755824e+02
7.033044627371704394e+01 4.784724676793609177e+01 1.019682407990005049e+04 3.953874067929755824e+02
7.033044627371704394e+01 4.784724676793609177e+01 1.019682407990005049e+04 3.953874067929755824e+02
7.033044627371704394e+01 4.784724676793609177e+01 1.019682407990005049e+04 3.953874067929755824e+02
7.033044627371704394e+01 4.784724676793609177e+01 1.019682407990005049e+04 3.953874067929755824e+02
7.033044627371704394e+01 4.784724676793609177e+01 1.019682407990005049e+04 3.953874067929755824e+02
7.033044627371704394e+01 4.784724676793609177e+01 1.019682407990005049e+04 3.953874067929755824e+02
7.033044627371704394e+01 4.784724676793609177e+01 1.019682407990005049e+04 3.953874067929755824e+02
7.033044627371704394e+01 4.784724676793609177e+01 1.019682407990005049e+04 3.953874067929755824e+02
7.033044627371704394e+01 4.784724676793609177e+01 1.019682407990005049e+04 3.953874067929755824e+02
7.033044627371704394e+01 4.784724676793609177e+01 1.019682407990005049e+04 3.953874067929755824e+02
7.033044627371704394e+01 4.784724676793609177e+01 1.019682407990005049e+04 3.953874067929755824e+02
7.033044627371704394e+01 4.784724676793609177e+01 1.019682407990005049e+04 3.953874067929755824e+02
5.306714281037294967e+01 5.341071061963143762e+01 1.161049728145358858e+04 3.795048296259124072e+02
6.972681765181789615e+01 4.529132110715860904e+01 8.287716833583934203e+03 3.927382262847096399e+02
6.972681765181789615e+01 4.529132110715860904e+01 8.287716833583934203e+03 3.927382262847096399e+02
6.972681765181789615e+01 4.529132110715860904e+01 8.287716833583934203e+03 3.927382262847096399e+02
6.972681765181789615e+01 4.529132110715860904e+01 8.287716833583934203e+03 3.927382262847096399e+02
6.972681765181789615e+01 4.529132110715860904e+01 8.287716833583934203e+03 3.927382262847096399e+02
6.972681765181789615e+01 4.529132110715860904e+01 8.287716833583934203e+03 3.927382262847096399e+02
6.972681765181789615e+01 4.529132110715860904e+01 8.287716833583934203e+03 3.927382262847096399e+02
6.972681765181789615e+01 4.529132110715860904e+01 8.287716833583934203e+03 3.927382262847096399e+02
6.972681765181789615e+01 4.529132110715860904e+01 8.287716833583934203e+03 3.927382262847096399e+02
7.887189526881223856e+01 4.392629086398562066e+01 5.475315407767688157e+03 4.038801662385854456e+02
7.887189526881223856e+01 4.392629086398562066e+01 5.475315407767688157e+03 4.038801662385854456e+02
7.887189526881223856e+01 4.392629086398562066e+01 5.475315407767688157e+03 4.038801662385854456e+02
7.887189526881223856e+01 4.392629086398562066e+01 5.475315407767688157e+03 4.038801662385854456e+02
6.912922480793439206e+01 4.721122174685695683e+01 4.912008692522884303e+03 4.019960854506214218e+02
6.912922480793439206e+01 4.721122174685695683e+01 4.912008692522884303e+03 4.019960854506214218e+02
6.912922480793439206e+01 4.721122174685695683e+01 4.912008692522884303e+03 4.019960854506214218e+02
6.912922480793439206e+01 4.721122174685695683e+01 4.912008692522884303e+03 4.019960854506214218e+02
6.912922480793439206e+01 4.721122174685695683e+01 4.912008692522884303e+03 4.019960854506214218e+02
6.912922480793439206e+01 4.721122174685695683e+01 4.912008692522884303e+03 4.019960854506214218e+02
6.912922480793439206e+01 4.721122174685695683e+01 4.912008692522884303e+03 4.019960854506214218e+02
6.912922480793439206e+01 4.721122174685695683e+01 4.912008692522884303e+03 4.019960854506214218e+02
6.912922480793439206e+01 4.721122174685695683e+01 4.912008692522884303e+03 4.019960854506214218e+02
6.912922480793439206e+01 4.721122174685695683e+01 4.912008692522884303e+03 4.019960854506214218e+02
6.912922480793439206e+01 4.721122174685695683e+01 4.912008692522884303e+03 4.019960854506214218e+02
6.912922480793439206e+01 4.721122174685695683e+01 4.912008692522884303e+03 4.019960854506214218e+02
6.912922480793439206e+01 4.721122174685695683e+01 4.912008692522884303e+03 4.019960854506214218e+02
6.912922480793439206e+01 4.721122174685695683e+01 4.912008692522884303e+03 4.019960854506214218e+02
5.380570324824670791e+01 4.704737056554868246e+01 5.622657299797116139e+03 3.805900884689651207e+02
5.380570324824670791e+01 4.704737056554868246e+01 5.622657299797116139e+03 3.805900884689651207e+02
5.380570324824670791e+01 4.704737056554868246e+01 5.622657299797116139e+03 3.805900884689651207e+02
6.216282954239490977e+01 4.632741837744145386e+01 4.084608242525988317e+03 3.969197957393591878e+02
6.216282954239490977e+01 4.632741837744145386e+01 4.084608242525988317e+03 3.969197957393591878e+02
6.216282954239490977e+01 4.632741837744145386e+01 4.084608242525988317e+03 3.969197957393591878e+02
6.621006668086242541e+01 4.140719996277849191e+01 4.166635988165296112e+03 4.019005717654669638e+02
6.621006668086242541e+01 4.140719996277849191e+01 4.166635988165296112e+03 4.019005717654669638e+02
6.621006668086242541e+01 4.140719996277849191e+01 4.166635988165296112e+03 4.019005717654669638e+02
6.621006668086242541e+01 4.140719996277849191e+01 4.166635988165296112e+03 4.019005717654669638e+02
6.621006668086242541e+01 4.140719996277849191e+01 4.166635988165296112e+03 4.019005717654669638e+02
6.621006668086242541e+01 4.140719996277849191e+01 4.166635988165296112e+03 4.019005717654669638e+02
6.621006668086242541e+01 4.140719996277849191e+01 4.166635988165296112e+03 4.019005717654669638e+02
6.621006668086242541e+01 4.140719996277849191e+01 4.166635988165296112e+03 4.019005717654669638e+02
6.621006668086242541e+01 4.140719996277849191e+01 4.166635988165296112e+03 4.019005717654669638e+02
6.621006668086242541e+01 4.140719996277849191e+01 4.166635988165296112e+03 4.019005717654669638e+02
6.621006668086242541e+01 4.140719996277849191e+01 4.166635988165296112e+03 4.019005717654669638e+02
6.621006668086242541e+01 4.140719996277849191e+01 4.166635988165296112e+03 4.019005717654669638e+02
6.621006668086242541e+01 4.140719996277849191e+01 4.166635988165296112e+03 4.019005717654669638e+02
6.621006668086242541e+01 4.140719996277849191e+01 4.166635988165296112e+03 4.019005717654669638e+02
6.621006668086242541e+01 4.140719996277849191e+01 4.166635988165296112e+03 4.019005717654669638e+02
6.621006668086242541e+01 4.140719996277849191e+01 4.166635988165296112e+03 4.019005717654669638e+02
5.884711550964178883e+01 4.322194013156956771e+01 3.748816066637952190e+03 3.951990035597801239e+02
5.884711550964178883e+01 4.322194013156956771e+01 3.748816066637952190e+03 3.951990035597801239e+02
5.884711550964178883e+01 4.322194013156956771e+01 3.748816066637952190e+03 3.951990035597801239e+02
5.884711550964178883e+01 4.322194013156956771e+01 3.748816066637952190e+03 3.951990035597801239e+02
5.884711550964178883e+01 4.322194013156956771e+01 3.748816066637952190e+03 3.951990035597801239e+02
5.884711550964178883e+01 4.322194013156956771e+01 3.748816066637952190e+03 3.951990035597801239e+02
5.884711550964178883e+01 4.322194013156956771e+01 3.748816066637952190e+03 3.951990035597801239e+02
5.884711550964178883e+01 4.322194013156956771e+01 3.748816066637952190e+03 3.951990035597801239e+02
6.352657690485487052e+01 4.250572436854150737e+01 2.395910493629453867e+03 4.023510491851659481e+02
6.352657690485487052e+01 4.250572436854150737e+01 2.395910493629453867e+03 4.023510491851659481e+02
6.352657690485487052e+01 4.250572436854150737e+01 2.395910493629453867e+03 4.023510491851659481e+02
6.352657690485487052e+01 4.250572436854150737e+01 2.395910493629453867e+03 4.023510491851659481e+02
6.352657690485487052e+01 4.250572436854150737e+01 2.395910493629453867e+03 4.023510491851659481e+02
6.352657690485487052e+01 4.250572436854150737e+01 2.395910493629453867e+03 4.023510491851659481e+02
6.352657690485487052e+01 4.250572436854150737e+01 2.395910493629453867e+03 4.023510491851659481e+02
6.352657690485487052e+01 4.250572436854150737e+01 2.395910493629453867e+03 4.023510491851659481e+02
5.731304260054584176e+01 4.869244017066293395e+01 2.274080268409575638e+03 3.997045050939838120e+02
5.731304260054584176e+01 4.869244017066293395e+01 2.274080268409575638e+03 3.997045050939838120e+02
5.731304260054584176e+01 4.869244017066293395e+01 2.274080268409575638e+03 3.997045050939838120e+02
5.731304260054584176e+01 4.869244017066293395e+01 2.274080268409575638e+03 3.997045050939838120e+02
5.731304260054584176e+01 4.869244017066293395e+01 2.274080268409575638e+03 3.997045050939838120e+02
5.731304260054584176e+01 4.869244017066293395e+01 2.274080268409575638e+03 3.997045050939838120e+02
5.731304260054584176e+01 4.869244017066293395e+01 2.274080268409575638e+03 3.997045050939838120e+02
5.731304260054584176e+01 4.869244017066293395e+01 2.274080268409575638e+03 3.997045050939838120e+02
5.731304260054584176e+01 4.869244017066293395e+01 2.274080268409575638e+03 3.997045050939838120e+02
5.731304260054584176e+01 4.869244017066293395e+01 2.274080268409575638e+03 3.997045050939838120e+02
5.731304260054584176e+01 4.869244017066293395e+01 2.274080268409575638e+03 3.997045050939838120e+02
6.006461767093222903e+01 5.079401390513147874e+01 1.754342418244677219e+03 4.044348546070239649e+02
6.006461767093222903e+01 5.079401390513147874e+01 1.754342418244677219e+03 4.044348546070239649e+02
6.006461767093222903e+01 5.079401390513147874e+01 1.754342418244677219e+03 4.044348546070239649e+02
6.006461767093222903e+01 5.079401390513147874e+01 1.754342418244677219e+03 4.044348546070239649e+02
6.006461767093222903e+01 5.079401390513147874e+01 1.754342418244677219e+03 4.044348546070239649e+02
6.865779299812543002e+01 4.462801662360728017e+01 1.443744731009015595e+03 4.095829162797246568e+02
6.865779299812543002e+01 4.462801662360728017e+01 1.443744731009015595e+03 4.095829162797246568e+02
6.865779299812543002e+01 4.462801662360728017e+01 1.443744731009015595e+03 4.095829162797246568e+02
6.865779299812543002e+01 4.462801662360728017e+01 1.443744731009015595e+03 4.095829162797246568e+02
6.865779299812543002e+01 4.462801662360728017e+01 1.443744731009015595e+03 4.095829162797246568e+02
6.865779299812543002e+01 4.462801662360728017e+01 1.443744731009015595e+03 4.095829162797246568e+02
6.865779299812543002e+01 4.462801662360728017e+01 1.443744731009015595e+03 4.095829162797246568e+02
6.865779299812543002e+01 4.462801662360728017e+01 1.443744731009015595e+03 4.095829162797246568e+02
6.865779299812543002e+01 4.462801662360728017e+01 1.443744731009015595e+03 4.095829162797246568e+02
6.865779299812543002e+01 4.462801662360728017e+01 1.443744731009015595e+03 4.095829162797246568e+02
6.865779299812543002e+01 4.462801662360728017e+01 1.443744731009015595e+03 4.095829162797246568e+02
6.865779299812543002e+01 4.462801662360728017e+01 1.443744731009015595e+03 4.095829162797246568e+02
6.865779299812543002e+01 4.462801662360728017e+01 1.443744731009015595e+03 4.095829162797246568e+02
6.865779299812543002e+01 4.462801662360728017e+01 1.443744731009015595e+03 4.095829162797246568e+02
6.865779299812543002e+01 4.462801662360728017e+01 1.443744731009015595e+03 4.095829162797246568e+02
6.865779299812543002e+01 4.462801662360728017e+01 1.443744731009015595e+03 4.095829162797246568e+02
4.180954131195934309e+01 6.337236717741279790e+01 1.415146636482755412e+03 3.791648377510160799e+02
4.180954131195934309e+01 6.337236717741279790e+01 1.415146636482755412e+03 3.791648377510160799e+02
4.457793725022422393e+01 5.917960385287830860e+01 1.425960193134252677e+03 3.764433333381386433e+02
4.457793725022422393e+01 5.917960385287830860e+01 1.425960193134252677e+03 3.764433333381386433e+02
4.457793725022422393e+01 5.917960385287830860e+01 1.425960193134252677e+03 3.764433333381386433e+02
4.457793725022422393e+01 5.917960385287830860e+01 1.425960193134252677e+03 3.764433333381386433e+02
4.109068510545355934e+01 6.173264201429161346e+01 1.275114679957216367e+03 3.813258887748521033e+02
4.109068510545355934e+01 6.173264201429161346e+01 1.275114679957216367e+03 3.813258887748521033e+02
4.109068510545355934e+01 6.173264201429161346e+01 1.275114679957216367e+03 3.813258887748521033e+02
4.109068510545355934e+01 6.173264201429161346e+01 1.275114679957216367e+03 3.813258887748521033e+02
4.932538376173914685e+01 5.153822337359070360e+01 5.833924164721952366e+02 3.977997291424152309e+02
4.932538376173914685e+01 5.153822337359070360e+01 5.833924164721952366e+02 3.977997291424152309e+02
4.932538376173914685e+01 5.153822337359070360e+01 5.833924164721952366e+02 3.977997291424152309e+02
4.932538376173914685e+01 5.153822337359070360e+01 5.833924164721952366e+02 3.977997291424152309e+02
4.932538376173914685e+01 5.153822337359070360e+01 5.833924164721952366e+02 3.977997291424152309e+02
4.932538376173914685e+01 5.153822337359070360e+01 5.833924164721952366e+02 3.977997291424152309e+02
4.932538376173914685e+01 5.153822337359070360e+01 5.833924164721952366e+02 3.977997291424152309e+02
4.932538376173914685e+01 5.153822337359070360e+01 5.833924164721952366e+02 3.977997291424152309e+02
5.053063367578376130e+01 5.378085187192020555e+01 4.300279013316347232e+02 4.021419990714960591e+02
5.053063367578376130e+01 5.378085187192020555e+01 4.300279013316347232e+02 4.021419990714960591e+02
5.053063367578376130e+01 5.378085187192020555e+01 4.300279013316347232e+02 4.021419990714960591e+02
5.053063367578376130e+01 5.378085187192020555e+01 4.300279013316347232e+02 4.021419990714960591e+02
5.053063367578376130e+01 5.378085187192020555e+01 4.300279013316347232e+02 4.021419990714960591e+02
4.448372058268295604e+01 5.346321665323204542e+01 4.877338711673350531e+02 3.950304700958953958e+02
4.448372058268295604e+01 5.346321665323204542e+01 4.877338711673350531e+02 3.950304700958953958e+02
4.448372058268295604e+01 5.346321665323204542e+01 4.877338711673350531e+02 3.950304700958953958e+02
4.448372058268295604e+01 5.346321665323204542e+01 4.877338711673350531e+02 3.950304700958953958e+02
4.448372058268295604e+01 5.346321665323204542e+01 4.877338711673350531e+02 3.950304700958953958e+02
4.448372058268295604e+01 5.346321665323204542e+01 4.877338711673350531e+02 3.950304700958953958e+02
4.448372058268295604e+01 5.346321665323204542e+01 4.877338711673350531e+02 3.950304700958953958e+02
4.448372058268295604e+01 5.346321665323204542e+01 4.877338711673350531e+02 3.950304700958953958e+02
4.448372058268295604e+01 5.346321665323204542e+01 4.877338711673350531e+02 3.950304700958953958e+02
4.448372058268295604e+01 5.346321665323204542e+01 4.877338711673350531e+02 3.950304700958953958e+02
4.448372058268295604e+01 5.346321665323204542e+01 4.877338711673350531e+02 3.950304700958953958e+02
4.448372058268295604e+01 5.346321665323204542e+01 4.877338711673350531e+02 3.950304700958953958e+02
4.448372058268295604e+01 5.346321665323204542e+01 4.877338711673350531e+02 3.950304700958953958e+02
4.448372058268295604e+01 5.346321665323204542e+01 4.877338711673350531e+02 3.950304700958953958e+02
4.448372058268295604e+01 5.346321665323204542e+01 4.877338711673350531e+02 3.950304700958953958e+02
4.448372058268295604e+01 5.346321665323204542e+01 4.877338711673350531e+02 3.950304700958953958e+02
4.448372058268295604e+01 5.346321665323204542e+01 4.877338711673350531e+02 3.950304700958953958e+02
4.448372058268295604e+01 5.346321665323204542e+01 4.877338711673350531e+02 3.950304700958953958e+02
4.448372058268295604e+01 5.346321665323204542e+01 4.877338711673350531e+02 3.950304700958953958e+02
6.227122344709486867e+01 4.631095653143687940e+01 1.591961472868658234e+02 4.208813917623764951e+02
6.227122344709486867e+01 4.631095653143687940e+01 1.591961472868658234e+02 4.208813917623764951e+02
6.227122344709486867e+01 4.631095653143687940e+01 1.591961472868658234e+02 4.208813917623764951e+02
6.227122344709486867e+01 4.631095653143687940e+01 1.591961472868658234e+02 4.208813917623764951e+02
6.227122344709486867e+01 4.631095653143687940e+01 1.591961472868658234e+02 4.208813917623764951e+02
6.227122344709486867e+01 4.631095653143687940e+01 1.591961472868658234e+02 4.208813917623764951e+02
6.227122344709486867e+01 4.631095653143687940e+01 1.591961472868658234e+02 4.208813917623764951e+02
6.227122344709486867e+01 4.631095653143687940e+01 1.591961472868658234e+02 4.208813917623764951e+02
6.227122344709486867e+01 4.631095653143687940e+01 1.591961472868658234e+02 4.208813917623764951e+02
6.227122344709486867e+01 4.631095653143687940e+01 1.591961472868658234e+02 4.208813917623764951e+02
6.227122344709486867e+01 4.631095653143687940e+01 1.591961472868658234e+02 4.208813917623764951e+02
6.227122344709486867e+01 4.631095653143687940e+01 1.591961472868658234e+02 4.208813917623764951e+02
6.227122344709486867e+01 4.631095653143687940e+01 1.591961472868658234e+02 4.208813917623764951e+02
6.227122344709486867e+01 4.631095653143687940e+01 1.591961472868658234e+02 4.208813917623764951e+02
6.227122344709486867e+01 4.631095653143687940e+01 1.591961472868658234e+02 4.208813917623764951e+02
6.227122344709486867e+01 4.631095653143687940e+01 1.591961472868658234e+02 4.208813917623764951e+02
6.227122344709486867e+01 4.631095653143687940e+01 1.591961472868658234e+02 4.208813917623764951e+02
6.227122344709486867e+01 4.631095653143687940e+01 1.591961472868658234e+02 4.208813917623764951e+02
6.227122344709486867e+01 4.631095653143687940e+01 1.591961472868658234e+02 4.208813917623764951e+02
5.346054492840370642e+01 5.167984132837391797e+01 1.389329797747119812e+02 4.083474448771590346e+02
5.346054492840370642e+01 5.167984132837391797e+01 1.389329797747119812e+02 4.083474448771590346e+02
5.346054492840370642e+01 5.167984132837391797e+01 1.389329797747119812e+02 4.083474448771590346e+02
5.346054492840370642e+01 5.167984132837391797e+01 1.389329797747119812e+02 4.083474448771590346e+02
5.346054492840370642e+01 5.167984132837391797e+01 1.389329797747119812e+02 4.083474448771590346e+02
5.346054492840370642e+01 5.167984132837391797e+01 1.389329797747119812e+02 4.083474448771590346e+02
4.299031856823712872e+01 6.251966068366518670e+01 1.144738215794519505e+02 3.995607128800865553e+02
4.299031856823712872e+01 6.251966068366518670e+01 1.144738215794519505e+02 3.995607128800865553e+02
4.299031856823712872e+01 6.251966068366518670e+01 1.144738215794519505e+02 3.995607128800865553e+02
4.299031856823712872e+01 6.251966068366518670e+01 1.144738215794519505e+02 3.995607128800865553e+02
4.299031856823712872e+01 6.251966068366518670e+01 1.144738215794519505e+02 3.995607128800865553e+02
4.299031856823712872e+01 6.251966068366518670e+01 1.144738215794519505e+02 3.995607128800865553e+02
4.299031856823712872e+01 6.251966068366518670e+01 1.144738215794519505e+02 3.995607128800865553e+02
4.299031856823712872e+01 6.251966068366518670e+01 1.144738215794519505e+02 3.995607128800865553e+02
4.299031856823712872e+01 6.251966068366518670e+01 1.144738215794519505e+02 3.995607128800865553e+02
4.299031856823712872e+01 6.251966068366518670e+01 1.144738215794519505e+02 3.995607128800865553e+02
4.299031856823712872e+01 6.251966068366518670e+01 1.144738215794519505e+02 3.995607128800865553e+02
4.299031856823712872e+01 6.251966068366518670e+01 1.144738215794519505e+02 3.995607128800865553e+02
4.299031856823712872e+01 6.251966068366518670e+01 1.144738215794519505e+02 3.995607128800865553e+02
4.299031856823712872e+01 6.251966068366518670e+01 1.144738215794519505e+02 3.995607128800865553e+02
4.329681018598589759e+01 5.443600801497039043e+01 1.265938705973308913e+02 3.973587285254088783e+02
4.329681018598589759e+01 5.443600801497039043e+01 1.265938705973308913e+02 3.973587285254088783e+02
4.329681018598589759e+01 5.443600801497039043e+01 1.265938705973308913e+02 3.973587285254088783e+02
4.329681018598589759e+01 5.443600801497039043e+01 1.265938705973308913e+02 3.973587285254088783e+02
4.329681018598589759e+01 5.443600801497039043e+01 1.265938705973308913e+02 3.973587285254088783e+02
4.329681018598589759e+01 5.443600801497039043e+01 1.265938705973308913e+02 3.973587285254088783e+02
4.329681018598589759e+01 5.443600801497039043e+01 1.265938705973308913e+02 3.973587285254088783e+02
4.329681018598589759e+01 5.443600801497039043e+01 1.265938705973308913e+02 3.973587285254088783e+02
4.329681018598589759e+01 5.443600801497039043e+01 1.265938705973308913e+02 3.973587285254088783e+02
4.329681018598589759e+01 5.443600801497039043e+01 1.265938705973308913e+02 3.973587285254088783e+02
4.329681018598589759e+01 5.443600801497039043e+01 1.265938705973308913e+02 3.973587285254088783e+02
4.329681018598589759e+01 5.443600801497039043e+01 1.265938705973308913e+02 3.973587285254088783e+02
4.329681018598589759e+01 5.443600801497039043e+01 1.265938705973308913e+02 3.973587285254088783e+02
4.329681018598589759e+01 5.443600801497039043e+01 1.265938705973308913e+02 3.973587285254088783e+02
4.329681018598589759e+01 5.443600801497039043e+01 1.265938705973308913e+02 3.973587285254088783e+02
4.329681018598589759e+01 5.443600801497039043e+01 1.265938705973308913e+02 3.973587285254088783e+02
4.329681018598589759e+01 5.443600801497039043e+01 1.265938705973308913e+02 3.973587285254088783e+02
4.329681018598589759e+01 5.443600801497039043e+01 1.265938705973308913e+02 3.973587285254088783e+02
4.329681018598589759e+01 5.443600801497039043e+01 1.265938705973308913e+02 3.973587285254088783e+02
4.329681018598589759e+01 5.443600801497039043e+01 1.265938705973308913e+02 3.973587285254088783e+02
4.329681018598589759e+01 5.443600801497039043e+01 1.265938705973308913e+02 3.973587285254088783e+02
4.329681018598589759e+01 5.443600801497039043e+01 1.265938705973308913e+02 3.973587285254088783e+02
4.329681018598589759e+01 5.443600801497039043e+01 1.265938705973308913e+02 3.973587285254088783e+02
4.329681018598589759e+01 5.443600801497039043e+01 1.265938705973308913e+02 3.973587285254088783e+02
4.329681018598589759e+01 5.443600801497039043e+01 1.265938705973308913e+02 3.973587285254088783e+02
4.329681018598589759e+01 5.443600801497039043e+01 1.265938705973308913e+02 3.973587285254088783e+02
4.329681018598589759e+01 5.443600801497039043e+01 1.265938705973308913e+02 3.973587285254088783e+02
4.329681018598589759e+01 5.443600801497039043e+01 1.265938705973308913e+02 3.973587285254088783e+02
4.329681018598589759e+01 5.443600801497039043e+01 1.265938705973308913e+02 3.973587285254088783e+02
4.329681018598589759e+01 5.443600801497039043e+01 1.265938705973308913e+02 3.973587285254088783e+02
4.329681018598589759e+01 5.443600801497039043e+01 1.265938705973308913e+02 3.973587285254088783e+02
4.329681018598589759e+01 5.443600801497039043e+01 1.265938705973308913e+02 3.973587285254088783e+02
4.329681018598589759e+01 5.443600801497039043e+01 1.265938705973308913e+02 3.973587285254088783e+02
3.370558048485565905e+01 7.607761422210838020e+01 7.708168349383089435e+01 3.818721314891075735e+02
3.370558048485565905e+01 7.607761422210838020e+01 7.708168349383089435e+01 3.818721314891075735e+02
3.370558048485565905e+01 7.607761422210838020e+01 7.708168349383089435e+01 3.818721314891075735e+02
3.370558048485565905e+01 7.607761422210838020e+01 7.708168349383089435e+01 3.818721314891075735e+02
3.370558048485565905e+01 7.607761422210838020e+01 7.708168349383089435e+01 3.818721314891075735e+02
3.370558048485565905e+01 7.607761422210838020e+01 7.708168349383089435e+01 3.818721314891075735e+02
3.370558048485565905e+01 7.607761422210838020e+01 7.708168349383089435e+01 3.818721314891075735e+02
3.370558048485565905e+01 7.607761422210838020e+01 7.708168349383089435e+01 3.818721314891075735e+02
3.370558048485565905e+01 7.607761422210838020e+01 7.708168349383089435e+01 3.818721314891075735e+02
3.370558048485565905e+01 7.607761422210838020e+01 7.708168349383089435e+01 3.818721314891075735e+02
3.370558048485565905e+01 7.607761422210838020e+01 7.708168349383089435e+01 3.818721314891075735e+02
3.370558048485565905e+01 7.607761422210838020e+01 7.708168349383089435e+01 3.818721314891075735e+02
3.370558048485565905e+01 7.607761422210838020e+01 7.708168349383089435e+01 3.818721314891075735e+02
3.370558048485565905e+01 7.607761422210838020e+01 7.708168349383089435e+01 3.818721314891075735e+02
3.370558048485565905e+01 7.607761422210838020e+01 7.708168349383089435e+01 3.818721314891075735e+02
3.370558048485565905e+01 7.607761422210838020e+01 7.708168349383089435e+01 3.818721314891075735e+02
3.370558048485565905e+01 7.607761422210838020e+01 7.708168349383089435e+01 3.818721314891075735e+02
3.370558048485565905e+01 7.607761422210838020e+01 7.708168349383089435e+01 3.818721314891075735e+02
3.370558048485565905e+01 7.607761422210838020e+01 7.708168349383089435e+01 3.818721314891075735e+02
3.370558048485565905e+01 7.607761422210838020e+01 7.708168349383089435e+01 3.818721314891075735e+02
3.370558048485565905e+01 7.607761422210838020e+01 7.708168349383089435e+01 3.818721314891075735e+02
3.370558048485565905e+01 7.607761422210838020e+01 7.708168349383089435e+01 3.818721314891075735e+02
3.370558048485565905e+01 7.607761422210838020e+01 7.708168349383089435e+01 3.818721314891075735e+02
3.370558048485565905e+01 7.607761422210838020e+01 7.708168349383089435e+01 3.818721314891075735e+02
3.370558048485565905e+01 7.607761422210838020e+01 7.708168349383089435e+01 3.818721314891075735e+02
3.370558048485565905e+01 7.607761422210838020e+01 7.708168349383089435e+01 3.818721314891075735e+02
3.370558048485565905e+01 7.607761422210838020e+01 7.708168349383089435e+01 3.818721314891075735e+02
3.370558048485565905e+01 7.607761422210838020e+01 7.708168349383089435e+01 3.818721314891075735e+02
3.370558048485565905e+01 7.607761422210838020e+01 7.708168349383089435e+01 3.818721314891075735e+02
3.370558048485565905e+01 7.607761422210838020e+01 7.708168349383089435e+01 3.818721314891075735e+02
3.370558048485565905e+01 7.607761422210838020e+01 7.708168349383089435e+01 3.818721314891075735e+02
3.370558048485565905e+01 7.607761422210838020e+01 7.708168349383089435e+01 3.818721314891075735e+02
3.370558048485565905e+01 7.607761422210838020e+01 7.708168349383089435e+01 3.818721314891075735e+02
3.370558048485565905e+01 7.607761422210838020e+01 7.708168349383089435e+01 3.818721314891075735e+02
3.370558048485565905e+01 7.607761422210838020e+01 7.708168349383089435e+01 3.818721314891075735e+02
3.370558048485565905e+01 7.607761422210838020e+01 7.708168349383089435e+01 3.818721314891075735e+02
3.370558048485565905e+01 7.607761422210838020e+01 7.708168349383089435e+01 3.818721314891075735e+02
3.370558048485565905e+01 7.607761422210838020e+01 7.708168349383089435e+01 3.818721314891075735e+02
3.370558048485565905e+01 7.607761422210838020e+01 7.708168349383089435e+01 3.818721314891075735e+02
3.370558048485565905e+01 7.607761422210838020e+01 7.708168349383089435e+01 3.818721314891075735e+02
3.370558048485565905e+01 7.607761422210838020e+01 7.708168349383089435e+01 3.818721314891075735e+02
3.370558048485565905e+01 7.607761422210838020e+01 7.708168349383089435e+01 3.818721314891075735e+02
3.370558048485565905e+01 7.607761422210838020e+01 7.708168349383089435e+01 3.818721314891075735e+02
3.370558048485565905e+01 7.607761422210838020e+01 7.708168349383089435e+01 3.818721314891075735e+02
3.370558048485565905e+01 7.607761422210838020e+01 7.708168349383089435e+01 3.818721314891075735e+02
3.370558048485565905e+01 7.607761422210838020e+01 7.708168349383089435e+01 3.818721314891075735e+02
3.370558048485565905e+01 7.607761422210838020e+01 7.708168349383089435e+01 3.818721314891075735e+02
3.370558048485565905e+01 7.607761422210838020e+01 7.708168349383089435e+01 3.818721314891075735e+02
3.370558048485565905e+01 7.607761422210838020e+01 7.708168349383089435e+01 3.818721314891075735e+02
3.370558048485565905e+01 7.607761422210838020e+01 7.708168349383089435e+01 3.818721314891075735e+02
3.370558048485565905e+01 7.607761422210838020e+01 7.708168349383089435e+01 3.818721314891075735e+02
