1.000000000000000000e+00 1.000000000000000000e+00 1.000000000000000000e+00 1.000000000000000000e+00
1.232118922608688827e+01 8.918161005047927858e+00 3.808483743822718679e+03 3.006119480807751751e-02
1.209547704443979121e+01 9.187946749916592992e+00 4.475857593772338078e+03 3.393275502640467900e-02
9.587560283621039403e+00 6.828366967380702590e+00 3.631012985554618353e+03 3.379681543924081821e-02
6.402426666947786948e+00 5.512254940573543038e+00 3.423539789349706098e+03 3.512433258355982663e-02
4.542316599261702059e+00 3.040528127693920446e+00 2.592549769448258303e+03 3.609676595840778657e-02
3.806732612654770698e+00 3.220982948206370988e+00 2.054337479039037589e+03 2.994323203668969313e-02
3.932514422176574431e+00 2.804024991024660185e+00 2.169403265213617033e+03 3.543482397100682774e-02
2.470232098184991010e+00 2.169377460208641750e+00 1.615869998561958027e+03 3.437272505900839520e-02
1.783378930510440608e+00 1.725228362927459624e+00 1.170643051173464073e+03 3.373784984844166446e-02
1.778200688733639012e+00 1.727970968537247520e+00 1.337262901126231327e+03 3.831602120448662774e-02
1.940491449295678628e+00 1.858732168775115712e+00 1.218600096560432348e+03 3.552039285434643173e-02
1.961495278460179348e+00 1.810455364174629933e+00 1.342472194798770715e+03 3.710140640084135660e-02
1.779022217057798949e+00 1.797119607450821777e+00 1.342575998688525488e+03 3.818117103264399848e-02
1.754976441018853084e+00 1.623658760059628836e+00 1.315616472886154042e+03 3.712118258559871098e-02
1.560089324475642636e+00 1.501901987050560550e+00 1.153464157776983484e+03 4.267215871065484917e-02
1.387468632915373146e+00 1.385446047971140127e+00 1.115531345570392432e+03 3.926315568425220448e-02
1.361092994906558218e+00 1.594413091169089247e+00 1.213342724167943061e+03 4.158898095449068549e-02
8.111823602913666997e-01 9.633058794851386830e-01 1.020993085353853985e+03 5.712259340617794473e-02
5.409527783371019805e-01 7.244945564970340923e-01 8.669028403386010950e+02 6.191087651423682336e-02
5.054483748644618135e-01 7.530682750949033721e-01 7.643986569534690716e+02 6.666932900721157795e-02
4.078622750967484945e-01 6.720097980133763471e-01 9.352315027857731593e+02 5.734528658929690520e-02
2.396495843479179988e-01 5.398268895338798057e-01 6.276929310076914135e+02 8.958405848760507550e-02
8.888009379749856054e-02 4.795144462893808357e-01 3.791672759394835452e+02 9.023427528374551587e-02
8.923174007239299821e-02 4.677745869528115441e-01 4.184299180696388589e+02 9.394502724386853687e-02
8.872168286379264468e-02 4.614881341709548557e-01 3.599962388131693842e+02 8.761470806678646472e-02
6.653479245451655866e-02 4.527726054226654528e-01 3.055121776013205022e+02 1.142864759797030116e-01
7.065777713380934355e-02 4.521039855361647652e-01 2.976724227275790895e+02 1.229301166113345167e-01
6.565203787582803152e-02 4.158464458408665521e-01 3.393742035283512450e+02 1.122472736400027260e-01
5.930551656006152750e-02 3.999587740601796004e-01 2.846232130368564981e+02 1.319541724825429030e-01
4.621836555132509405e-02 2.842000013617022036e-01 2.828398126102077299e+02 1.582035711346456708e-01
4.675255910801768416e-02 3.267640961052784010e-01 2.776381722474392859e+02 1.491878379049766112e-01
4.193308098313021370e-02 3.187356289539169940e-01 2.607993640913993545e+02 1.642776352342748269e-01
2.625478623540520445e-02 2.700512932294495405e-01 7.584564747234030335e+01 3.605380510162228824e-01
2.609179320971194427e-02 2.289421264461855843e-01 7.860689371712108198e+01 3.222211210175386920e-01
2.747619655183433651e-02 2.665462793843615952e-01 5.141259533439519913e+01 3.892866105253970366e-01
2.663336378972051832e-02 2.477173728246279405e-01 4.648578675368100477e+01 3.745433497540445744e-01
2.626292617427014586e-02 2.267325265396948619e-01 4.597492676123320621e+01 3.838456357670577690e-01
4.848025332093902628e-02 1.501521726227252052e-01 6.903296941675902687e-01 5.356264559240089262e-01
5.193895531732815873e-02 1.461900736992122751e-01 6.828295457147112169e-01 5.434312350593747398e-01
6.100015561433795586e-02 1.412829343055702624e-01 1.308489786901731178e-01 5.035711888042805340e-01
5.252843272498867316e-02 1.452678356373626745e-01 1.527310320864145865e-01 5.478829442694257423e-01
6.141631591475067015e-02 1.474548528966142247e-01 1.427898566416979931e-01 5.362613109038749659e-01
5.469573898334717521e-02 1.398712838460111629e-01 1.404159949935933072e-01 5.263527222693944463e-01
5.435729604280530036e-02 1.479551394804115017e-01 1.375420834841090401e-01 5.642330657925177517e-01
5.502797827702113342e-02 1.431073769909906035e-01 1.106417418771758615e-01 5.313870730645048335e-01
5.763490362390257665e-02 1.410388443661126645e-01 1.156421780076251210e-01 5.236679698443049702e-01
5.623677449353857438e-02 1.443276334749439560e-01 1.224819215841156522e-01 5.218363189637178490e-01
5.484974160851366354e-02 1.321849049121200381e-01 1.248384349876778265e-01 5.611317662336223755e-01
5.490098411646585769e-02 1.517756759117172838e-01 1.269823154943843790e-01 5.114023736494353045e-01
5.569493144865442225e-02 1.409540412450807079e-01 1.067601382986669983e-01 5.851156549550401431e-01
5.414154206640280770e-02 1.418791922010122775e-01 1.049677752179752482e-01 5.409673297249041335e-01
5.261430085003955537e-02 1.519344969626930386e-01 1.148346804058017478e-01 5.456506800898006659e-01
5.917919214882067652e-02 1.328165431289306253e-01 1.187124503801222780e-01 5.440080966477381930e-01
5.695500986292482276e-02 1.433453230390210331e-01 1.153523138084125294e-01 5.062284258811534654e-01
5.482789784552712792e-02 1.356864676501635114e-01 8.331543415309744516e-02 4.983494572835177605e-01
5.583894313641538792e-02 1.211915415162870130e-01 8.372686917341454205e-02 4.955564739886220149e-01
5.668993709462261804e-02 1.291825660662234698e-01 8.574177528895822464e-02 5.105405247664761559e-01
4.712390651851783296e-02 1.361960760043976204e-01 8.049492966422928941e-02 5.496733150237786969e-01
6.084491384531701824e-02 1.372208506964619212e-01 8.257209342019372622e-02 5.817377588486779549e-01
4.914289991852623801e-02 1.226536009529883009e-01 8.321897885383339188e-02 5.305887228564233338e-01
5.500792370534314524e-02 1.191255871246733045e-01 8.606753807414049828e-02 5.113876825407813742e-01
5.990948099774835028e-02 1.439657058838558767e-01 8.590969457432158507e-02 5.528903170418433266e-01
5.538429991378217288e-02 1.294968297697604298e-01 8.042004399289987004e-02 5.594198676133559367e-01
6.284941574929873986e-02 1.329331707740398771e-01 8.505092676355435755e-02 5.828096537654171572e-01
5.675693565058052836e-02 1.425636525926022302e-01 8.229767989523102678e-02 5.751017672558933480e-01
5.651221480284022991e-02 1.325567769190508782e-01 7.734486067464409198e-02 5.410475429147423299e-01
5.637956894573974836e-02 1.396618793426936123e-01 7.872743194065094652e-02 5.299983978970613796e-01
5.639177932074983246e-02 1.304437439104913221e-01 8.347355764841903059e-02 5.936093052290228878e-01
5.375661469333162246e-02 1.271200662123066205e-01 7.642862576876233160e-02 5.795921711008590327e-01
5.611111993540137538e-02 1.371144555162964462e-01 7.732898149370243113e-02 5.772707868643740525e-01
5.659766601475402920e-02 1.312362176408284897e-01 7.967497315175457728e-02 5.116473903150490221e-01
5.307717682662618786e-02 1.298705720860858226e-01 8.620816396819083738e-02 5.196982229993103442e-01
5.751573721323131883e-02 1.334007048415436492e-01 8.254505484912312563e-02 4.945196982040507838e-01
5.441283003362147597e-02 1.323961576428836773e-01 7.934635839086236209e-02 5.502478595797019034e-01
5.525982114311042692e-02 1.357777193656152515e-01 8.258537742772303902e-02 5.888909664917323372e-01
5.734917704662722410e-02 1.402570075039545894e-01 8.156257827389902515e-02 5.459870518045741861e-01
5.565119560237497681e-02 1.254395041426964730e-01 7.659802995169302797e-02 6.119210031944058992e-01
5.737928142138869203e-02 1.385742090060165521e-01 8.008956603213628067e-02 5.474997196099776753e-01
5.608773207640979641e-02 1.340500968183674091e-01 8.063846986828120122e-02 5.598485843506231241e-01
5.318058788861369790e-02 1.335792677032194009e-01 8.348716767339803280e-02 5.749082536130895038e-01
5.983901637793402617e-02 1.448031043406162177e-01 9.061886687924512740e-02 5.504545014097534938e-01
5.785459906033307148e-02 1.485255331036051674e-01 8.223732372978775906e-02 5.126551965109519271e-01
5.355423184303994416e-02 1.305300543629861199e-01 9.313449812806071093e-02 5.692749764453134409e-01
5.319974226723467314e-02 1.180565725899457435e-01 9.492211103750045065e-02 5.713785534467681337e-01
4.977590172615574404e-02 1.446261515839872280e-01 8.042205822910662716e-02 5.270251829990604264e-01
5.740318752134577346e-02 1.414860538190688688e-01 8.867112797446888295e-02 5.534445082011482109e-01
5.532740996283039281e-02 1.617396226897535316e-01 8.503993941768323017e-02 5.682864148725352837e-01
6.011800824471132815e-02 1.347222086322194812e-01 7.372131283312122196e-02 5.806874500978853604e-01
5.945956889282813518e-02 1.369358853881323945e-01 8.214307344982028913e-02 5.186415088031449683e-01
5.764189882054618352e-02 1.345823509280871244e-01 7.832055325558620607e-02 5.774590297006180206e-01
5.626895259777075359e-02 1.312577472567339198e-01 7.890108442713696102e-02 5.561514108973709680e-01
5.659194499814365620e-02 1.359860348528345586e-01 8.622914422620907293e-02 5.142221472236437885e-01
5.878881679821046369e-02 1.238057593622327590e-01 9.182610565223381371e-02 5.465733645558794596e-01
5.396372244098173593e-02 1.338821700689152849e-01 7.972964458676867761e-02 5.726624971875352577e-01
5.475719150684064951e-02 1.282717014413260193e-01 8.191736354014671206e-02 5.213423773959140473e-01
5.613304472681628771e-02 1.259585050717144938e-01 8.558134963085849145e-02 5.194664682838244785e-01
5.668640273692134718e-02 1.357567317773336890e-01 8.443469245050000405e-02 5.508005604165705504e-01
5.032536203723449869e-02 1.296154005609503335e-01 8.071447332980342948e-02 5.287228806070243259e-01
5.744214481120443055e-02 1.335250029279911321e-01 7.997872197233327207e-02 4.998345285083091727e-01
5.512310038832766296e-02 1.378142186140192682e-01 7.993860322238098559e-02 5.307657193553046993e-01
6.071905811634887434e-02 1.272380885266029549e-01 7.290590728875766258e-02 5.608634589027097217e-01
5.785979797064077362e-02 1.244511143124415742e-01 7.996832960230870757e-02 5.047952223416457551e-01
5.372766261565312812e-02 1.289169508055402202e-01 7.672365094787531037e-02 5.411748370386558760e-01
5.423658668912242214e-02 1.221935335693553476e-01 7.564684597268366006e-02 5.511819056677125239e-01
5.950732589442288278e-02 1.331872239647779177e-01 7.219919825828115256e-02 5.469622371403517480e-01
5.878103753512564644e-02 1.232460590207887785e-01 7.954798312180731690e-02 5.687200962287423112e-01
5.680182036338116830e-02 1.145805099558429990e-01 8.321090321402052625e-02 5.689056414171360654e-01
6.450210950220996997e-02 1.230897359577278610e-01 8.154110713464302052e-02 5.592715595823042340e-01
6.037173415801781046e-02 1.086048392677218116e-01 7.127090647884466723e-02 5.312676996692101694e-01
6.046613478117898732e-02 1.295190221059060731e-01 7.162965675377598596e-02 6.080653446055251932e-01
5.738153852494119744e-02 1.084362492269223405e-01 7.447272700690044100e-02 5.833816593144186546e-01
6.425649439714881117e-02 1.078656720402208224e-01 8.436782046770095744e-02 5.467349474279030730e-01
5.775669777248725739e-02 1.186312369760019053e-01 8.208807877739776604e-02 5.806717035699531237e-01
5.655903077311967564e-02 1.192275945780466168e-01 7.189072933700661749e-02 5.230485370078816754e-01
6.060110969640187389e-02 1.142028451166080955e-01 7.477839167093003336e-02 5.517802346457458817e-01
6.384207810836732555e-02 1.053911323583354015e-01 7.323198431897594285e-02 4.708454516177693616e-01
5.195660125222274772e-02 1.070655921417713735e-01 7.639207048139962097e-02 5.268899891413124648e-01
5.628533499600918422e-02 1.216107220590370575e-01 8.038664753870147783e-02 5.075289035178767172e-01
6.267763295069234131e-02 1.087353739456386609e-01 7.654991219862194995e-02 5.743915289787615563e-01
5.441988173502654985e-02 1.141544376702490621e-01 7.497269457373857693e-02 5.429672088927065543e-01
5.867827167085548634e-02 1.113412672928723174e-01 7.668341198947277448e-02 5.406336041084185418e-01
6.024731276727246509e-02 1.131821478029823719e-01 7.521139245367539083e-02 5.425269292367427276e-01
6.190012506808129089e-02 1.089352713589975125e-01 7.424862800970313814e-02 5.265453371262297511e-01
5.661007641685089631e-02 1.172851301952311243e-01 6.918651208661819041e-02 5.547177216546906875e-01
6.149227274359588685e-02 1.186254127972963396e-01 7.686367893014527108e-02 5.605932665616606414e-01
6.107007671139605409e-02 1.005991049272391552e-01 7.169731561822720312e-02 5.239944695492902982e-01
6.210976069824104828e-02 1.200020795904065962e-01 6.794339225192620735e-02 5.914744575385981751e-01
5.665555411938760083e-02 1.181348443836965911e-01 7.268079645020460167e-02 5.823300841310629083e-01
5.729715613898267446e-02 1.182872105224425652e-01 7.408666383049797299e-02 5.398274047659703534e-01
5.563587205809099323e-02 1.168230612632304988e-01 7.536442578450903984e-02 5.677202960901853723e-01
5.924392973059035977e-02 1.007409321540514574e-01 7.275119021591658353e-02 5.532759153670379071e-01
5.343254095576592533e-02 1.076245044668383416e-01 6.935381853278033137e-02 5.816059002566477121e-01
5.638441432364283551e-02 1.060726179104211769e-01 7.086354750800158420e-02 5.954403951441608056e-01
6.074845121673406317e-02 1.160110519305509458e-01 7.986277396132179796e-02 5.635965363208563783e-01
6.057355777956183879e-02 1.223523908611377359e-01 6.843255435697569167e-02 5.506252417147364797e-01
6.416370213245142784e-02 1.268567991847947274e-01 6.364244131853039055e-02 5.097943960566472255e-01
6.134258137685460327e-02 1.189005648987143116e-01 7.155208836082189994e-02 5.677660652004992148e-01
5.526059266609773674e-02 1.035855594560840254e-01 7.140335959043565828e-02 5.355738112397990802e-01
6.080958980543440390e-02 1.095757099493593900e-01 6.922026574271743227e-02 5.255201446926747177e-01
5.778421053484925074e-02 1.070248506725339777e-01 7.008150447589138465e-02 5.867896575383008129e-01
5.369745644927679390e-02 1.140030778750632801e-01 6.652107030691112310e-02 5.449745378007910812e-01
5.853976388727075153e-02 1.079316588693308709e-01 7.263906429641669993e-02 5.626583621745933073e-01
5.561027067301626409e-02 1.078685426180737428e-01 7.715779812143615246e-02 5.788692087839927281e-01
5.924596516494274462e-02 1.163488889249250785e-01 6.788009113514070769e-02 4.662602558111969553e-01
5.799686123174216390e-02 1.000462158398827406e-01 7.695316907238416992e-02 6.049277688011339693e-01
6.099979590407583752e-02 1.012401758036070298e-01 7.287432088411940900e-02 5.551149882309873718e-01
5.812726223372288031e-02 1.162301958905979926e-01 6.552400972596415796e-02 5.572197536786303029e-01
5.775540300744468752e-02 1.142176079615574574e-01 6.923921918079935234e-02 5.950642570690770627e-01
6.068521018119164140e-02 1.174712677065410382e-01 6.636087582303416832e-02 5.222411255785209816e-01
5.471691076827405603e-02 1.175069327828964227e-01 7.727853646253504682e-02 5.289641976186096883e-01
5.758657279696639125e-02 1.041333785995586791e-01 6.970212291107269476e-02 5.152853941979279595e-01
5.681713650432775736e-02 1.110802951772195263e-01 7.713098433768300621e-02 5.797110572283544760e-01
6.302054774643588153e-02 1.125060583196229730e-01 7.018024685720912481e-02 5.914250258801980742e-01
5.510673017315177724e-02 1.069610453698192493e-01 7.535031856192217492e-02 5.167731709848878419e-01
5.948032635039959132e-02 1.029461453123979298e-01 7.116110633166194965e-02 5.727982351638792879e-01
5.814133902884014576e-02 1.124008563937838878e-01 6.867059998398869491e-02 5.682384949697538712e-01
5.679181327147698327e-02 1.180259941594966611e-01 7.568759573659755713e-02 5.486710485352308542e-01
5.481729475655489070e-02 1.158031340878106080e-01 6.937926580187891989e-02 5.678477778377506446e-01
5.549450422447717995e-02 1.112333088416353616e-01 7.078375403248506059e-02 5.094841963852146938e-01
5.915168231223963402e-02 1.033462465112466866e-01 6.749258656212375751e-02 5.242645455752007466e-01
5.758172865016706471e-02 1.092462380257828436e-01 7.731427884279248874e-02 6.031019614460541023e-01
5.638888796469964521e-02 1.090035219002129796e-01 7.243518068215015759e-02 5.575768856644921501e-01
6.003933154406362188e-02 1.140810801396962282e-01 7.479109084588926593e-02 5.766037250040505491e-01
5.891086751417683176e-02 1.071206765054188437e-01 7.234386578758504605e-02 5.961890041392696737e-01
5.879595038826745251e-02 1.043356413307032493e-01 7.702405848805135569e-02 5.536842365957921341e-01
5.899348052686816113e-02 1.166590676048059189e-01 6.941881351454470828e-02 5.309884345687317930e-01
5.416287602809800178e-02 1.202838049824557221e-01 7.641596885099172232e-02 5.650530618887892320e-01
5.821165539852136278e-02 1.064055720111391767e-01 7.357575546609154693e-02 4.668198846704883498e-01
5.602349084173457311e-02 1.073258367138394120e-01 7.156390775314416808e-02 5.902548698465988064e-01
5.704040634093748147e-02 1.131246395848300446e-01 8.005749096190108161e-02 5.277958668174155266e-01
5.750116014236603124e-02 1.154980406394223308e-01 7.344781993144557097e-02 5.312789602939589351e-01
5.952264674875033107e-02 1.138459842649322401e-01 6.865966820755704803e-02 4.995716004089804652e-01
5.151773382650256389e-02 1.076428173463786359e-01 7.839699558003737634e-02 6.014254409050098227e-01
6.179594372154577353e-02 1.101586352399593349e-01 6.948007240549934627e-02 4.811904979124665971e-01
5.774671268908287275e-02 1.047595093011776807e-01 6.892293426856611893e-02 5.627106925316015529e-01
6.260827755786313453e-02 1.089618413687885590e-01 7.483222927906500732e-02 5.381064949096282524e-01
5.908156484081177745e-02 1.146483161136105655e-01 7.181283482945872987e-02 5.598451154371092420e-01
6.140237737677278762e-02 1.183722102651480340e-01 7.538240047108227260e-02 5.312359177826022627e-01
5.400701511396761856e-02 1.139616671908953299e-01 7.928857810660654148e-02 5.527382296741841783e-01
5.804227341273857088e-02 1.250078506178111670e-01 7.422917358145099398e-02 5.383777524503373657e-01
5.530098883413324395e-02 1.003957172024174532e-01 7.109779420291133245e-02 5.530808796858673881e-01
5.845601686029696514e-02 1.134591154047230460e-01 7.141581853901719790e-02 5.719379127838377652e-01
5.270187204875836223e-02 1.117934646139308874e-01 7.275082764270410229e-02 5.661252638743232701e-01
5.591405612026009719e-02 1.177368527109717289e-01 7.627172675619632580e-02 5.323748480612661149e-01
5.972701063919762243e-02 1.066613587348757552e-01 7.342656442048728360e-02 6.006759951706160949e-01
5.769348262976878999e-02 1.134245713212368029e-01 7.263661051505693189e-02 5.276129399116875618e-01
6.569395758351173620e-02 1.167973247694474859e-01 7.239359800793629396e-02 5.503805514553467004e-01
5.643939700094943029e-02 1.112290655566618158e-01 7.101037876222333900e-02 6.078954679543715489e-01
5.426594691867885067e-02 1.170995920636438425e-01 7.641582316780377859e-02 5.251756822031619087e-01
5.339178818800836834e-02 1.267689933310277572e-01 7.508215603070214628e-02 5.157450858457611753e-01
5.789232275503103375e-02 1.102217738232710575e-01 6.573430654602388512e-02 5.707793305974014908e-01
5.998535550542146572e-02 1.058687218001043706e-01 7.469122476191172866e-02 5.132850715635223215e-01
5.831389080358539284e-02 1.207238802957145002e-01 7.693066637246037676e-02 5.044775067090289111e-01
5.360799394643502719e-02 1.145497942037224520e-01 6.895827189554676329e-02 5.514529109400461149e-01
5.752179541253014255e-02 1.213130606303476355e-01 6.657649863953002400e-02 5.090624671396865031e-01
5.468187657458032508e-02 1.143722254889164847e-01 6.901431038803516882e-02 5.349370920559962661e-01
6.224878265926048204e-02 1.131380177499205358e-01 7.224481542563959691e-02 5.600772984821797973e-01
5.506416361251520453e-02 1.062840789449090162e-01 7.656229452200398466e-02 5.798602023451597809e-01
5.815292053494552221e-02 1.178209789766734433e-01 7.015846720009118187e-02 5.309257346802606081e-01
5.592097971414163038e-02 1.146387433200239253e-01 7.624024674276495828e-02 5.861631213031395227e-01
5.897010738834676524e-02 1.106646820018523519e-01 7.495070980737332522e-02 5.082990909066719132e-01
5.983598852503378002e-02 1.139197102193501426e-01 7.315262634210777104e-02 5.394889865345254831e-01
5.703496590544405304e-02 1.178148497434653441e-01 8.415934607352809627e-02 5.342441378410355268e-01
5.440812749344757504e-02 1.213483893918596290e-01 7.312311830571045779e-02 5.372700273667594395e-01
5.606243858084782733e-02 1.150376741046609530e-01 7.821519043816048400e-02 5.297951935858841166e-01
5.894178209642408212e-02 1.235009633722939093e-01 7.342603223475061003e-02 5.751058348378682572e-01
5.710580166548830106e-02 1.128286265894353629e-01 7.261826680268415601e-02 5.635081430558421811e-01
5.462559983429497723e-02 1.129451958670872752e-01 6.764103919811829957e-02 5.868396964447554209e-01
5.672482655823703201e-02 1.232008656143652875e-01 7.288429158922681006e-02 5.665338830572202999e-01
5.923748436970406595e-02 1.066666812055506591e-01 8.192129066650442881e-02 5.595087060755401520e-01
6.036976884542519239e-02 1.158311873875673970e-01 7.864363428048878890e-02 6.281021685776185803e-01
6.322340614204448317e-02 1.124837011575174350e-01 6.414053214554181481e-02 5.900364298797700080e-01
5.859768909836930717e-02 1.157684490719485954e-01 6.858232328623384277e-02 5.393806987043834322e-01
5.520949005013444516e-02 1.125474736459755459e-01 8.029532978516011610e-02 5.316846756078908998e-01
6.143530790553963783e-02 1.142915966634402009e-01 6.370908976118626332e-02 5.514834774393325700e-01
5.686064596062583021e-02 1.155160227547124829e-01 7.292223725501817411e-02 5.738360759678332590e-01
6.256507905757101307e-02 1.071754153438465446e-01 7.366300586889046320e-02 5.768033290644870581e-01
6.117680255721127253e-02 1.046688955265110965e-01 7.204665678601132606e-02 5.521846561458638725e-01
5.872482044433827153e-02 1.089931346542593049e-01 7.164850083836012129e-02 5.795695601818651177e-01
5.434194412651441319e-02 1.190882523748468397e-01 7.187744751632751949e-02 4.989675446007813542e-01
5.657709492963190756e-02 1.207607039533520193e-01 6.986557620139843827e-02 5.308936579928659194e-01
5.880376394486074715e-02 1.209759341451010356e-01 6.739866444396647172e-02 5.621943624778737991e-01
5.988425075360019612e-02 1.076177546880713182e-01 7.281912296040871091e-02 5.621807714391251487e-01
5.779430791048691812e-02 1.209456409228148871e-01 7.339264148232685359e-02 5.451356600907124594e-01
5.895372909204310563e-02 1.112692584243787364e-01 7.502534298054108763e-02 5.081349945367975574e-01
6.025328732582423130e-02 1.087817218455007368e-01 7.188946454154836185e-02 5.471972933566295882e-01
5.659551128308507734e-02 1.199753181329462903e-01 7.229613136674871432e-02 5.779983488059898811e-01
5.966163050083352071e-02 1.142761054290933331e-01 7.497979742110191803e-02 5.450191580495596932e-01
5.844427607642692368e-02 1.120016771136608386e-01 7.327836986269868624e-02 5.584856142154965841e-01
5.390884290948540214e-02 1.172187075557852426e-01 6.754567633466694587e-02 5.252341149882554516e-01
6.570653344644834803e-02 1.174372220180683601e-01 6.739945302397847005e-02 5.464392261091860492e-01
6.021513819604774886e-02 1.142590963549020566e-01 7.234078934362714319e-02 5.655520216172589265e-01
5.940112412028035471e-02 1.048072351779982675e-01 6.816009836903405561e-02 5.628522772719645184e-01
5.814917474444811218e-02 1.085193312158114071e-01 6.812975068234217169e-02 5.738791623246384255e-01
5.415334882276427730e-02 1.065203854063582617e-01 6.448445661062933432e-02 5.501729946194275911e-01
5.982687157757063390e-02 1.062227270610654334e-01 7.182801092227956985e-02 5.430587725075106675e-01
5.472432413933014939e-02 1.089974673980329406e-01 6.648556507114594671e-02 5.731250558964301467e-01
5.654237889550771390e-02 1.092647091469248349e-01 6.827412613706483613e-02 5.396481612068554368e-01
5.768035767082822785e-02 1.060257676852068426e-01 7.170591642318152603e-02 5.422181431022408127e-01
6.459818297410972743e-02 1.028623431051276377e-01 6.272263042712948600e-02 5.485335263267298034e-01
6.161054168489114857e-02 1.092630921448355524e-01 7.419179127030092746e-02 5.186574634149382357e-01
6.276111065988113080e-02 1.114547941865918212e-01 7.500102958564817957e-02 5.105141443192089401e-01
5.786537267763431497e-02 1.030924794673441086e-01 7.416621363372499776e-02 5.708680747257287580e-01
5.993996448264331950e-02 1.004409092126963832e-01 6.493869982485714343e-02 6.014844446914172638e-01
5.319661230407547042e-02 1.111199009494150680e-01 7.150859560236355605e-02 5.486841959021987458e-01
6.136626107276176717e-02 1.160043090481430728e-01 7.195058873562681923e-02 5.373732756898128571e-01
6.054541430180827161e-02 1.041757823961499824e-01 6.657533144837290973e-02 6.288022628602646380e-01
6.106974151161475434e-02 1.044791613688865056e-01 7.443971102031449183e-02 5.687781021209435961e-01
6.581181629950413892e-02 1.117738322377845317e-01 6.753549808918866970e-02 5.513038614236590584e-01
5.589528732734694305e-02 1.164429724455373211e-01 7.232393398595762801e-02 6.241790321309248490e-01
5.964276819328154233e-02 1.160025740354295176e-01 6.923013544802962549e-02 5.275753898042774281e-01
5.822561884495704859e-02 1.230452457381017023e-01 7.096722460150015066e-02 5.963113963470276779e-01
6.529301079800242658e-02 1.010687580741196495e-01 6.966896017845465583e-02 5.758265733043708146e-01
5.796460146750077869e-02 1.127029598440016517e-01 6.960410356342257299e-02 5.451181714156126956e-01
5.858661222149571385e-02 1.164687486525960297e-01 6.787142715923048797e-02 6.183033064452836403e-01
6.010741673031109317e-02 1.036183636903247468e-01 6.258589222527644047e-02 5.018848918294351868e-01
5.567728358799754057e-02 1.089952967818387797e-01 6.840619606965614441e-02 5.386652672925201779e-01
6.123015549179101902e-02 1.084525689774856888e-01 6.411758507554454756e-02 5.900769297815736669e-01
6.517773366602427898e-02 1.101835332597672634e-01 6.651369116649989699e-02 5.506960296862418724e-01
5.914215321943180892e-02 1.099566854292748780e-01 6.895825631097148023e-02 5.521309005611433340e-01
5.704075385312779023e-02 1.054693187498224050e-01 6.758761015628565738e-02 4.933757778554407891e-01
5.515264683700905890e-02 1.064929618289780083e-01 7.627906102512785336e-02 5.594787357114138215e-01
5.697469422269988565e-02 1.080394989538024098e-01 7.407874973636686955e-02 6.033010174310480256e-01
5.609658600308419646e-02 1.155165912399950118e-01 6.929736021423524295e-02 5.288595648759986112e-01
5.408188384678368210e-02 1.063845521027690505e-01 6.568046350147234425e-02 5.217613587508869166e-01
5.881632412861163145e-02 1.024306690757851024e-01 7.494831772471730047e-02 5.398667037383050316e-01
5.686035153963148875e-02 1.148875496500689763e-01 6.831409741541953629e-02 5.291480403918260578e-01
5.946551936983945907e-02 1.104394681498928332e-01 6.673272959517122238e-02 5.736444956535142747e-01
5.611305556722921001e-02 1.089611181300574189e-01 7.187759176805480488e-02 5.450988966701441063e-01
5.578277594632520542e-02 1.031041804433927983e-01 6.878791798298081184e-02 5.447069756961654408e-01
5.439397451837714448e-02 1.117867020672854705e-01 7.043863764176371001e-02 5.917749674342894783e-01
5.923086470524223379e-02 1.131593979700989128e-01 7.146262602349769122e-02 5.538757033513721506e-01
6.387855641271487916e-02 1.028048108601818666e-01 7.403694818746894835e-02 5.777308749643975672e-01
5.585058944045907109e-02 1.084410272965837529e-01 7.293974754961966844e-02 5.625421273804145361e-01
6.178720416491614159e-02 1.045049647545202715e-01 7.254672764639991112e-02 5.472255690618014201e-01
5.926356658553719181e-02 1.122228210914402724e-01 6.979513311231494432e-02 5.396849228034752421e-01
6.030697559997078017e-02 1.112539575016283089e-01 6.989163262745663741e-02 5.285663640246259787e-01
6.577796031290288059e-02 1.072462356608391565e-01 7.358921701604928534e-02 5.575904552610810860e-01
5.859678060608377453e-02 1.165342741756636574e-01 6.811804153321100730e-02 5.661457568980365895e-01
5.445276507578488551e-02 1.021430044731943126e-01 6.839667162326784622e-02 5.304783303299127617e-01
5.755313651080540271e-02 1.020153781294406148e-01 6.764381514284557861e-02 5.489086123254722782e-01
5.776318142421546509e-02 1.021888243382102074e-01 7.236848512487181750e-02 5.479348671713062391e-01
5.878363661927465261e-02 1.025867508867769895e-01 6.989149486884525808e-02 5.136877675317885750e-01
5.744119960478809989e-02 1.077573767776045383e-01 6.841236047101836859e-02 5.382277939471094008e-01
6.244252727346220888e-02 1.014913888924204449e-01 6.786841094115965423e-02 5.415011099659650107e-01
5.542721119820407522e-02 1.082273301339403138e-01 7.279129744685709780e-02 5.870471453171259846e-01
5.893774043270573471e-02 9.634204402844905035e-02 6.930100912807507507e-02 5.683988075774620841e-01
5.540725589705702142e-02 1.099423496404358658e-01 7.547027447582237147e-02 5.840178678176913829e-01
6.132723125689508448e-02 1.232016986638279632e-01 6.578503058698866035e-02 5.352786049864487472e-01
6.404038871384312714e-02 1.079867356691851105e-01 6.709533382508758859e-02 5.804591638312360802e-01
6.094953836437617956e-02 1.134027958478661113e-01 7.426338332319373792e-02 5.792638296290003597e-01
5.849051958315506367e-02 1.140439405729532368e-01 7.409576304776749334e-02 5.922798983714940846e-01
5.102102910742442599e-02 9.521032650161667665e-02 7.311927121677543051e-02 5.212437035130592644e-01
5.611048958416525734e-02 1.109599275064753060e-01 7.270486772154985400e-02 5.097150118443102285e-01
6.205344397747474677e-02 1.039878373048158666e-01 7.123561356489603591e-02 6.023719980291102338e-01
5.913468046609849510e-02 1.099379536207026331e-01 7.682257074567758193e-02 5.747204867518803661e-01
6.604513298023964585e-02 1.140790607237143484e-01 7.543557614397833344e-02 5.638655250499049476e-01
5.913717842669790475e-02 1.063735755809209482e-01 6.771514275581215492e-02 5.496708870279323200e-01
5.989982183525732057e-02 1.072035557805439410e-01 7.238578451261973301e-02 5.147664058572115620e-01
5.819728344482252846e-02 1.106469204328379974e-01 7.316230829755827891e-02 5.436207781801974948e-01
6.067985878900585689e-02 1.062124806286779688e-01 7.325433028114890222e-02 6.203145146755094652e-01
6.957380400993164182e-02 1.025369430558349670e-01 7.405571363865628975e-02 5.867612820943383101e-01
5.404964455286491443e-02 1.133046567395861320e-01 7.266882224204969376e-02 5.493771817097440335e-01
6.513901709223383907e-02 1.113441535620454254e-01 7.463683896587475219e-02 5.482631674385527454e-01
5.661191147501361959e-02 1.011579919198422328e-01 7.244105528881343570e-02 5.934950982832656319e-01
5.685694424467741676e-02 1.051588811924563938e-01 7.045348487450797670e-02 5.274193467871221008e-01
5.364768068141961138e-02 9.627111180022723813e-02 6.510706899886824217e-02 5.340054167843560906e-01
5.938762746089806116e-02 1.033907879649897110e-01 7.486577714753242518e-02 5.554256366633414377e-01
6.658277908766611908e-02 1.076422322276051474e-01 7.323168175287841919e-02 5.704220827556313322e-01
5.721163310482606235e-02 1.216583430789918152e-01 6.967411879733791114e-02 5.487614979524937375e-01
6.341535875420473145e-02 1.145433015701635554e-01 6.612559650241207898e-02 5.480481220677668741e-01
6.244077189181845150e-02 1.157547807649630806e-01 7.107305202848845926e-02 5.654792939930647355e-01
5.809633161971324011e-02 1.036711248554401110e-01 6.850242142040550986e-02 5.004531768225624067e-01
5.462056995375174501e-02 9.796718476743981885e-02 7.060355828731187944e-02 5.299450098418460042e-01
6.514442450821626707e-02 1.009193081818903076e-01 6.022174197703103471e-02 5.378719517095811309e-01
5.780809112331544014e-02 1.101033482388448920e-01 7.233286896083954143e-02 5.434694545890246253e-01
6.028542677955006646e-02 1.114073865487348741e-01 7.314121188353144010e-02 5.360066778471879179e-01
5.788482785745541204e-02 1.064115880902127276e-01 6.977730476878660215e-02 5.043705521896965083e-01
5.990002821088367957e-02 1.103662880095821891e-01 6.972209084866290429e-02 5.058796698558497562e-01
6.499436337668609842e-02 1.074048491651472398e-01 6.704759898588334710e-02 5.772816161575330396e-01
5.824531068361098879e-02 1.122176377480655213e-01 6.959428149702943933e-02 5.567396084059026418e-01
6.265056603967275595e-02 1.054380704336945057e-01 7.026370228531669815e-02 5.678817881187909755e-01
5.248074789575803145e-02 1.077637135410122737e-01 7.246003543489790144e-02 5.813226065463780179e-01
5.948938112900945679e-02 1.182091082727785014e-01 6.695442355474683083e-02 5.410147653080183971e-01
6.267817860635889471e-02 1.053990468019877641e-01 7.675174562622309737e-02 5.227216848057018028e-01
6.079008558038534460e-02 1.120265081148633241e-01 7.364515839511052986e-02 5.424226343015002838e-01
5.388446789082607102e-02 1.157543021823529139e-01 8.252006386871217625e-02 5.374290388247615624e-01
6.233578242688902343e-02 1.004767013219997202e-01 7.160725720722628529e-02 5.923664672347083160e-01
6.204947637955386675e-02 1.039192259058753925e-01 7.188849980294154118e-02 5.217607527211641782e-01
5.778099636066993949e-02 1.128420804029365149e-01 7.562874066243877036e-02 5.634899408802881426e-01
6.010970188154493576e-02 1.150931691707836046e-01 6.616752631490364911e-02 5.296461054495646970e-01
5.447672628184861005e-02 1.064615505392340067e-01 6.768150217741615571e-02 5.494606660035098455e-01
5.835275497954504204e-02 1.129059658749048123e-01 7.148587977755131717e-02 5.271359248249416485e-01
5.813225200275606852e-02 1.242697763660585430e-01 6.549935721163549496e-02 5.341629141930961389e-01
5.939029022706491384e-02 1.069237785373994970e-01 7.573013715310675242e-02 5.426134198083886195e-01
6.117012969341776435e-02 1.138288528955104101e-01 7.393531695027261152e-02 5.764227908553599677e-01
5.974468709504745373e-02 1.106134576338489717e-01 7.375621100583196199e-02 5.140040889101216148e-01
5.942571547315127212e-02 1.020175952090707633e-01 6.384625447180419799e-02 5.690471692438080487e-01
5.797320721164226504e-02 1.052641810895073027e-01 7.395829655995690699e-02 5.425759348101544255e-01
5.801676171707664115e-02 9.315384240748215972e-02 6.686432655890685306e-02 5.554967136946820094e-01
5.986526468537903267e-02 1.023210595393592021e-01 7.138720795671606167e-02 5.385512656605652149e-01
6.478986306607073531e-02 1.124459458987010219e-01 6.982730181954842352e-02 5.663325333276587603e-01
5.454245574097630472e-02 1.110640929380460745e-01 6.409671248745557603e-02 5.736666903549002550e-01
6.445252257376614391e-02 1.067112517903884561e-01 7.167010035552882907e-02 5.447419017366177396e-01
5.799308729053131301e-02 1.147972761282866488e-01 6.733246054817443316e-02 5.047620678986530773e-01
6.100505806277486259e-02 1.047244685415504029e-01 6.628073288834558652e-02 6.156588025170551814e-01
5.767766895541200090e-02 1.072598888623983171e-01 7.263209716906691982e-02 5.323698642955057014e-01
5.842924534558859018e-02 1.049298270697078539e-01 6.611723229144776670e-02 5.546090510460253142e-01
5.804395691628156523e-02 1.029373376999899725e-01 7.554051374186063206e-02 6.383787035376626839e-01
5.905179354052569884e-02 1.084743736665676472e-01 6.892193892486202234e-02 5.378893419807498910e-01
6.341377830414902939e-02 1.053662605702259253e-01 6.887286838431982972e-02 5.388080074815820852e-01
6.302724794664663066e-02 1.054274801696041680e-01 7.162161116708212760e-02 5.680158031915159000e-01
5.561343641996529391e-02 1.017522946737517836e-01 7.208677336259633472e-02 5.274903173205557350e-01
5.362917934025748096e-02 1.049664818789412118e-01 7.177915222909962700e-02 5.447249885612897025e-01
6.034415802781968596e-02 1.102736958146175172e-01 7.414692337260178623e-02 5.549486775733283306e-01
5.732405663584110023e-02 1.087192515631041495e-01 6.829853319606001005e-02 5.076342071800501454e-01
6.006414960328858299e-02 1.097940659309601386e-01 7.045298422129338267e-02 5.582301949454144818e-01
5.866938693833604473e-02 1.011344805838273186e-01 7.172006905477601446e-02 5.291824104539333273e-01
6.231967703285404975e-02 1.128127093085721788e-01 6.329263984564338641e-02 5.310842751704972775e-01
5.885753034967342728e-02 1.049626474738711845e-01 6.737311785776163575e-02 5.172323901121743672e-01
6.240594727918852280e-02 1.105287116492442573e-01 6.987514948770408296e-02 5.454853077781411930e-01
6.316661368516943154e-02 1.057350356328797952e-01 6.989920768870742929e-02 6.050212687402620748e-01
6.165714123926991502e-02 1.105774266689487639e-01 6.949148266715285405e-02 5.353239108189734585e-01
5.302304461469486280e-02 1.041436377695124232e-01 7.256420957533533944e-02 6.145150151278312434e-01
5.800287320141675473e-02 1.027951397439614417e-01 6.919810367247775096e-02 5.154854343095345293e-01
5.862690090870743137e-02 1.035507208162665949e-01 6.677460712606535231e-02 5.131574038286679240e-01
6.106064523051881604e-02 1.196277350048831761e-01 7.237035820531499686e-02 5.342219578478815123e-01
6.226766119108619046e-02 1.136138478974294402e-01 7.129262293057173072e-02 5.308458441571372033e-01
5.657926215916751073e-02 1.149629830909712352e-01 7.199654748110620450e-02 5.308343464396988454e-01
6.358167593444952193e-02 9.968703409559870332e-02 6.873067177939216899e-02 5.406583051128616146e-01
5.517225548566154214e-02 1.249063107639170334e-01 7.481181399240935392e-02 5.812712052901570781e-01
6.220359168459144161e-02 1.046660955691915418e-01 7.219987936803082262e-02 5.475096866230303450e-01
5.959914647480735184e-02 1.145438569860316447e-01 6.659307070394851480e-02 5.900412502383165503e-01
6.120181156791244803e-02 1.218876908024735389e-01 6.733766416879233274e-02 5.819150867308147124e-01
5.728355721840922010e-02 1.149255968207161527e-01 7.659136069551396309e-02 5.685931109148556484e-01
6.049376019020323569e-02 1.197548611717064032e-01 7.452633075056060152e-02 5.330114536806354053e-01
6.220111311703213630e-02 1.264189259297226475e-01 6.861095793818075550e-02 5.280957775866514936e-01
6.403620678494739704e-02 1.160210187389043163e-01 7.371334416881447638e-02 5.577536255681867505e-01
6.502490791104752199e-02 1.096256558844623530e-01 6.739557769713749869e-02 5.469208406298406988e-01
6.431058676409864838e-02 1.022316421891924093e-01 6.707377905575762078e-02 5.723577491909462855e-01
6.085243450563473933e-02 1.060737508568735943e-01 7.037418332108778818e-02 5.898692491674778493e-01
6.063811372820236689e-02 1.002465226829154926e-01 6.398316281286137164e-02 5.544012614850618581e-01
5.890759748942304280e-02 1.101050185786897062e-01 7.221480523057149936e-02 5.400098819531935490e-01
5.600136115641286827e-02 1.121124863045480091e-01 6.680939021749682238e-02 5.394564844589629926e-01
5.831304651462130423e-02 1.083496181279376552e-01 7.105060513409430789e-02 5.558452370563479183e-01
5.833562229706063668e-02 1.062344792814140515e-01 6.566247397994336155e-02 5.978216909914690902e-01
6.006518398036000961e-02 1.080719303275750609e-01 7.349603597599707605e-02 5.580104209245740909e-01
6.251138395658145663e-02 9.972861633976799756e-02 6.563312505267684949e-02 5.860281196877333842e-01
5.952168270478125356e-02 1.041267426021571241e-01 7.621056148360534632e-02 5.426014538103177687e-01
5.899512192685878870e-02 9.641344246762929837e-02 7.096236532318005163e-02 6.395650231817427978e-01
5.778661669770082665e-02 1.053228494849330898e-01 6.892390756337453406e-02 5.495323028744649729e-01
5.970933722120860820e-02 9.041806657146780890e-02 7.284197036100914513e-02 5.234258394123654234e-01
6.271722562260950706e-02 1.082906109651717297e-01 6.791859037656436393e-02 5.175546062264071434e-01
5.248399573150760306e-02 9.932953063653982007e-02 7.828832817721211035e-02 5.834031438622415688e-01
5.667614728097139509e-02 1.059714235942993271e-01 7.292022618011186064e-02 5.332840496456395796e-01
5.593801032403537821e-02 9.172335202054271441e-02 6.840497161200716214e-02 5.496433827763325120e-01
5.992608870190212905e-02 9.347649906475805071e-02 6.955204997552129342e-02 5.414090920137510921e-01
5.941637410500287542e-02 8.408641488704596267e-02 7.774152736738869363e-02 5.374523195341641690e-01
6.535702748896841940e-02 8.967713250477379883e-02 7.642159230613627952e-02 5.680927634934312964e-01
6.336518500897918293e-02 9.239443986370621253e-02 6.636159826541547513e-02 5.617352601326688344e-01
7.035059836780854781e-02 8.129258640748010523e-02 6.640421049007751153e-02 5.506514927599132081e-01
6.367621059428786590e-02 9.250139473258066347e-02 6.701308284990292741e-02 6.196931191261294547e-01
6.328787394251052245e-02 8.877127775124669939e-02 6.627222091506609902e-02 5.556077315314522647e-01
6.556639085565352243e-02 8.715584648713374516e-02 6.797031478327000831e-02 5.172090880722730599e-01
6.430027362272523750e-02 9.250546314567782702e-02 6.966235300096369765e-02 5.703097345648749927e-01
6.734095271327077137e-02 8.935084115323033149e-02 6.905675179437327504e-02 5.882980208328618676e-01
6.336149572313615197e-02 8.542677403187193264e-02 7.491024926307460197e-02 6.324897276505270227e-01
6.705600265743925925e-02 8.366794741770210153e-02 7.304606502368468646e-02 5.318711395764690320e-01
6.858294739758931391e-02 8.786617992713306735e-02 7.496363445488608834e-02 6.035909469412633621e-01
6.502676852127857454e-02 9.482550158763400350e-02 7.380606233260257609e-02 5.984622996134905115e-01
6.401926091673119934e-02 8.541459096810757878e-02 7.835061805850090932e-02 5.254823307120546350e-01
6.347589197024804120e-02 9.028198314263642665e-02 7.126191415940753837e-02 6.249475294179936968e-01
6.219734610288944754e-02 8.739532338852865068e-02 7.929392082416461540e-02 5.946241033816108690e-01
6.306507253192195073e-02 8.769724198080483535e-02 7.589520017084061543e-02 6.150318966882747374e-01
6.381109978830100393e-02 8.739558061728155969e-02 7.030767897264221522e-02 5.826925669170881505e-01
6.580003924184517350e-02 9.017040521623725935e-02 7.424108697450151895e-02 5.813040196872969467e-01
6.578993306065002156e-02 8.465212228772261982e-02 7.658332959110063232e-02 5.890796820239008191e-01
6.204020992173725491e-02 8.099522667699032841e-02 7.014353673347364926e-02 5.325669819805544103e-01
6.716109614615527190e-02 8.506727008965120351e-02 7.796287714424143811e-02 6.109356559550344068e-01
6.427834266556194109e-02 8.610417235458719953e-02 7.717243680663143923e-02 5.184946120398490343e-01
6.447905394590248973e-02 8.822192496014265306e-02 7.113858468105285771e-02 5.410953749398167423e-01
6.223351751012569377e-02 8.431077183760078697e-02 7.181700752992764558e-02 5.349481916944277549e-01
6.454734723763426441e-02 8.286286834437577020e-02 6.957587936165471332e-02 5.692480211570284387e-01
5.994229356541404957e-02 8.475935834971171090e-02 7.049380970419784342e-02 5.917813656435664260e-01
6.310161703636002484e-02 8.587324830219633665e-02 7.596927952699059072e-02 5.882705168357250658e-01
6.194316637834640371e-02 8.187879005459690329e-02 7.316621965124847637e-02 5.843696128318031091e-01
6.361771130419335840e-02 8.736572293997831029e-02 6.997939169262774872e-02 5.719191515299936190e-01
6.957779539977092254e-02 8.200355741110114394e-02 7.382784249530356668e-02 5.782160032335358357e-01
5.900061949695287883e-02 8.259333622898622218e-02 6.998692210400075941e-02 5.594392168139868948e-01
6.173661399998572191e-02 8.475491828182629694e-02 6.346828363473591694e-02 5.317938412370510903e-01
6.345349833472822831e-02 8.680942216356941910e-02 6.521369402398938253e-02 5.884268827528669199e-01
6.326535344199339661e-02 9.388714947179953307e-02 6.869509742823806664e-02 5.696199084378604782e-01
6.612380646452951927e-02 8.760510690690548330e-02 7.349059961310550060e-02 5.879710136734285220e-01
6.845876998720827611e-02 8.558948420874171181e-02 7.306554167493102547e-02 5.675920891893275755e-01
6.235705696520437574e-02 8.303613855696863333e-02 7.199426299281160013e-02 5.473921670634105396e-01
6.571681840898334348e-02 8.520073722816168260e-02 7.114147434603695919e-02 5.711340620392844070e-01
6.315715388889441007e-02 8.715387615238022467e-02 6.327640288749274144e-02 5.726123165925497416e-01
6.555587526394714148e-02 8.269106963525416076e-02 6.873351866567062318e-02 6.541248953661273902e-01
6.470857465649668128e-02 7.733961241684110532e-02 7.520002013553649112e-02 5.497998794309387760e-01
6.697561882999027161e-02 8.498068978557013486e-02 7.397272514129479837e-02 5.988708068728815226e-01
5.603955361535292029e-02 8.876791949549449334e-02 6.888485725902725176e-02 5.567180914506485445e-01
6.658980744572720600e-02 8.907320379189223591e-02 7.441895891766514559e-02 5.612164756582060932e-01
6.347037181575226894e-02 8.593858154178822539e-02 7.011138842925235259e-02 4.966042378449100902e-01
6.405739286502258600e-02 8.830689857395503106e-02 6.222277003490773312e-02 5.590409421728643746e-01
6.735571594305886367e-02 8.634389808906176023e-02 7.655513304352909443e-02 5.339537293920295635e-01
6.299574782390729433e-02 8.034319617697394111e-02 6.767227153268653983e-02 5.592325101888152572e-01
6.071836393638239959e-02 8.134587633941973983e-02 6.814783048475440974e-02 5.687343946695720964e-01
6.269974726774506235e-02 8.676144988501115207e-02 7.019942390291841749e-02 5.626134071706386797e-01
6.739247839422272957e-02 8.896506575558674190e-02 6.337840211930782786e-02 5.434801428081391661e-01
6.089211508433042125e-02 8.554025698118006282e-02 7.496062400108219337e-02 5.370994882638117085e-01
6.352093095503903719e-02 7.886062286712079705e-02 7.174937278363266446e-02 5.761103297151382030e-01
6.657474262479687321e-02 8.612186331885687829e-02 7.736981922080050922e-02 5.618366501777782851e-01
6.233762023493054361e-02 8.604578671836714265e-02 6.866587370289801984e-02 5.556833945428564236e-01
6.445831004028920730e-02 8.458452334652376281e-02 6.564584423126632040e-02 5.688187801349015027e-01
6.280312889977286706e-02 8.641336154784297341e-02 6.803065833564629628e-02 5.964167542182744475e-01
5.944917839276470106e-02 8.186572932108024392e-02 7.066178138925853502e-02 5.622235587221765529e-01
6.107228139048261756e-02 8.307984989604780268e-02 7.334924860266132940e-02 5.022032517331619372e-01
6.236367610487629498e-02 8.742377953137651925e-02 6.917254882394333060e-02 6.060152012255888287e-01
6.551722533066094145e-02 7.926457158932054270e-02 6.780994944546149539e-02 5.155075333368415169e-01
6.487485075111630584e-02 9.025513813549457254e-02 7.249933149553958178e-02 5.699986595282838797e-01
6.431053001379485878e-02 8.453467248404111789e-02 7.517783824448903696e-02 5.457369175531477934e-01
6.880104977154376245e-02 7.986418356365226900e-02 6.702779537583053449e-02 4.944818994751253305e-01
6.599585657202614031e-02 8.662893021183357134e-02 7.089853590764477742e-02 5.581336865274473258e-01
6.583246853931204456e-02 8.182279227374902875e-02 6.495709805903314427e-02 6.250383660585588919e-01
6.822035471445549171e-02 7.991342605360127194e-02 7.285783005970611348e-02 5.709585621817915291e-01
6.905935738563627468e-02 8.393275853902483485e-02 7.438438048182090256e-02 6.146986482420894182e-01
6.835199186118086356e-02 8.676178109191821919e-02 6.533333543786362663e-02 5.951824734895921898e-01
6.397341755155740162e-02 8.705013877873549188e-02 7.337803628060096672e-02 5.449673830661330154e-01
6.048359090247516084e-02 8.580100550205631282e-02 7.477625035206994508e-02 5.100829811768144983e-01
6.362420115004242815e-02 8.199181228112228936e-02 6.434775337317605315e-02 5.217749770285423638e-01
6.483910444637566717e-02 9.033733708014944630e-02 6.873970781914451322e-02 5.688277543860783547e-01
5.464883432742132646e-02 8.744507440651094754e-02 6.972246251620559110e-02 6.324966672023975001e-01
6.475411950875320510e-02 8.694078384323988828e-02 7.762274995401752253e-02 6.244705047521140751e-01
5.964034402491670550e-02 8.229787253080246556e-02 7.029992688135373868e-02 5.685040275359909412e-01
5.719493977207077556e-02 8.275714691143715163e-02 7.184752462882541824e-02 5.695876474048015004e-01
6.649658309340039652e-02 7.819314934277012130e-02 6.505252612223111353e-02 5.614669194660427687e-01
7.159338151389481320e-02 8.495566212460592403e-02 7.164584426271210227e-02 5.763478032952819019e-01
6.243675311904919867e-02 8.388603658680524044e-02 6.828943566930041620e-02 5.867699907762806699e-01
6.880150698430313738e-02 8.390564538686486051e-02 7.512862729275716911e-02 6.270185054850727635e-01
6.547035378712956488e-02 8.560191965827483596e-02 6.745415531630366557e-02 5.756997179444321988e-01
6.426820210843527115e-02 8.424566705825355106e-02 6.573337703231488249e-02 5.531901861004691057e-01
6.182138969921158189e-02 8.514522869784631187e-02 6.701851570770755995e-02 5.438571638529634544e-01
6.120923114753183680e-02 8.432710912712752804e-02 6.955414127639861221e-02 5.973546862609533381e-01
6.947140931258004304e-02 7.840574907832685569e-02 6.993988619141656982e-02 6.223758390604158253e-01
6.245261151071815342e-02 9.679479672868267215e-02 6.892425309381106091e-02 5.810831241060920860e-01
6.424968763479840805e-02 8.697281305403907481e-02 6.927068873665230553e-02 5.338708952677559960e-01
5.513365743047685813e-02 9.163114240501719909e-02 7.219973465558376935e-02 5.762125429593554227e-01
6.951179039522958902e-02 8.203949779680198839e-02 7.207908702795270961e-02 5.420215488609138044e-01
6.345938386539970444e-02 8.623069186779648565e-02 6.446229517956886257e-02 5.419444732345931603e-01
5.847528505437704638e-02 8.664265744948486392e-02 6.484798541321676324e-02 5.642664988729603204e-01
6.498097345971158567e-02 8.717313685551840441e-02 7.089444958432737642e-02 6.098407647745147653e-01
5.925750183539690158e-02 9.398904994159457127e-02 7.072720938520742073e-02 5.137713677120447908e-01
6.339234893901532497e-02 8.714841455173927276e-02 7.056885876404425662e-02 5.603052770728149667e-01
6.145384976566451579e-02 8.901173453434982341e-02 6.736965780759959777e-02 6.148606215514130779e-01
6.077062785276397122e-02 9.302080435161423633e-02 6.972584895456446219e-02 5.609365428690324951e-01
6.162312822264590789e-02 8.206599242385290149e-02 6.260319121155440147e-02 5.756452802239416799e-01
6.568101511155624572e-02 8.768903332084615476e-02 6.710892997265197057e-02 5.499565931217405002e-01
6.226872919536223516e-02 8.404537709831456926e-02 6.599410850822610974e-02 5.968985448260616389e-01
6.083695161548112462e-02 8.588384151250955112e-02 6.932130842557233941e-02 5.563267368331592522e-01
