8.390472364110797571e+03 6.316355655645259503e+03 3.608991141249414068e+06 2.482584326959593568e+01
8.923087435791638200e+03 6.734650385983347405e+03 3.163144642253316939e+06 2.482584326959593568e+01
8.914965515233610859e+03 6.744775832303059360e+03 3.099774175391510129e+06 2.482584326959593568e+01
7.012865961927581338e+03 5.244034197441219476e+03 2.759781314834324177e+06 2.482584326959593568e+01
5.201708713390049525e+03 3.877937592711772140e+03 2.518269314902156126e+06 2.482584326959593568e+01
3.170962428292775257e+03 2.463691697425480470e+03 1.961861843290151563e+06 2.482584326959593568e+01
2.745386748537971471e+03 2.191988308709503144e+03 1.540446703190331813e+06 2.482584326959593568e+01
2.717685864833265441e+03 2.177066817474592426e+03 1.570128166602146812e+06 2.482584326959593568e+01
1.844314150312525953e+03 1.622885566510823764e+03 1.172867726255336311e+06 2.482584326959593568e+01
1.339917339783878788e+03 1.327362423794062124e+03 9.552044349272426916e+05 2.574693785793166256e+01
1.339917339783878788e+03 1.327362423794062124e+03 9.552044349272426916e+05 2.574693785793166256e+01
1.339917339783878788e+03 1.327362423794062124e+03 9.552044349272426916e+05 2.574693785793166256e+01
1.339917339783878788e+03 1.327362423794062124e+03 9.552044349272426916e+05 2.574693785793166256e+01
1.275142500984797380e+03 1.269187646050081867e+03 9.537251967104546493e+05 2.747498147050367123e+01
1.275142500984797380e+03 1.269187646050081867e+03 9.537251967104546493e+05 2.747498147050367123e+01
1.113744044921696741e+03 1.128916972189757189e+03 8.985066182198880706e+05 2.834751530762220995e+01
9.754059343545112597e+02 1.002141087975596179e+03 8.561548513813776663e+05 2.827904702985971852e+01
9.754059343545112597e+02 1.002141087975596179e+03 8.561548513813776663e+05 2.827904702985971852e+01
5.960215693775313639e+02 7.123088156546541541e+02 7.346208670298770303e+05 3.807687158905427083e+01
3.503375729180967255e+02 5.107332760537093463e+02 6.390984495891035767e+05 4.781591947234343110e+01
3.503375729180967255e+02 5.107332760537093463e+02 6.390984495891035767e+05 4.781591947234343110e+01
3.106476875619695193e+02 4.702043721672106358e+02 6.072067652137528639e+05 4.437163205677589417e+01
1.631219255363719185e+02 3.870981575709572553e+02 4.661210548995449790e+05 5.332361283423714582e+01
6.499043652881209709e+01 3.419815069063881765e+02 2.604216247492526600e+05 6.703573800823347995e+01
6.499043652881209709e+01 3.419815069063881765e+02 2.604216247492526600e+05 6.703573800823347995e+01
6.499043652881209709e+01 3.419815069063881765e+02 2.604216247492526600e+05 6.703573800823347995e+01
5.210245806327272788e+01 3.193438755209284068e+02 2.296399872272530338e+05 8.381619923256353388e+01
5.210245806327272788e+01 3.193438755209284068e+02 2.296399872272530338e+05 8.381619923256353388e+01
4.649009608649571845e+01 3.074959010985164127e+02 2.248437246803309536e+05 8.342724691821044303e+01
4.083317886433722776e+01 2.916676766888370480e+02 2.029471908653700957e+05 9.510732666547042413e+01
3.278358275680543699e+01 2.280902409039046006e+02 2.046638075693904539e+05 1.100346047214055005e+02
3.278358275680543699e+01 2.280902409039046006e+02 2.046638075693904539e+05 1.100346047214055005e+02
2.843385753968640373e+01 2.308397261854672422e+02 1.835056591391600668e+05 1.164678857261033329e+02
1.932769523761886177e+01 1.818246556754141920e+02 5.446852421335830877e+04 2.347589966897707825e+02
1.932769523761886177e+01 1.818246556754141920e+02 5.446852421335830877e+04 2.347589966897707825e+02
1.930435753396906406e+01 1.778293167671328945e+02 3.668533680963078950e+04 2.537304171507404646e+02
1.966597998730151531e+01 1.748479566213248120e+02 3.308676618086344388e+04 2.651361071460394783e+02
1.966597998730151531e+01 1.748479566213248120e+02 3.308676618086344388e+04 2.651361071460394783e+02
3.496229026957050934e+01 1.088901585035835780e+02 5.040562885099953405e+02 3.878029390846069759e+02
3.496229026957050934e+01 1.088901585035835780e+02 5.040562885099953405e+02 3.878029390846069759e+02
3.941804727623624416e+01 1.050681932018950846e+02 1.023827328205320413e+02 3.962203021836622838e+02
3.941804727623624416e+01 1.050681932018950846e+02 1.023827328205320413e+02 3.962203021836622838e+02
3.941804727623624416e+01 1.050681932018950846e+02 1.023827328205320413e+02 3.962203021836622838e+02
3.941804727623624416e+01 1.050681932018950846e+02 1.023827328205320413e+02 3.962203021836622838e+02
3.941804727623624416e+01 1.050681932018950846e+02 1.023827328205320413e+02 3.962203021836622838e+02
3.964874802100727891e+01 1.016635793935587060e+02 8.549386439190153908e+01 3.959114287186945376e+02
3.964874802100727891e+01 1.016635793935587060e+02 8.549386439190153908e+01 3.959114287186945376e+02
3.964874802100727891e+01 1.016635793935587060e+02 8.549386439190153908e+01 3.959114287186945376e+02
3.964874802100727891e+01 1.016635793935587060e+02 8.549386439190153908e+01 3.959114287186945376e+02
3.964874802100727891e+01 1.016635793935587060e+02 8.549386439190153908e+01 3.959114287186945376e+02
3.964874802100727891e+01 1.016635793935587060e+02 8.549386439190153908e+01 3.959114287186945376e+02
3.964874802100727891e+01 1.016635793935587060e+02 8.549386439190153908e+01 3.959114287186945376e+02
3.964874802100727891e+01 1.016635793935587060e+02 8.549386439190153908e+01 3.959114287186945376e+02
3.964874802100727891e+01 1.016635793935587060e+02 8.549386439190153908e+01 3.959114287186945376e+02
3.964874802100727891e+01 1.016635793935587060e+02 8.549386439190153908e+01 3.959114287186945376e+02
4.003906678584147016e+01 9.605402350341682904e+01 5.859243812689924624e+01 3.945060195116087698e+02
4.003906678584147016e+01 9.605402350341682904e+01 5.859243812689924624e+01 3.945060195116087698e+02
4.003906678584147016e+01 9.605402350341682904e+01 5.859243812689924624e+01 3.945060195116087698e+02
4.003906678584147016e+01 9.605402350341682904e+01 5.859243812689924624e+01 3.945060195116087698e+02
4.003906678584147016e+01 9.605402350341682904e+01 5.859243812689924624e+01 3.945060195116087698e+02
4.003906678584147016e+01 9.605402350341682904e+01 5.859243812689924624e+01 3.945060195116087698e+02
4.003906678584147016e+01 9.605402350341682904e+01 5.859243812689924624e+01 3.945060195116087698e+02
4.003906678584147016e+01 9.605402350341682904e+01 5.859243812689924624e+01 3.945060195116087698e+02
4.003906678584147016e+01 9.605402350341682904e+01 5.859243812689924624e+01 3.945060195116087698e+02
4.003906678584147016e+01 9.605402350341682904e+01 5.859243812689924624e+01 3.945060195116087698e+02
4.003906678584147016e+01 9.605402350341682904e+01 5.859243812689924624e+01 3.945060195116087698e+02
4.003906678584147016e+01 9.605402350341682904e+01 5.859243812689924624e+01 3.945060195116087698e+02
4.003906678584147016e+01 9.605402350341682904e+01 5.859243812689924624e+01 3.945060195116087698e+02
4.003906678584147016e+01 9.605402350341682904e+01 5.859243812689924624e+01 3.945060195116087698e+02
4.003906678584147016e+01 9.605402350341682904e+01 5.859243812689924624e+01 3.945060195116087698e+02
4.003906678584147016e+01 9.605402350341682904e+01 5.859243812689924624e+01 3.945060195116087698e+02
4.003906678584147016e+01 9.605402350341682904e+01 5.859243812689924624e+01 3.945060195116087698e+02
4.003906678584147016e+01 9.605402350341682904e+01 5.859243812689924624e+01 3.945060195116087698e+02
4.003906678584147016e+01 9.605402350341682904e+01 5.859243812689924624e+01 3.945060195116087698e+02
4.003906678584147016e+01 9.605402350341682904e+01 5.859243812689924624e+01 3.945060195116087698e+02
4.003906678584147016e+01 9.605402350341682904e+01 5.859243812689924624e+01 3.945060195116087698e+02
4.003906678584147016e+01 9.605402350341682904e+01 5.859243812689924624e+01 3.945060195116087698e+02
4.003906678584147016e+01 9.605402350341682904e+01 5.859243812689924624e+01 3.945060195116087698e+02
4.003906678584147016e+01 9.605402350341682904e+01 5.859243812689924624e+01 3.945060195116087698e+02
4.003906678584147016e+01 9.605402350341682904e+01 5.859243812689924624e+01 3.945060195116087698e+02
4.003906678584147016e+01 9.605402350341682904e+01 5.859243812689924624e+01 3.945060195116087698e+02
4.003906678584147016e+01 9.605402350341682904e+01 5.859243812689924624e+01 3.945060195116087698e+02
4.003906678584147016e+01 9.605402350341682904e+01 5.859243812689924624e+01 3.945060195116087698e+02
4.003906678584147016e+01 9.605402350341682904e+01 5.859243812689924624e+01 3.945060195116087698e+02
4.003906678584147016e+01 9.605402350341682904e+01 5.859243812689924624e+01 3.945060195116087698e+02
4.003906678584147016e+01 9.605402350341682904e+01 5.859243812689924624e+01 3.945060195116087698e+02
4.003906678584147016e+01 9.605402350341682904e+01 5.859243812689924624e+01 3.945060195116087698e+02
4.003906678584147016e+01 9.605402350341682904e+01 5.859243812689924624e+01 3.945060195116087698e+02
4.003906678584147016e+01 9.605402350341682904e+01 5.859243812689924624e+01 3.945060195116087698e+02
4.003906678584147016e+01 9.605402350341682904e+01 5.859243812689924624e+01 3.945060195116087698e+02
4.003906678584147016e+01 9.605402350341682904e+01 5.859243812689924624e+01 3.945060195116087698e+02
4.003906678584147016e+01 9.605402350341682904e+01 5.859243812689924624e+01 3.945060195116087698e+02
4.003906678584147016e+01 9.605402350341682904e+01 5.859243812689924624e+01 3.945060195116087698e+02
4.003906678584147016e+01 9.605402350341682904e+01 5.859243812689924624e+01 3.945060195116087698e+02
4.003906678584147016e+01 9.605402350341682904e+01 5.859243812689924624e+01 3.945060195116087698e+02
4.003906678584147016e+01 9.605402350341682904e+01 5.859243812689924624e+01 3.945060195116087698e+02
4.003906678584147016e+01 9.605402350341682904e+01 5.859243812689924624e+01 3.945060195116087698e+02
4.003906678584147016e+01 9.605402350341682904e+01 5.859243812689924624e+01 3.945060195116087698e+02
4.003906678584147016e+01 9.605402350341682904e+01 5.859243812689924624e+01 3.945060195116087698e+02
4.003906678584147016e+01 9.605402350341682904e+01 5.859243812689924624e+01 3.945060195116087698e+02
4.003906678584147016e+01 9.605402350341682904e+01 5.859243812689924624e+01 3.945060195116087698e+02
4.172570143174144874e+01 9.442042923605725946e+01 5.302889884147729305e+01 3.956947376820002660e+02
4.172570143174144874e+01 9.442042923605725946e+01 5.302889884147729305e+01 3.956947376820002660e+02
4.172570143174144874e+01 9.442042923605725946e+01 5.302889884147729305e+01 3.956947376820002660e+02
4.172570143174144874e+01 9.442042923605725946e+01 5.302889884147729305e+01 3.956947376820002660e+02
4.172570143174144874e+01 9.442042923605725946e+01 5.302889884147729305e+01 3.956947376820002660e+02
4.172570143174144874e+01 9.442042923605725946e+01 5.302889884147729305e+01 3.956947376820002660e+02
4.183041296792568886e+01 8.975098973510550593e+01 5.484415005347337768e+01 3.961805582482097066e+02
4.290184318128433461e+01 8.606288994628422984e+01 5.398223879527924396e+01 4.023471996522001177e+02
4.290184318128433461e+01 8.606288994628422984e+01 5.398223879527924396e+01 4.023471996522001177e+02
4.290184318128433461e+01 8.606288994628422984e+01 5.398223879527924396e+01 4.023471996522001177e+02
4.155441032966014347e+01 8.196556122874858374e+01 5.519378256300856123e+01 3.952305062536719902e+02
4.155441032966014347e+01 8.196556122874858374e+01 5.519378256300856123e+01 3.952305062536719902e+02
4.155441032966014347e+01 8.196556122874858374e+01 5.519378256300856123e+01 3.952305062536719902e+02
4.155441032966014347e+01 8.196556122874858374e+01 5.519378256300856123e+01 3.952305062536719902e+02
4.155441032966014347e+01 8.196556122874858374e+01 5.519378256300856123e+01 3.952305062536719902e+02
4.155441032966014347e+01 8.196556122874858374e+01 5.519378256300856123e+01 3.952305062536719902e+02
4.155441032966014347e+01 8.196556122874858374e+01 5.519378256300856123e+01 3.952305062536719902e+02
4.155441032966014347e+01 8.196556122874858374e+01 5.519378256300856123e+01 3.952305062536719902e+02
4.155441032966014347e+01 8.196556122874858374e+01 5.519378256300856123e+01 3.952305062536719902e+02
4.155441032966014347e+01 8.196556122874858374e+01 5.519378256300856123e+01 3.952305062536719902e+02
4.251417222062387680e+01 8.285399108375558797e+01 5.128071935576415541e+01 4.007011079186420375e+02
4.251417222062387680e+01 8.285399108375558797e+01 5.128071935576415541e+01 4.007011079186420375e+02
4.251417222062387680e+01 8.285399108375558797e+01 5.128071935576415541e+01 4.007011079186420375e+02
4.251417222062387680e+01 8.285399108375558797e+01 5.128071935576415541e+01 4.007011079186420375e+02
4.251417222062387680e+01 8.285399108375558797e+01 5.128071935576415541e+01 4.007011079186420375e+02
4.251417222062387680e+01 8.285399108375558797e+01 5.128071935576415541e+01 4.007011079186420375e+02
4.251417222062387680e+01 8.285399108375558797e+01 5.128071935576415541e+01 4.007011079186420375e+02
4.251417222062387680e+01 8.285399108375558797e+01 5.128071935576415541e+01 4.007011079186420375e+02
4.251417222062387680e+01 8.285399108375558797e+01 5.128071935576415541e+01 4.007011079186420375e+02
4.251417222062387680e+01 8.285399108375558797e+01 5.128071935576415541e+01 4.007011079186420375e+02
4.251417222062387680e+01 8.285399108375558797e+01 5.128071935576415541e+01 4.007011079186420375e+02
4.251417222062387680e+01 8.285399108375558797e+01 5.128071935576415541e+01 4.007011079186420375e+02
4.251417222062387680e+01 8.285399108375558797e+01 5.128071935576415541e+01 4.007011079186420375e+02
4.251417222062387680e+01 8.285399108375558797e+01 5.128071935576415541e+01 4.007011079186420375e+02
4.251417222062387680e+01 8.285399108375558797e+01 5.128071935576415541e+01 4.007011079186420375e+02
4.251417222062387680e+01 8.285399108375558797e+01 5.128071935576415541e+01 4.007011079186420375e+02
4.251417222062387680e+01 8.285399108375558797e+01 5.128071935576415541e+01 4.007011079186420375e+02
4.166680441895239539e+01 8.100123320538443750e+01 5.252394455059902612e+01 3.954601409693751179e+02
4.166680441895239539e+01 8.100123320538443750e+01 5.252394455059902612e+01 3.954601409693751179e+02
4.166680441895239539e+01 8.100123320538443750e+01 5.252394455059902612e+01 3.954601409693751179e+02
4.166680441895239539e+01 8.100123320538443750e+01 5.252394455059902612e+01 3.954601409693751179e+02
4.166680441895239539e+01 8.100123320538443750e+01 5.252394455059902612e+01 3.954601409693751179e+02
4.166680441895239539e+01 8.100123320538443750e+01 5.252394455059902612e+01 3.954601409693751179e+02
4.166680441895239539e+01 8.100123320538443750e+01 5.252394455059902612e+01 3.954601409693751179e+02
4.166680441895239539e+01 8.100123320538443750e+01 5.252394455059902612e+01 3.954601409693751179e+02
4.166680441895239539e+01 8.100123320538443750e+01 5.252394455059902612e+01 3.954601409693751179e+02
4.166680441895239539e+01 8.100123320538443750e+01 5.252394455059902612e+01 3.954601409693751179e+02
4.166680441895239539e+01 8.100123320538443750e+01 5.252394455059902612e+01 3.954601409693751179e+02
4.166680441895239539e+01 8.100123320538443750e+01 5.252394455059902612e+01 3.954601409693751179e+02
4.166680441895239539e+01 8.100123320538443750e+01 5.252394455059902612e+01 3.954601409693751179e+02
4.166680441895239539e+01 8.100123320538443750e+01 5.252394455059902612e+01 3.954601409693751179e+02
4.166680441895239539e+01 8.100123320538443750e+01 5.252394455059902612e+01 3.954601409693751179e+02
4.166680441895239539e+01 8.100123320538443750e+01 5.252394455059902612e+01 3.954601409693751179e+02
4.166680441895239539e+01 8.100123320538443750e+01 5.252394455059902612e+01 3.954601409693751179e+02
4.166680441895239539e+01 8.100123320538443750e+01 5.252394455059902612e+01 3.954601409693751179e+02
4.166680441895239539e+01 8.100123320538443750e+01 5.252394455059902612e+01 3.954601409693751179e+02
4.166680441895239539e+01 8.100123320538443750e+01 5.252394455059902612e+01 3.954601409693751179e+02
4.166680441895239539e+01 8.100123320538443750e+01 5.252394455059902612e+01 3.954601409693751179e+02
4.166680441895239539e+01 8.100123320538443750e+01 5.252394455059902612e+01 3.954601409693751179e+02
4.166680441895239539e+01 8.100123320538443750e+01 5.252394455059902612e+01 3.954601409693751179e+02
4.166680441895239539e+01 8.100123320538443750e+01 5.252394455059902612e+01 3.954601409693751179e+02
4.166680441895239539e+01 8.100123320538443750e+01 5.252394455059902612e+01 3.954601409693751179e+02
4.166680441895239539e+01 8.100123320538443750e+01 5.252394455059902612e+01 3.954601409693751179e+02
4.166680441895239539e+01 8.100123320538443750e+01 5.252394455059902612e+01 3.954601409693751179e+02
4.166680441895239539e+01 8.100123320538443750e+01 5.252394455059902612e+01 3.954601409693751179e+02
4.166680441895239539e+01 8.100123320538443750e+01 5.252394455059902612e+01 3.954601409693751179e+02
4.166680441895239539e+01 8.100123320538443750e+01 5.252394455059902612e+01 3.954601409693751179e+02
4.166680441895239539e+01 8.100123320538443750e+01 5.252394455059902612e+01 3.954601409693751179e+02
4.166680441895239539e+01 8.100123320538443750e+01 5.252394455059902612e+01 3.954601409693751179e+02
4.166680441895239539e+01 8.100123320538443750e+01 5.252394455059902612e+01 3.954601409693751179e+02
4.166680441895239539e+01 8.100123320538443750e+01 5.252394455059902612e+01 3.954601409693751179e+02
4.166680441895239539e+01 8.100123320538443750e+01 5.252394455059902612e+01 3.954601409693751179e+02
4.166680441895239539e+01 8.100123320538443750e+01 5.252394455059902612e+01 3.954601409693751179e+02
4.166680441895239539e+01 8.100123320538443750e+01 5.252394455059902612e+01 3.954601409693751179e+02
4.166680441895239539e+01 8.100123320538443750e+01 5.252394455059902612e+01 3.954601409693751179e+02
4.166680441895239539e+01 8.100123320538443750e+01 5.252394455059902612e+01 3.954601409693751179e+02
4.166680441895239539e+01 8.100123320538443750e+01 5.252394455059902612e+01 3.954601409693751179e+02
4.166680441895239539e+01 8.100123320538443750e+01 5.252394455059902612e+01 3.954601409693751179e+02
4.166680441895239539e+01 8.100123320538443750e+01 5.252394455059902612e+01 3.954601409693751179e+02
4.166680441895239539e+01 8.100123320538443750e+01 5.252394455059902612e+01 3.954601409693751179e+02
4.166680441895239539e+01 8.100123320538443750e+01 5.252394455059902612e+01 3.954601409693751179e+02
4.166680441895239539e+01 8.100123320538443750e+01 5.252394455059902612e+01 3.954601409693751179e+02
4.166680441895239539e+01 8.100123320538443750e+01 5.252394455059902612e+01 3.954601409693751179e+02
4.166680441895239539e+01 8.100123320538443750e+01 5.252394455059902612e+01 3.954601409693751179e+02
4.166680441895239539e+01 8.100123320538443750e+01 5.252394455059902612e+01 3.954601409693751179e+02
4.166680441895239539e+01 8.100123320538443750e+01 5.252394455059902612e+01 3.954601409693751179e+02
4.166680441895239539e+01 8.100123320538443750e+01 5.252394455059902612e+01 3.954601409693751179e+02
4.166680441895239539e+01 8.100123320538443750e+01 5.252394455059902612e+01 3.954601409693751179e+02
4.166680441895239539e+01 8.100123320538443750e+01 5.252394455059902612e+01 3.954601409693751179e+02
4.166680441895239539e+01 8.100123320538443750e+01 5.252394455059902612e+01 3.954601409693751179e+02
4.166680441895239539e+01 8.100123320538443750e+01 5.252394455059902612e+01 3.954601409693751179e+02
4.166680441895239539e+01 8.100123320538443750e+01 5.252394455059902612e+01 3.954601409693751179e+02
4.166680441895239539e+01 8.100123320538443750e+01 5.252394455059902612e+01 3.954601409693751179e+02
4.166680441895239539e+01 8.100123320538443750e+01 5.252394455059902612e+01 3.954601409693751179e+02
4.166680441895239539e+01 8.100123320538443750e+01 5.252394455059902612e+01 3.954601409693751179e+02
4.166680441895239539e+01 8.100123320538443750e+01 5.252394455059902612e+01 3.954601409693751179e+02
4.166680441895239539e+01 8.100123320538443750e+01 5.252394455059902612e+01 3.954601409693751179e+02
4.166680441895239539e+01 8.100123320538443750e+01 5.252394455059902612e+01 3.954601409693751179e+02
4.166680441895239539e+01 8.100123320538443750e+01 5.252394455059902612e+01 3.954601409693751179e+02
4.166680441895239539e+01 8.100123320538443750e+01 5.252394455059902612e+01 3.954601409693751179e+02
4.166680441895239539e+01 8.100123320538443750e+01 5.252394455059902612e+01 3.954601409693751179e+02
4.166680441895239539e+01 8.100123320538443750e+01 5.252394455059902612e+01 3.954601409693751179e+02
4.166680441895239539e+01 8.100123320538443750e+01 5.252394455059902612e+01 3.954601409693751179e+02
4.166680441895239539e+01 8.100123320538443750e+01 5.252394455059902612e+01 3.954601409693751179e+02
4.166680441895239539e+01 8.100123320538443750e+01 5.252394455059902612e+01 3.954601409693751179e+02
4.166680441895239539e+01 8.100123320538443750e+01 5.252394455059902612e+01 3.954601409693751179e+02
4.166680441895239539e+01 8.100123320538443750e+01 5.252394455059902612e+01 3.954601409693751179e+02
4.166680441895239539e+01 8.100123320538443750e+01 5.252394455059902612e+01 3.954601409693751179e+02
4.166680441895239539e+01 8.100123320538443750e+01 5.252394455059902612e+01 3.954601409693751179e+02
4.166680441895239539e+01 8.100123320538443750e+01 5.252394455059902612e+01 3.954601409693751179e+02
4.204559703042355068e+01 8.124541699841429931e+01 5.087480784209171247e+01 3.974414014153869061e+02
4.204559703042355068e+01 8.124541699841429931e+01 5.087480784209171247e+01 3.974414014153869061e+02
4.204559703042355068e+01 8.124541699841429931e+01 5.087480784209171247e+01 3.974414014153869061e+02
4.204559703042355068e+01 8.124541699841429931e+01 5.087480784209171247e+01 3.974414014153869061e+02
4.204559703042355068e+01 8.124541699841429931e+01 5.087480784209171247e+01 3.974414014153869061e+02
4.204559703042355068e+01 8.124541699841429931e+01 5.087480784209171247e+01 3.974414014153869061e+02
4.204559703042355068e+01 8.124541699841429931e+01 5.087480784209171247e+01 3.974414014153869061e+02
4.204559703042355068e+01 8.124541699841429931e+01 5.087480784209171247e+01 3.974414014153869061e+02
4.204559703042355068e+01 8.124541699841429931e+01 5.087480784209171247e+01 3.974414014153869061e+02
4.204559703042355068e+01 8.124541699841429931e+01 5.087480784209171247e+01 3.974414014153869061e+02
4.204559703042355068e+01 8.124541699841429931e+01 5.087480784209171247e+01 3.974414014153869061e+02
4.204559703042355068e+01 8.124541699841429931e+01 5.087480784209171247e+01 3.974414014153869061e+02
4.204559703042355068e+01 8.124541699841429931e+01 5.087480784209171247e+01 3.974414014153869061e+02
4.204559703042355068e+01 8.124541699841429931e+01 5.087480784209171247e+01 3.974414014153869061e+02
4.204559703042355068e+01 8.124541699841429931e+01 5.087480784209171247e+01 3.974414014153869061e+02
4.204559703042355068e+01 8.124541699841429931e+01 5.087480784209171247e+01 3.974414014153869061e+02
4.204559703042355068e+01 8.124541699841429931e+01 5.087480784209171247e+01 3.974414014153869061e+02
4.204559703042355068e+01 8.124541699841429931e+01 5.087480784209171247e+01 3.974414014153869061e+02
4.204559703042355068e+01 8.124541699841429931e+01 5.087480784209171247e+01 3.974414014153869061e+02
4.204559703042355068e+01 8.124541699841429931e+01 5.087480784209171247e+01 3.974414014153869061e+02
4.204559703042355068e+01 8.124541699841429931e+01 5.087480784209171247e+01 3.974414014153869061e+02
4.204559703042355068e+01 8.124541699841429931e+01 5.087480784209171247e+01 3.974414014153869061e+02
4.219614872352872226e+01 7.909366618145139682e+01 5.039385024947272029e+01 3.985812495542398324e+02
4.219614872352872226e+01 7.909366618145139682e+01 5.039385024947272029e+01 3.985812495542398324e+02
4.219614872352872226e+01 7.909366618145139682e+01 5.039385024947272029e+01 3.985812495542398324e+02
4.219614872352872226e+01 7.909366618145139682e+01 5.039385024947272029e+01 3.985812495542398324e+02
4.219614872352872226e+01 7.909366618145139682e+01 5.039385024947272029e+01 3.985812495542398324e+02
4.219614872352872226e+01 7.909366618145139682e+01 5.039385024947272029e+01 3.985812495542398324e+02
4.219614872352872226e+01 7.909366618145139682e+01 5.039385024947272029e+01 3.985812495542398324e+02
4.219614872352872226e+01 7.909366618145139682e+01 5.039385024947272029e+01 3.985812495542398324e+02
4.219614872352872226e+01 7.909366618145139682e+01 5.039385024947272029e+01 3.985812495542398324e+02
4.219614872352872226e+01 7.909366618145139682e+01 5.039385024947272029e+01 3.985812495542398324e+02
4.219614872352872226e+01 7.909366618145139682e+01 5.039385024947272029e+01 3.985812495542398324e+02
4.219614872352872226e+01 7.909366618145139682e+01 5.039385024947272029e+01 3.985812495542398324e+02
4.219614872352872226e+01 7.909366618145139682e+01 5.039385024947272029e+01 3.985812495542398324e+02
4.219614872352872226e+01 7.909366618145139682e+01 5.039385024947272029e+01 3.985812495542398324e+02
4.219614872352872226e+01 7.909366618145139682e+01 5.039385024947272029e+01 3.985812495542398324e+02
4.219614872352872226e+01 7.909366618145139682e+01 5.039385024947272029e+01 3.985812495542398324e+02
4.219614872352872226e+01 7.909366618145139682e+01 5.039385024947272029e+01 3.985812495542398324e+02
4.219614872352872226e+01 7.909366618145139682e+01 5.039385024947272029e+01 3.985812495542398324e+02
4.219614872352872226e+01 7.909366618145139682e+01 5.039385024947272029e+01 3.985812495542398324e+02
4.219614872352872226e+01 7.909366618145139682e+01 5.039385024947272029e+01 3.985812495542398324e+02
4.219614872352872226e+01 7.909366618145139682e+01 5.039385024947272029e+01 3.985812495542398324e+02
4.219614872352872226e+01 7.909366618145139682e+01 5.039385024947272029e+01 3.985812495542398324e+02
4.219614872352872226e+01 7.909366618145139682e+01 5.039385024947272029e+01 3.985812495542398324e+02
4.219614872352872226e+01 7.909366618145139682e+01 5.039385024947272029e+01 3.985812495542398324e+02
4.219614872352872226e+01 7.909366618145139682e+01 5.039385024947272029e+01 3.985812495542398324e+02
4.219614872352872226e+01 7.909366618145139682e+01 5.039385024947272029e+01 3.985812495542398324e+02
4.224589081013581904e+01 7.792689237764209054e+01 5.035068067527839020e+01 3.979647148020260943e+02
4.224589081013581904e+01 7.792689237764209054e+01 5.035068067527839020e+01 3.979647148020260943e+02
4.224589081013581904e+01 7.792689237764209054e+01 5.035068067527839020e+01 3.979647148020260943e+02
4.224589081013581904e+01 7.792689237764209054e+01 5.035068067527839020e+01 3.979647148020260943e+02
4.224589081013581904e+01 7.792689237764209054e+01 5.035068067527839020e+01 3.979647148020260943e+02
4.224589081013581904e+01 7.792689237764209054e+01 5.035068067527839020e+01 3.979647148020260943e+02
4.224589081013581904e+01 7.792689237764209054e+01 5.035068067527839020e+01 3.979647148020260943e+02
4.224589081013581904e+01 7.792689237764209054e+01 5.035068067527839020e+01 3.979647148020260943e+02
4.224589081013581904e+01 7.792689237764209054e+01 5.035068067527839020e+01 3.979647148020260943e+02
4.224589081013581904e+01 7.792689237764209054e+01 5.035068067527839020e+01 3.979647148020260943e+02
4.224589081013581904e+01 7.792689237764209054e+01 5.035068067527839020e+01 3.979647148020260943e+02
4.224589081013581904e+01 7.792689237764209054e+01 5.035068067527839020e+01 3.979647148020260943e+02
4.224589081013581904e+01 7.792689237764209054e+01 5.035068067527839020e+01 3.979647148020260943e+02
4.224589081013581904e+01 7.792689237764209054e+01 5.035068067527839020e+01 3.979647148020260943e+02
4.224589081013581904e+01 7.792689237764209054e+01 5.035068067527839020e+01 3.979647148020260943e+02
4.224589081013581904e+01 7.792689237764209054e+01 5.035068067527839020e+01 3.979647148020260943e+02
4.224589081013581904e+01 7.792689237764209054e+01 5.035068067527839020e+01 3.979647148020260943e+02
4.224589081013581904e+01 7.792689237764209054e+01 5.035068067527839020e+01 3.979647148020260943e+02
4.224589081013581904e+01 7.792689237764209054e+01 5.035068067527839020e+01 3.979647148020260943e+02
4.224589081013581904e+01 7.792689237764209054e+01 5.035068067527839020e+01 3.979647148020260943e+02
4.224589081013581904e+01 7.792689237764209054e+01 5.035068067527839020e+01 3.979647148020260943e+02
4.224589081013581904e+01 7.792689237764209054e+01 5.035068067527839020e+01 3.979647148020260943e+02
4.224589081013581904e+01 7.792689237764209054e+01 5.035068067527839020e+01 3.979647148020260943e+02
4.224589081013581904e+01 7.792689237764209054e+01 5.035068067527839020e+01 3.979647148020260943e+02
4.224589081013581904e+01 7.792689237764209054e+01 5.035068067527839020e+01 3.979647148020260943e+02
4.224589081013581904e+01 7.792689237764209054e+01 5.035068067527839020e+01 3.979647148020260943e+02
4.224589081013581904e+01 7.792689237764209054e+01 5.035068067527839020e+01 3.979647148020260943e+02
4.224589081013581904e+01 7.792689237764209054e+01 5.035068067527839020e+01 3.979647148020260943e+02
4.224589081013581904e+01 7.792689237764209054e+01 5.035068067527839020e+01 3.979647148020260943e+02
4.224589081013581904e+01 7.792689237764209054e+01 5.035068067527839020e+01 3.979647148020260943e+02
4.224589081013581904e+01 7.792689237764209054e+01 5.035068067527839020e+01 3.979647148020260943e+02
4.224589081013581904e+01 7.792689237764209054e+01 5.035068067527839020e+01 3.979647148020260943e+02
4.224589081013581904e+01 7.792689237764209054e+01 5.035068067527839020e+01 3.979647148020260943e+02
4.224589081013581904e+01 7.792689237764209054e+01 5.035068067527839020e+01 3.979647148020260943e+02
4.224589081013581904e+01 7.792689237764209054e+01 5.035068067527839020e+01 3.979647148020260943e+02
4.224589081013581904e+01 7.792689237764209054e+01 5.035068067527839020e+01 3.979647148020260943e+02
4.224589081013581904e+01 7.792689237764209054e+01 5.035068067527839020e+01 3.979647148020260943e+02
4.224589081013581904e+01 7.792689237764209054e+01 5.035068067527839020e+01 3.979647148020260943e+02
4.224589081013581904e+01 7.792689237764209054e+01 5.035068067527839020e+01 3.979647148020260943e+02
4.224589081013581904e+01 7.792689237764209054e+01 5.035068067527839020e+01 3.979647148020260943e+02
4.224589081013581904e+01 7.792689237764209054e+01 5.035068067527839020e+01 3.979647148020260943e+02
4.224589081013581904e+01 7.792689237764209054e+01 5.035068067527839020e+01 3.979647148020260943e+02
4.224589081013581904e+01 7.792689237764209054e+01 5.035068067527839020e+01 3.979647148020260943e+02
4.224589081013581904e+01 7.792689237764209054e+01 5.035068067527839020e+01 3.979647148020260943e+02
4.224589081013581904e+01 7.792689237764209054e+01 5.035068067527839020e+01 3.979647148020260943e+02
4.224589081013581904e+01 7.792689237764209054e+01 5.035068067527839020e+01 3.979647148020260943e+02
4.224589081013581904e+01 7.792689237764209054e+01 5.035068067527839020e+01 3.979647148020260943e+02
4.224589081013581904e+01 7.792689237764209054e+01 5.035068067527839020e+01 3.979647148020260943e+02
4.224589081013581904e+01 7.792689237764209054e+01 5.035068067527839020e+01 3.979647148020260943e+02
4.224589081013581904e+01 7.792689237764209054e+01 5.035068067527839020e+01 3.979647148020260943e+02
4.224589081013581904e+01 7.792689237764209054e+01 5.035068067527839020e+01 3.979647148020260943e+02
4.224589081013581904e+01 7.792689237764209054e+01 5.035068067527839020e+01 3.979647148020260943e+02
4.224589081013581904e+01 7.792689237764209054e+01 5.035068067527839020e+01 3.979647148020260943e+02
4.224589081013581904e+01 7.792689237764209054e+01 5.035068067527839020e+01 3.979647148020260943e+02
4.224589081013581904e+01 7.792689237764209054e+01 5.035068067527839020e+01 3.979647148020260943e+02
4.224589081013581904e+01 7.792689237764209054e+01 5.035068067527839020e+01 3.979647148020260943e+02
4.224589081013581904e+01 7.792689237764209054e+01 5.035068067527839020e+01 3.979647148020260943e+02
4.224589081013581904e+01 7.792689237764209054e+01 5.035068067527839020e+01 3.979647148020260943e+02
4.224589081013581904e+01 7.792689237764209054e+01 5.035068067527839020e+01 3.979647148020260943e+02
4.224589081013581904e+01 7.792689237764209054e+01 5.035068067527839020e+01 3.979647148020260943e+02
4.224589081013581904e+01 7.792689237764209054e+01 5.035068067527839020e+01 3.979647148020260943e+02
4.224589081013581904e+01 7.792689237764209054e+01 5.035068067527839020e+01 3.979647148020260943e+02
4.224589081013581904e+01 7.792689237764209054e+01 5.035068067527839020e+01 3.979647148020260943e+02
4.224589081013581904e+01 7.792689237764209054e+01 5.035068067527839020e+01 3.979647148020260943e+02
4.224589081013581904e+01 7.792689237764209054e+01 5.035068067527839020e+01 3.979647148020260943e+02
4.224589081013581904e+01 7.792689237764209054e+01 5.035068067527839020e+01 3.979647148020260943e+02
4.252739785823762730e+01 7.724453118047787825e+01 5.062079713894951993e+01 3.984604443427253386e+02
4.252739785823762730e+01 7.724453118047787825e+01 5.062079713894951993e+01 3.984604443427253386e+02
4.252739785823762730e+01 7.724453118047787825e+01 5.062079713894951993e+01 3.984604443427253386e+02
4.257032589800181199e+01 7.679735060320389550e+01 5.083263518566630523e+01 3.991600962153019054e+02
4.257032589800181199e+01 7.679735060320389550e+01 5.083263518566630523e+01 3.991600962153019054e+02
4.257032589800181199e+01 7.679735060320389550e+01 5.083263518566630523e+01 3.991600962153019054e+02
4.257032589800181199e+01 7.679735060320389550e+01 5.083263518566630523e+01 3.991600962153019054e+02
4.257032589800181199e+01 7.679735060320389550e+01 5.083263518566630523e+01 3.991600962153019054e+02
4.257032589800181199e+01 7.679735060320389550e+01 5.083263518566630523e+01 3.991600962153019054e+02
4.257032589800181199e+01 7.679735060320389550e+01 5.083263518566630523e+01 3.991600962153019054e+02
4.257032589800181199e+01 7.679735060320389550e+01 5.083263518566630523e+01 3.991600962153019054e+02
4.257032589800181199e+01 7.679735060320389550e+01 5.083263518566630523e+01 3.991600962153019054e+02
4.257032589800181199e+01 7.679735060320389550e+01 5.083263518566630523e+01 3.991600962153019054e+02
4.257032589800181199e+01 7.679735060320389550e+01 5.083263518566630523e+01 3.991600962153019054e+02
4.257032589800181199e+01 7.679735060320389550e+01 5.083263518566630523e+01 3.991600962153019054e+02
4.257032589800181199e+01 7.679735060320389550e+01 5.083263518566630523e+01 3.991600962153019054e+02
4.257032589800181199e+01 7.679735060320389550e+01 5.083263518566630523e+01 3.991600962153019054e+02
4.257032589800181199e+01 7.679735060320389550e+01 5.083263518566630523e+01 3.991600962153019054e+02
4.257032589800181199e+01 7.679735060320389550e+01 5.083263518566630523e+01 3.991600962153019054e+02
4.275650458121175035e+01 7.797368636833812161e+01 5.042967483601726997e+01 3.961110156478478643e+02
4.275650458121175035e+01 7.797368636833812161e+01 5.042967483601726997e+01 3.961110156478478643e+02
4.275650458121175035e+01 7.797368636833812161e+01 5.042967483601726997e+01 3.961110156478478643e+02
4.275650458121175035e+01 7.797368636833812161e+01 5.042967483601726997e+01 3.961110156478478643e+02
4.275650458121175035e+01 7.797368636833812161e+01 5.042967483601726997e+01 3.961110156478478643e+02
4.275650458121175035e+01 7.797368636833812161e+01 5.042967483601726997e+01 3.961110156478478643e+02
4.275650458121175035e+01 7.797368636833812161e+01 5.042967483601726997e+01 3.961110156478478643e+02
4.275650458121175035e+01 7.797368636833812161e+01 5.042967483601726997e+01 3.961110156478478643e+02
4.275650458121175035e+01 7.797368636833812161e+01 5.042967483601726997e+01 3.961110156478478643e+02
4.275650458121175035e+01 7.797368636833812161e+01 5.042967483601726997e+01 3.961110156478478643e+02
4.275650458121175035e+01 7.797368636833812161e+01 5.042967483601726997e+01 3.961110156478478643e+02
4.275650458121175035e+01 7.797368636833812161e+01 5.042967483601726997e+01 3.961110156478478643e+02
4.275650458121175035e+01 7.797368636833812161e+01 5.042967483601726997e+01 3.961110156478478643e+02
4.275650458121175035e+01 7.797368636833812161e+01 5.042967483601726997e+01 3.961110156478478643e+02
4.275650458121175035e+01 7.797368636833812161e+01 5.042967483601726997e+01 3.961110156478478643e+02
4.275650458121175035e+01 7.797368636833812161e+01 5.042967483601726997e+01 3.961110156478478643e+02
4.275650458121175035e+01 7.797368636833812161e+01 5.042967483601726997e+01 3.961110156478478643e+02
4.275650458121175035e+01 7.797368636833812161e+01 5.042967483601726997e+01 3.961110156478478643e+02
4.275650458121175035e+01 7.797368636833812161e+01 5.042967483601726997e+01 3.961110156478478643e+02
4.275650458121175035e+01 7.797368636833812161e+01 5.042967483601726997e+01 3.961110156478478643e+02
4.275650458121175035e+01 7.797368636833812161e+01 5.042967483601726997e+01 3.961110156478478643e+02
4.275650458121175035e+01 7.797368636833812161e+01 5.042967483601726997e+01 3.961110156478478643e+02
4.275650458121175035e+01 7.797368636833812161e+01 5.042967483601726997e+01 3.961110156478478643e+02
4.275650458121175035e+01 7.797368636833812161e+01 5.042967483601726997e+01 3.961110156478478643e+02
4.275650458121175035e+01 7.797368636833812161e+01 5.042967483601726997e+01 3.961110156478478643e+02
4.275650458121175035e+01 7.797368636833812161e+01 5.042967483601726997e+01 3.961110156478478643e+02
4.275650458121175035e+01 7.797368636833812161e+01 5.042967483601726997e+01 3.961110156478478643e+02
4.275650458121175035e+01 7.797368636833812161e+01 5.042967483601726997e+01 3.961110156478478643e+02
4.275650458121175035e+01 7.797368636833812161e+01 5.042967483601726997e+01 3.961110156478478643e+02
4.275650458121175035e+01 7.797368636833812161e+01 5.042967483601726997e+01 3.961110156478478643e+02
4.275650458121175035e+01 7.797368636833812161e+01 5.042967483601726997e+01 3.961110156478478643e+02
4.275650458121175035e+01 7.797368636833812161e+01 5.042967483601726997e+01 3.961110156478478643e+02
4.275650458121175035e+01 7.797368636833812161e+01 5.042967483601726997e+01 3.961110156478478643e+02
4.275650458121175035e+01 7.797368636833812161e+01 5.042967483601726997e+01 3.961110156478478643e+02
4.275650458121175035e+01 7.797368636833812161e+01 5.042967483601726997e+01 3.961110156478478643e+02
4.275650458121175035e+01 7.797368636833812161e+01 5.042967483601726997e+01 3.961110156478478643e+02
4.275650458121175035e+01 7.797368636833812161e+01 5.042967483601726997e+01 3.961110156478478643e+02
4.275650458121175035e+01 7.797368636833812161e+01 5.042967483601726997e+01 3.961110156478478643e+02
4.275650458121175035e+01 7.797368636833812161e+01 5.042967483601726997e+01 3.961110156478478643e+02
4.275650458121175035e+01 7.797368636833812161e+01 5.042967483601726997e+01 3.961110156478478643e+02
4.275650458121175035e+01 7.797368636833812161e+01 5.042967483601726997e+01 3.961110156478478643e+02
4.275650458121175035e+01 7.797368636833812161e+01 5.042967483601726997e+01 3.961110156478478643e+02
4.324639952096192275e+01 7.616243088698277575e+01 5.026266742415875655e+01 3.986242608114880568e+02
4.324639952096192275e+01 7.616243088698277575e+01 5.026266742415875655e+01 3.986242608114880568e+02
4.319754447986895940e+01 7.360376907490700660e+01 5.215667308360087162e+01 3.978164665881872679e+02
4.291155212686148701e+01 7.335158107731717791e+01 5.142390784469741760e+01 3.992685780190894889e+02
4.291155212686148701e+01 7.335158107731717791e+01 5.142390784469741760e+01 3.992685780190894889e+02
4.291155212686148701e+01 7.335158107731717791e+01 5.142390784469741760e+01 3.992685780190894889e+02
4.291155212686148701e+01 7.335158107731717791e+01 5.142390784469741760e+01 3.992685780190894889e+02
4.291155212686148701e+01 7.335158107731717791e+01 5.142390784469741760e+01 3.992685780190894889e+02
4.291155212686148701e+01 7.335158107731717791e+01 5.142390784469741760e+01 3.992685780190894889e+02
4.291155212686148701e+01 7.335158107731717791e+01 5.142390784469741760e+01 3.992685780190894889e+02
4.339979387955371948e+01 7.280939112345524222e+01 5.036362371086666911e+01 3.988862126418900402e+02
4.631312829541647602e+01 6.444851534827132866e+01 5.060557157628675640e+01 4.089339262331985765e+02
4.631312829541647602e+01 6.444851534827132866e+01 5.060557157628675640e+01 4.089339262331985765e+02
4.646061030860627028e+01 6.411875662337899939e+01 5.078557503864914935e+01 4.077108183970829600e+02
4.646061030860627028e+01 6.411875662337899939e+01 5.078557503864914935e+01 4.077108183970829600e+02
4.646061030860627028e+01 6.411875662337899939e+01 5.078557503864914935e+01 4.077108183970829600e+02
4.646061030860627028e+01 6.411875662337899939e+01 5.078557503864914935e+01 4.077108183970829600e+02
4.646061030860627028e+01 6.411875662337899939e+01 5.078557503864914935e+01 4.077108183970829600e+02
4.646061030860627028e+01 6.411875662337899939e+01 5.078557503864914935e+01 4.077108183970829600e+02
4.665659567787262318e+01 6.349721596195411166e+01 5.123752981626640235e+01 4.072925394765292708e+02
4.645311234263401445e+01 6.378294306473109287e+01 5.071435764292586867e+01 4.068961003186342964e+02
4.660332747751254345e+01 6.339119137492183143e+01 5.068024797346262034e+01 4.071811014517979288e+02
4.660332747751254345e+01 6.339119137492183143e+01 5.068024797346262034e+01 4.071811014517979288e+02
4.660332747751254345e+01 6.339119137492183143e+01 5.068024797346262034e+01 4.071811014517979288e+02
4.660332747751254345e+01 6.339119137492183143e+01 5.068024797346262034e+01 4.071811014517979288e+02
4.660332747751254345e+01 6.339119137492183143e+01 5.068024797346262034e+01 4.071811014517979288e+02
4.644718880254316673e+01 6.305226513713636649e+01 5.171965919243702814e+01 4.072270946593834537e+02
4.644718880254316673e+01 6.305226513713636649e+01 5.171965919243702814e+01 4.072270946593834537e+02
4.644718880254316673e+01 6.305226513713636649e+01 5.171965919243702814e+01 4.072270946593834537e+02
4.644718880254316673e+01 6.305226513713636649e+01 5.171965919243702814e+01 4.072270946593834537e+02
4.633364737836665626e+01 6.298617111195108009e+01 5.205042063771584537e+01 4.089922052078270553e+02
4.633364737836665626e+01 6.298617111195108009e+01 5.205042063771584537e+01 4.089922052078270553e+02
4.675616046093619360e+01 6.309280939305799052e+01 5.044513112133255106e+01 4.076962798410779669e+02
4.649858524588002950e+01 6.317818598882524839e+01 5.075361488151222034e+01 4.065594950446112534e+02
4.576285308016578313e+01 6.192922640301670612e+01 5.082467591972890375e+01 4.097498553584641172e+02
4.576285308016578313e+01 6.192922640301670612e+01 5.082467591972890375e+01 4.097498553584641172e+02
4.576285308016578313e+01 6.192922640301670612e+01 5.082467591972890375e+01 4.097498553584641172e+02
4.576285308016578313e+01 6.192922640301670612e+01 5.082467591972890375e+01 4.097498553584641172e+02
4.576285308016578313e+01 6.192922640301670612e+01 5.082467591972890375e+01 4.097498553584641172e+02
4.576285308016578313e+01 6.192922640301670612e+01 5.082467591972890375e+01 4.097498553584641172e+02
4.576285308016578313e+01 6.192922640301670612e+01 5.082467591972890375e+01 4.097498553584641172e+02
4.576285308016578313e+01 6.192922640301670612e+01 5.082467591972890375e+01 4.097498553584641172e+02
4.576285308016578313e+01 6.192922640301670612e+01 5.082467591972890375e+01 4.097498553584641172e+02
4.576285308016578313e+01 6.192922640301670612e+01 5.082467591972890375e+01 4.097498553584641172e+02
4.576285308016578313e+01 6.192922640301670612e+01 5.082467591972890375e+01 4.097498553584641172e+02
4.576285308016578313e+01 6.192922640301670612e+01 5.082467591972890375e+01 4.097498553584641172e+02
4.576285308016578313e+01 6.192922640301670612e+01 5.082467591972890375e+01 4.097498553584641172e+02
4.576285308016578313e+01 6.192922640301670612e+01 5.082467591972890375e+01 4.097498553584641172e+02
4.576285308016578313e+01 6.192922640301670612e+01 5.082467591972890375e+01 4.097498553584641172e+02
4.576285308016578313e+01 6.192922640301670612e+01 5.082467591972890375e+01 4.097498553584641172e+02
4.576285308016578313e+01 6.192922640301670612e+01 5.082467591972890375e+01 4.097498553584641172e+02
4.576285308016578313e+01 6.192922640301670612e+01 5.082467591972890375e+01 4.097498553584641172e+02
4.576285308016578313e+01 6.192922640301670612e+01 5.082467591972890375e+01 4.097498553584641172e+02
4.576285308016578313e+01 6.192922640301670612e+01 5.082467591972890375e+01 4.097498553584641172e+02
4.576285308016578313e+01 6.192922640301670612e+01 5.082467591972890375e+01 4.097498553584641172e+02
4.576285308016578313e+01 6.192922640301670612e+01 5.082467591972890375e+01 4.097498553584641172e+02
4.568959630449304399e+01 6.188041984668733164e+01 5.042553682584310337e+01 4.065830959992013618e+02
4.568959630449304399e+01 6.188041984668733164e+01 5.042553682584310337e+01 4.065830959992013618e+02
4.568959630449304399e+01 6.188041984668733164e+01 5.042553682584310337e+01 4.065830959992013618e+02
4.568959630449304399e+01 6.188041984668733164e+01 5.042553682584310337e+01 4.065830959992013618e+02
4.568959630449304399e+01 6.188041984668733164e+01 5.042553682584310337e+01 4.065830959992013618e+02
4.568959630449304399e+01 6.188041984668733164e+01 5.042553682584310337e+01 4.065830959992013618e+02
4.568959630449304399e+01 6.188041984668733164e+01 5.042553682584310337e+01 4.065830959992013618e+02
4.568959630449304399e+01 6.188041984668733164e+01 5.042553682584310337e+01 4.065830959992013618e+02
4.568959630449304399e+01 6.188041984668733164e+01 5.042553682584310337e+01 4.065830959992013618e+02
4.568959630449304399e+01 6.188041984668733164e+01 5.042553682584310337e+01 4.065830959992013618e+02
4.568959630449304399e+01 6.188041984668733164e+01 5.042553682584310337e+01 4.065830959992013618e+02
4.568959630449304399e+01 6.188041984668733164e+01 5.042553682584310337e+01 4.065830959992013618e+02
4.568959630449304399e+01 6.188041984668733164e+01 5.042553682584310337e+01 4.065830959992013618e+02
4.568959630449304399e+01 6.188041984668733164e+01 5.042553682584310337e+01 4.065830959992013618e+02
4.568959630449304399e+01 6.188041984668733164e+01 5.042553682584310337e+01 4.065830959992013618e+02
4.568959630449304399e+01 6.188041984668733164e+01 5.042553682584310337e+01 4.065830959992013618e+02
4.568959630449304399e+01 6.188041984668733164e+01 5.042553682584310337e+01 4.065830959992013618e+02
4.568959630449304399e+01 6.188041984668733164e+01 5.042553682584310337e+01 4.065830959992013618e+02
4.568959630449304399e+01 6.188041984668733164e+01 5.042553682584310337e+01 4.065830959992013618e+02
4.568959630449304399e+01 6.188041984668733164e+01 5.042553682584310337e+01 4.065830959992013618e+02
4.568959630449304399e+01 6.188041984668733164e+01 5.042553682584310337e+01 4.065830959992013618e+02
4.568959630449304399e+01 6.188041984668733164e+01 5.042553682584310337e+01 4.065830959992013618e+02
4.568959630449304399e+01 6.188041984668733164e+01 5.042553682584310337e+01 4.065830959992013618e+02
4.568959630449304399e+01 6.188041984668733164e+01 5.042553682584310337e+01 4.065830959992013618e+02
4.568959630449304399e+01 6.188041984668733164e+01 5.042553682584310337e+01 4.065830959992013618e+02
4.568959630449304399e+01 6.188041984668733164e+01 5.042553682584310337e+01 4.065830959992013618e+02
4.568959630449304399e+01 6.188041984668733164e+01 5.042553682584310337e+01 4.065830959992013618e+02
4.568959630449304399e+01 6.188041984668733164e+01 5.042553682584310337e+01 4.065830959992013618e+02
4.568959630449304399e+01 6.188041984668733164e+01 5.042553682584310337e+01 4.065830959992013618e+02
4.568959630449304399e+01 6.188041984668733164e+01 5.042553682584310337e+01 4.065830959992013618e+02
4.579519491708366985e+01 6.204132017486968209e+01 5.031695357929067569e+01 4.073279840868574979e+02
4.579519491708366985e+01 6.204132017486968209e+01 5.031695357929067569e+01 4.073279840868574979e+02
4.579519491708366985e+01 6.204132017486968209e+01 5.031695357929067569e+01 4.073279840868574979e+02
4.579519491708366985e+01 6.204132017486968209e+01 5.031695357929067569e+01 4.073279840868574979e+02
4.579519491708366985e+01 6.204132017486968209e+01 5.031695357929067569e+01 4.073279840868574979e+02
4.579519491708366985e+01 6.204132017486968209e+01 5.031695357929067569e+01 4.073279840868574979e+02
4.579519491708366985e+01 6.204132017486968209e+01 5.031695357929067569e+01 4.073279840868574979e+02
4.579519491708366985e+01 6.204132017486968209e+01 5.031695357929067569e+01 4.073279840868574979e+02
4.579519491708366985e+01 6.204132017486968209e+01 5.031695357929067569e+01 4.073279840868574979e+02
4.579519491708366985e+01 6.204132017486968209e+01 5.031695357929067569e+01 4.073279840868574979e+02
4.579519491708366985e+01 6.204132017486968209e+01 5.031695357929067569e+01 4.073279840868574979e+02
4.579519491708366985e+01 6.204132017486968209e+01 5.031695357929067569e+01 4.073279840868574979e+02
4.579519491708366985e+01 6.204132017486968209e+01 5.031695357929067569e+01 4.073279840868574979e+02
4.579519491708366985e+01 6.204132017486968209e+01 5.031695357929067569e+01 4.073279840868574979e+02
4.579519491708366985e+01 6.204132017486968209e+01 5.031695357929067569e+01 4.073279840868574979e+02
4.579519491708366985e+01 6.204132017486968209e+01 5.031695357929067569e+01 4.073279840868574979e+02
4.579519491708366985e+01 6.204132017486968209e+01 5.031695357929067569e+01 4.073279840868574979e+02
4.579519491708366985e+01 6.204132017486968209e+01 5.031695357929067569e+01 4.073279840868574979e+02
4.579519491708366985e+01 6.204132017486968209e+01 5.031695357929067569e+01 4.073279840868574979e+02
4.579519491708366985e+01 6.204132017486968209e+01 5.031695357929067569e+01 4.073279840868574979e+02
4.579519491708366985e+01 6.204132017486968209e+01 5.031695357929067569e+01 4.073279840868574979e+02
4.579519491708366985e+01 6.204132017486968209e+01 5.031695357929067569e+01 4.073279840868574979e+02
4.579519491708366985e+01 6.204132017486968209e+01 5.031695357929067569e+01 4.073279840868574979e+02
4.579519491708366985e+01 6.204132017486968209e+01 5.031695357929067569e+01 4.073279840868574979e+02
4.579519491708366985e+01 6.204132017486968209e+01 5.031695357929067569e+01 4.073279840868574979e+02
4.579519491708366985e+01 6.204132017486968209e+01 5.031695357929067569e+01 4.073279840868574979e+02
4.579519491708366985e+01 6.204132017486968209e+01 5.031695357929067569e+01 4.073279840868574979e+02
4.579519491708366985e+01 6.204132017486968209e+01 5.031695357929067569e+01 4.073279840868574979e+02
