1.000000000000000000e+00 1.000000000000000000e+00 1.000000000000000000e+00 1.000000000000000000e+00
1.030099921112102024e+00 1.005665228206434447e+00 1.013068168380792486e+03 3.653365128572627629e-02
1.080422157371014658e+00 1.020305293054514895e+00 1.144967113266939123e+03 3.515504833732794460e-02
7.794928655456365707e-01 8.817045248506036881e-01 1.113652965059232656e+03 3.671524351354359811e-02
8.394286598602006544e-01 9.481173433091737435e-01 1.155172991095053476e+03 3.640328188770886736e-02
7.987053453079433485e-01 9.735599900293681053e-01 9.964237734711251733e+02 3.867869538785705108e-02
7.994020538747594884e-01 8.626980917336469767e-01 1.073467280317312316e+03 3.186564997309149216e-02
5.636562695446065696e-01 8.422325779067254548e-01 8.941103959725941195e+02 3.561389029276585544e-02
5.744364517925681923e-01 8.840895193308972999e-01 8.352013468981306232e+02 3.370317014898924213e-02
5.468016024614241744e-01 8.027281873932340384e-01 7.249115675670425389e+02 3.667084957884602509e-02
5.252266394198862320e-01 7.869317271725972951e-01 8.471261663822206174e+02 3.406103996492071406e-02
5.026217717106904459e-01 8.417401789941163504e-01 9.156050396496625581e+02 3.303047591431668845e-02
3.509669541164437412e-01 8.316950313965874031e-01 7.901608388119443589e+02 3.859037409551806935e-02
3.610997490039457580e-01 8.876139514111276441e-01 7.579270164663914784e+02 3.600559504625306523e-02
3.558272981344600128e-01 8.843009171825306769e-01 7.328171410104256438e+02 3.456865622374204888e-02
3.221792883611894753e-01 7.851983885538063035e-01 7.035530237973903240e+02 3.581158681556736306e-02
3.268840491755515276e-01 7.943031736857064651e-01 6.987175138719244387e+02 3.679815331273012663e-02
2.618393445244310835e-01 7.927801550827842103e-01 7.302419960665243934e+02 3.704076524779711249e-02
2.547169380137040418e-01 7.459402111560572424e-01 6.832699183014602795e+02 3.692637284274849496e-02
2.948880281222312494e-01 7.903192246081452987e-01 6.241968791325746224e+02 3.738222802626099683e-02
2.444345505051421230e-01 6.628802684573644743e-01 7.227829509505755823e+02 4.277514393198786347e-02
2.212193759678003635e-01 7.744113864790223012e-01 6.975609609444863963e+02 4.088938912092517780e-02
2.125425731297087839e-01 7.738932532599479552e-01 6.863744475226778832e+02 4.591226999889991278e-02
2.195228707104362742e-01 7.232061941772740532e-01 7.025435769411664069e+02 4.174551612701618564e-02
2.265970284274692326e-01 7.703310069198227028e-01 7.132234661831568019e+02 4.090775557993724110e-02
2.230085036702977863e-01 6.734762295891489892e-01 7.103683821955560234e+02 4.225864872155769836e-02
2.122167804520401491e-01 7.141966004033257764e-01 7.272195744751252278e+02 4.359474408661460909e-02
2.150800646703330266e-01 7.177508964340132414e-01 7.330607091656703460e+02 4.321104911839267204e-02
2.123024485671352879e-01 7.627277695574610217e-01 6.529015297940154596e+02 4.186919557003242198e-02
2.006406312366513789e-01 7.658697599537196421e-01 7.308283663737749976e+02 4.428492910450897158e-02
2.222933437393127820e-01 7.611260954626644093e-01 6.588632865688416587e+02 4.123256829759051195e-02
2.115784877919806295e-01 8.094276819438280812e-01 7.132408296535368208e+02 4.509579160795113006e-02
2.140430054633697954e-01 7.788062211737045715e-01 7.152826982964598983e+02 4.014553090161164517e-02
2.094107050181306107e-01 7.539417110820952894e-01 7.437797804430272208e+02 4.137894501025971006e-02
2.286834035614333238e-01 7.495273035939420403e-01 7.420275699736106390e+02 4.394620189574714730e-02
2.356030186470708943e-01 6.846655868356408270e-01 6.562471552727719200e+02 4.332681956827066916e-02
2.108151639401964761e-01 6.796130637118941165e-01 6.813476960161831357e+02 4.287452006293228368e-02
1.736193549503449451e-01 6.995451359711161166e-01 6.308326222073982308e+02 4.274317989014358998e-02
1.835569079042136120e-01 6.792052271642915473e-01 6.684179094259301337e+02 4.587770980835671752e-02
1.962826013861932173e-01 6.417271412786614837e-01 6.115866064754007994e+02 4.096532305472346674e-02
1.911559043929170476e-01 7.405269201235096244e-01 6.149689654316108545e+02 3.731507698464989892e-02
2.146540171541796993e-01 6.883350144449241759e-01 6.621612704548060719e+02 4.338758395872053392e-02
2.001147605117441775e-01 7.109368911877831376e-01 6.769833886290872442e+02 3.997969596580185775e-02
1.909677114652762742e-01 6.846962855445923868e-01 6.687934458008655838e+02 4.106869787188731358e-02
2.015644657153472241e-01 6.499939433340555794e-01 6.586422074146887553e+02 4.084722789662616205e-02
1.849747635691487424e-01 6.822446173260507951e-01 6.681296195418018442e+02 4.146216774752872758e-02
2.040854894409911413e-01 6.912227774355784726e-01 6.962390454589493629e+02 4.267889404990361096e-02
2.076680305238826074e-01 6.575542134654878135e-01 7.014251706707731273e+02 4.143714070154445872e-02
1.997212483421742235e-01 6.119188633763549268e-01 6.425578345637510438e+02 3.909790759330263737e-02
1.856040362147087230e-01 6.355918564872324872e-01 5.895443065582712734e+02 3.777526390026057085e-02
2.196074508385752744e-01 7.138024071429658335e-01 6.096806705006982838e+02 4.270644684618651182e-02
2.007575384900207871e-01 6.512535396993913706e-01 7.077623597534951614e+02 4.375569418202343575e-02
2.154051111113665373e-01 6.799807752950642881e-01 5.990232091629667366e+02 4.029054426383934379e-02
2.128969940200856892e-01 6.580420563259968825e-01 6.125186959799597162e+02 3.705791003123478505e-02
1.966603134922041141e-01 7.137541841243720819e-01 6.010878063281083996e+02 4.252003439173070859e-02
1.921083783087784158e-01 5.756214512223090107e-01 6.866067790094707561e+02 4.287506551846160391e-02
1.908358355128087769e-01 6.727634265023147986e-01 6.327825883038705115e+02 4.465891898588257580e-02
2.088969133668783507e-01 6.430912233436895109e-01 7.052345786356099779e+02 4.379393407718396025e-02
2.087619261804064263e-01 6.959033931585661970e-01 6.026472103780415637e+02 4.303105580710707423e-02
2.069723056465820610e-01 6.611037614470099966e-01 5.932368566636457672e+02 3.935002879018460048e-02
1.671403748027903424e-01 7.010376707294296850e-01 6.322242089908139633e+02 4.343844438627286059e-02
1.758542227205360242e-01 7.132816962805488270e-01 6.373938549751122764e+02 4.387357468622664347e-02
1.169660476969871798e-01 5.001041200458544722e-01 6.131504122915690687e+02 5.725385193212682161e-02
1.115433596829456947e-01 5.108339087881615947e-01 5.013509342469311605e+02 6.203413145420139108e-02
1.307404005473373210e-01 5.836760990794637172e-01 5.130045932063949294e+02 5.940481332008903242e-02
1.053174976952696157e-01 4.905489840761732001e-01 4.952392139050564879e+02 6.016302541284773708e-02
1.205749172585633133e-01 5.058855061539893061e-01 5.207190391700950158e+02 6.906443822259436538e-02
1.059385087043531459e-01 5.297526900451641207e-01 5.531832934041382259e+02 6.147235955481353958e-02
1.131044704063969564e-01 5.098134304976938980e-01 5.216450084177996587e+02 6.475473003211555667e-02
1.058761210446777096e-01 4.543953425109651389e-01 5.108649420248877959e+02 7.039636688195340108e-02
1.155409140554766595e-01 4.852717460491400847e-01 5.243521210584426626e+02 5.833361977162138112e-02
1.089445030288325317e-01 4.578012115356456246e-01 5.051661774594213625e+02 5.633631328474427574e-02
1.159603006201183895e-01 4.650288822788691823e-01 5.191284988332032526e+02 6.145556613950420993e-02
1.132237402531572207e-01 4.795971188903495053e-01 5.257614272834365465e+02 6.226185087533007978e-02
1.092773510165068185e-01 4.978600464148691396e-01 5.317489535293860854e+02 6.253781433603672335e-02
1.077659197137234431e-01 4.767722617844392108e-01 4.950646649660114349e+02 5.866518451978013082e-02
9.680151823162257141e-02 4.769394754873509945e-01 5.432830962278807192e+02 6.429279204323905261e-02
1.025177906736462474e-01 4.624501486294217978e-01 4.817336716490746085e+02 5.869757702455969534e-02
1.040937945919816338e-01 4.630686710031582387e-01 4.645029189484736207e+02 5.348090910232393413e-02
1.115847666929921933e-01 4.866325674621235220e-01 5.475664862370798573e+02 6.161461765431539700e-02
9.847131323963885519e-02 4.662299187420009261e-01 5.024415325414072981e+02 6.382191276010776293e-02
1.149758809140637161e-01 4.583979189034501633e-01 5.130583243316120843e+02 6.015914541876341004e-02
9.532110313362295029e-02 4.714678147829705068e-01 4.872121289123072074e+02 6.143680552649655180e-02
1.006825480726322303e-01 4.354734535917786364e-01 5.745652097666268219e+02 5.891659899519468419e-02
1.110036276970078478e-01 4.388482217189214052e-01 4.906769480452690573e+02 6.565114044569145269e-02
1.198833233269266385e-01 4.922108010861077632e-01 5.157494486267162301e+02 5.150465302407525314e-02
1.140646181817667332e-01 4.859977740707958072e-01 5.194320429060952620e+02 5.668118012138131240e-02
1.067046099645733576e-01 4.573817234219993977e-01 5.484529517197195219e+02 5.221735343136748447e-02
1.155648163174947118e-01 4.619199137445552661e-01 5.458340111066137297e+02 5.170737196983371531e-02
1.108984490461227962e-01 4.809924568214654639e-01 5.259660193513419699e+02 5.577201511118587418e-02
1.310074739837012725e-01 4.812595230153160486e-01 4.857456747802062296e+02 5.208594448233969804e-02
1.119682192240335911e-01 4.583847116189662119e-01 5.504937821859060705e+02 5.117318029365410664e-02
1.178993161367893894e-01 4.495250388497891159e-01 5.695500076844593877e+02 5.405008994353541207e-02
1.219127653140334444e-01 5.315971988822335570e-01 5.235465477714016060e+02 5.842169211660609013e-02
1.138062458396250087e-01 4.861703786433494989e-01 5.065256186159090817e+02 5.622407224618036770e-02
1.110994721570518901e-01 5.084756918268886761e-01 5.352343635654478931e+02 5.167753956190031944e-02
1.209639360971603850e-01 5.366828814004551695e-01 4.911803431836120808e+02 5.367671082302429703e-02
1.056885573791186278e-01 4.789732640597385571e-01 5.385779350636902336e+02 5.417164414798858463e-02
1.254067824723541225e-01 5.008223391400596913e-01 5.065519661747697455e+02 5.093776518518931817e-02
1.130630194325802085e-01 4.418937715419873902e-01 4.909527546893527870e+02 5.397557583941529902e-02
1.118384687056776516e-01 4.612041566896681322e-01 5.309303168247183748e+02 5.998598037438831326e-02
1.234670384948306499e-01 4.606997142087407293e-01 5.404644944550744867e+02 5.693431891230948949e-02
1.157236277434322697e-01 4.745466886354962610e-01 5.201502846202693036e+02 5.159212803537719522e-02
1.231465414367102079e-01 4.869836813015525623e-01 4.716272071398580010e+02 5.152678354425509893e-02
1.086440748661277184e-01 5.064794609442188067e-01 5.345524512655940725e+02 6.177370622296812774e-02
1.123569701097841961e-01 5.237214390783163642e-01 5.468813820797560084e+02 5.562419490195098098e-02
1.105926168157664591e-01 4.789225321514112843e-01 5.544057945525549940e+02 5.414472461836520450e-02
1.107321668663001912e-01 4.876209832533255906e-01 5.193662846559689115e+02 5.348986690413565920e-02
1.285352782090216639e-01 4.695658138063940612e-01 5.234351098553504471e+02 5.372879458990154761e-02
1.153986445654359844e-01 4.595141539568263767e-01 4.997091323184152429e+02 5.568538124486916568e-02
1.182648922558071775e-01 4.842993373482420427e-01 5.779799895035836244e+02 5.534975116625295150e-02
1.104098834198149748e-01 4.878990234595293463e-01 4.645703063312813583e+02 6.016990892445982231e-02
1.063307474474300823e-01 5.290473170667666647e-01 4.999389869735603042e+02 6.088925916150667028e-02
1.162423535136904856e-01 4.684809420544503999e-01 5.579234426841582035e+02 5.550680230793438724e-02
1.146861909234050680e-01 4.786055220744476202e-01 5.622326178814148534e+02 5.317542892604009558e-02
1.160402143293563226e-01 4.936834116285792606e-01 4.869602992259863754e+02 5.059572295352441490e-02
1.180138756219880070e-01 5.366618781632542801e-01 5.205096734196280295e+02 5.367495104431309338e-02
1.023788125429418022e-01 4.989822734749932986e-01 5.346788359803797448e+02 5.179698650473393839e-02
1.170585347833368040e-01 4.848692689880648721e-01 5.352023045913393844e+02 5.106556970410670859e-02
1.160861547388125914e-01 4.898141603663292432e-01 5.150388232066491128e+02 5.619230320342671198e-02
1.122320917482096669e-01 4.440522694184895203e-01 5.336313548668753128e+02 4.880032178300733325e-02
1.171377991409297686e-01 4.677080669774988930e-01 5.742694128200147361e+02 5.441551720951537385e-02
1.105366522503698906e-01 5.143615422533667214e-01 5.613835481475730376e+02 5.604982215359005648e-02
1.300573117605716145e-01 5.183868006026490782e-01 5.248970039476248530e+02 5.228712277373124412e-02
1.104477674535133958e-01 4.680531994310103694e-01 4.935804572978518650e+02 5.503908348558683716e-02
1.201706805791604021e-01 4.423193100230601860e-01 5.494544000536257045e+02 5.154085777941447982e-02
1.163290979800425673e-01 4.752727819795843911e-01 5.078313681049966704e+02 5.353158212724330040e-02
1.119300930645289044e-01 4.793287903080242218e-01 5.556688148774444471e+02 5.370027840784972334e-02
1.181732091567223725e-01 5.132630713791273003e-01 5.259914615756288185e+02 5.716982201027754479e-02
1.086814957728704095e-01 5.064744630055589836e-01 5.493323619622667593e+02 4.543740422098212911e-02
1.288968519611338459e-01 5.090674790156584084e-01 6.027069309871694713e+02 4.833436567507375797e-02
1.155680280659475562e-01 4.902637258978851387e-01 4.756843231446471805e+02 4.556657954173026076e-02
1.110953287899692915e-01 5.135660521355542851e-01 5.409422641861559669e+02 5.052809207098123839e-02
1.109557376550273505e-01 4.877545220561252393e-01 5.125486123636383127e+02 5.127564889442565860e-02
1.268169466009397839e-01 5.320746816331319851e-01 5.369909762466428447e+02 5.293413399852222451e-02
1.144107175258044368e-01 5.533347820150418261e-01 4.993363874505892568e+02 5.396318277970352240e-02
1.046790600621753525e-01 5.037012735813433117e-01 5.317467269432186185e+02 5.158587530156035633e-02
1.196049558338776048e-01 4.895435354474307887e-01 5.295491653963790668e+02 5.082618219141223082e-02
1.047678690895797460e-01 4.751084434417459090e-01 5.312863227247070199e+02 5.468280907893249831e-02
1.121361839262163818e-01 4.562726286770701356e-01 5.134305414631384110e+02 5.193011864287610385e-02
1.137092855238658329e-01 5.134729819371155468e-01 5.515450202266956694e+02 4.572320361613384926e-02
1.025087601548071020e-01 4.972941939395135180e-01 5.471500446651361926e+02 5.649458316237490618e-02
1.156228023259047860e-01 5.030812143067977527e-01 5.538867087904686741e+02 5.774374510006798772e-02
1.083325202407043886e-01 5.276910146809242752e-01 5.318727936980590130e+02 4.731682357667903877e-02
1.150017773845967012e-01 5.016205810912524043e-01 5.375651589507597237e+02 4.916347623536995726e-02
1.075045638013458482e-01 5.419304773561420818e-01 5.409122029893305807e+02 5.365411382305743104e-02
1.167511407542759366e-01 5.009922085370723810e-01 5.090105850799694736e+02 5.463677537242057902e-02
1.113706084799273438e-01 5.257377473422496506e-01 5.588185388430678131e+02 4.876277887922672583e-02
1.116996762474799093e-01 5.524545221026038178e-01 5.183147776014338888e+02 5.118348528924838298e-02
1.130965318426910282e-01 4.805622339239177809e-01 5.862628806639121422e+02 5.117815054156121118e-02
1.257807994220133951e-01 4.853939447980896715e-01 5.694921308494250525e+02 5.770643257780228019e-02
1.174001850385203993e-01 4.970208962117428908e-01 5.141680205834373965e+02 5.485962979369790604e-02
1.084067308785771622e-01 5.255253462582520907e-01 5.446796796552938531e+02 5.015563207329160750e-02
1.101310761909591873e-01 4.928540989814120810e-01 5.255104252628467520e+02 5.182678697742650747e-02
1.104455531085012515e-01 4.962363672197132036e-01 5.461039137454727097e+02 5.567189903230147091e-02
1.066739450574265557e-01 4.909130973211994209e-01 5.462941731135165355e+02 5.387356106512790344e-02
1.067230043217644447e-01 5.029930121767651752e-01 4.968284404806590260e+02 5.312170075723005730e-02
1.116143472238938505e-01 4.902925343269903813e-01 5.531050297632538104e+02 5.475279217459852465e-02
1.229884246713785489e-01 5.334905827815819013e-01 5.508932462533180114e+02 5.041714582514422727e-02
1.236316678259326285e-01 4.986780691248975939e-01 5.215463982922620971e+02 5.006403574437334747e-02
1.071913917113870018e-01 4.779873067354780680e-01 5.834888209264381658e+02 5.436380891437019719e-02
1.051587851842094301e-01 4.983110081691434767e-01 5.254592425916099501e+02 5.164946483091426704e-02
1.174412717345177798e-01 5.141509760236097071e-01 5.644120127045752042e+02 5.222607609933160866e-02
1.109531978244055334e-01 5.798334458881664322e-01 5.532507603820089344e+02 4.937661477882192979e-02
1.098762033667284588e-01 4.483145032350235315e-01 5.494154398040052456e+02 5.266119883582268818e-02
1.170976544245025952e-01 4.889168132063593242e-01 5.083048314030575057e+02 5.655207049982543394e-02
1.101816056733618404e-01 5.321558317020065321e-01 5.844037425583245522e+02 5.179416800335476939e-02
1.180994116306938041e-01 4.967518772603992661e-01 5.620803410765462331e+02 4.856471281757154812e-02
1.157648923064317353e-01 5.356985995907843634e-01 5.119007313633732110e+02 4.646417853553812261e-02
1.046656487997223578e-01 4.852536798325050027e-01 4.963726197010352053e+02 4.758325847562516753e-02
1.147438555021234735e-01 5.166498610941220315e-01 5.275014793131058468e+02 4.677744582027007492e-02
1.236269104619969889e-01 5.027990296617568244e-01 5.343846703611631028e+02 5.341305003276219932e-02
1.161700083613281531e-01 4.736967904216028424e-01 4.705295032242474917e+02 5.136786677215383901e-02
1.084915513695247913e-01 4.632641359448975704e-01 5.281017149367589809e+02 5.245027543544111132e-02
1.180390673266353968e-01 4.871491297288426114e-01 4.941956596743177101e+02 5.127837677938658356e-02
1.144788705509082599e-01 5.111498233832669769e-01 4.981821890090091074e+02 5.054458757975787558e-02
1.163903141031449179e-01 5.458910285162580367e-01 4.897025709004010423e+02 5.328409171593031374e-02
1.052918299110807004e-01 4.856795429683314347e-01 5.252347734003886899e+02 5.149225008894747074e-02
1.187347308525862899e-01 5.033965136319530354e-01 5.036477904550534959e+02 5.177870411980771415e-02
1.132839834379682914e-01 5.263731225736258956e-01 4.958619078956421617e+02 4.692184165353635583e-02
1.164636072573023706e-01 5.184787533200210241e-01 5.303615165627510351e+02 5.027279749745138665e-02
1.110556158424114981e-01 5.093341408855431851e-01 5.469982293422846169e+02 5.499428087632515783e-02
1.072341134179052163e-01 5.497207014913952916e-01 5.143876928895965648e+02 5.616990643643642034e-02
1.143882251394947452e-01 5.713988390295234865e-01 5.033284041181779571e+02 5.396198171240478014e-02
1.211755524622553093e-01 4.673278961015609467e-01 5.178812358942802803e+02 5.112970269916399663e-02
1.146903538185013033e-01 5.022941178049916688e-01 5.430413125637451230e+02 5.454853268799112614e-02
1.089987485409858459e-01 5.090502321725527413e-01 5.132604201400686179e+02 5.440783848293457431e-02
1.165302988044116250e-01 5.163546735063618831e-01 4.533362719524432123e+02 4.825029022981219134e-02
1.195710353726072289e-01 4.802410061679591169e-01 5.379429739789412679e+02 5.006956927120918832e-02
1.203637256707733166e-01 4.824175323321763798e-01 5.477423859365998169e+02 5.348054929742680069e-02
1.175368253696532223e-01 4.619203119043373551e-01 5.292152711612336589e+02 5.308370711213374060e-02
1.083077160330175176e-01 4.969342282549519818e-01 4.912965567753110463e+02 5.449225848151244278e-02
1.100155590051325183e-01 5.063881593054389008e-01 4.919512106655355410e+02 5.259352336831916302e-02
1.169086298664087920e-01 5.518570766693425833e-01 5.293541758961210917e+02 5.233398764930086156e-02
1.016351199470880429e-01 5.210503944843435375e-01 5.306254333090882938e+02 5.128610729084550485e-02
1.085810721283735070e-01 4.976219286558104526e-01 4.645760068847548609e+02 5.456068223905394254e-02
1.255548572444501187e-01 5.067059510211319173e-01 5.458712452225911420e+02 5.564838063570790028e-02
1.155901212328678818e-01 4.981881115937475957e-01 4.615134659323826440e+02 4.701639636653104359e-02
1.118108528062674717e-01 5.068894711927440788e-01 5.406394296904735484e+02 5.101856282265512799e-02
1.188452855872281777e-01 4.740074434377204438e-01 5.764869687037264612e+02 4.961017218357984676e-02
1.094127491180690998e-01 5.031293036887161119e-01 5.425054867961490572e+02 5.406105802442554703e-02
1.118937781279679688e-01 5.510709956956943989e-01 5.001179452018561733e+02 4.848370954847094211e-02
1.192391393187400978e-01 4.699637714960047119e-01 5.253915337314581393e+02 5.239773928245086004e-02
9.920580526834243962e-02 4.938403316727173475e-01 5.636236444167404898e+02 4.360532547653019064e-02
1.023490620872514606e-01 4.762868879846322567e-01 5.262380126230959831e+02 4.872447575398597408e-02
1.184607629572126536e-01 5.086279626597215442e-01 5.012859835075826709e+02 5.171529023254407831e-02
1.152923619209337142e-01 5.166518286832920692e-01 5.030062776128986570e+02 4.798297710834856927e-02
1.144903342933159124e-01 5.703403494926995165e-01 5.158970924781375516e+02 4.630257732346076960e-02
1.217632556875967026e-01 5.495987152082528748e-01 5.434085782158439315e+02 4.792317984032885836e-02
1.163540431427785848e-01 5.138106936673664249e-01 5.400616107868387417e+02 5.279686725043222090e-02
1.183267108833966630e-01 5.243335417666411535e-01 5.073276796350568247e+02 5.228033791946535419e-02
1.114867694893839495e-01 4.880943871818653745e-01 5.598716467716327543e+02 5.156195766954352333e-02
1.182541913560505448e-01 5.077119091740034396e-01 5.048320728417357941e+02 5.371389426657570410e-02
1.118531293701588436e-01 5.115437142921368530e-01 4.945683737535135265e+02 5.512387882327458161e-02
1.130414442351477117e-01 5.373406838894275728e-01 5.132923941843060902e+02 4.984127908698710030e-02
1.096836924362545596e-01 5.212610476407982807e-01 5.393149062124784905e+02 5.283176274090970598e-02
1.018721868713279993e-01 4.997417262529713078e-01 5.466222824391554695e+02 5.538654702707401789e-02
1.080512301117789314e-01 4.999944085608654110e-01 5.683540488761252618e+02 5.641341887090759594e-02
1.029018056881802895e-01 4.868363903002420057e-01 4.484718980694652828e+02 5.521424420617399020e-02
1.043245871731612595e-01 4.667770737288806648e-01 5.379888464853959249e+02 5.682116031753070562e-02
1.154143818584967146e-01 5.302459252828219949e-01 4.878947841888125936e+02 5.166486934549513466e-02
1.098828443235098512e-01 4.758389720791861843e-01 4.735984266021496296e+02 5.756630013568929394e-02
1.192538197828359597e-01 5.102628293933617609e-01 5.023306657368430592e+02 5.355488866106409424e-02
1.057627928863043992e-01 4.918512089699214607e-01 5.254426985312261422e+02 5.459809946472355541e-02
1.099008982420281444e-01 5.025395520390154580e-01 4.600084042870993244e+02 5.498289516219729417e-02
1.054387389311309542e-01 4.712027519009925891e-01 4.617187657640915290e+02 4.921655327225323007e-02
1.071798494950292890e-01 5.133582700866232695e-01 5.353778546414152970e+02 5.417785708641373321e-02
1.136683697134212856e-01 4.837632659561214576e-01 5.084017459366178286e+02 5.207093057615997528e-02
1.051657085137371744e-01 5.154224377511423816e-01 4.763595804313617350e+02 5.647653207850713425e-02
1.005200019929329558e-01 4.741944284788231490e-01 5.113608370352126826e+02 5.322916729928428570e-02
1.004816800746557853e-01 4.588601641295633193e-01 4.869768585146785540e+02 5.885437235061478228e-02
1.162178871593204793e-01 5.248686288211134032e-01 5.066167400423577192e+02 5.200225922500952003e-02
1.078236539050080461e-01 4.841254360816941715e-01 4.356659831667963658e+02 5.800400605890904809e-02
9.904594374142064450e-02 4.483607881474068191e-01 4.479094777380960863e+02 5.687334932729847664e-02
1.158651384999971334e-01 4.998501779788376842e-01 5.334631603715417896e+02 5.588751424492086062e-02
1.054772207766018766e-01 5.061634191378753256e-01 5.220439348987150652e+02 6.149915332697717535e-02
1.162462369957498465e-01 4.692194262395695259e-01 5.092223063371585567e+02 5.371495936569504331e-02
1.063451456950657847e-01 5.538359771808476495e-01 4.724159633529173448e+02 5.532546267609986246e-02
1.064068133150010836e-01 4.610158496240451820e-01 5.229457557007820014e+02 5.738611629420332927e-02
1.052899362940089845e-01 4.694306413995439353e-01 5.197640174019450114e+02 6.086043611416657589e-02
1.029151497310468594e-01 4.943912774306099545e-01 5.067817043492475477e+02 6.373908031315260458e-02
1.041690802680896727e-01 4.828044897042568784e-01 5.380479727853767145e+02 5.685381175556446232e-02
1.096576792581571841e-01 4.839240871619434059e-01 5.423441689971529058e+02 5.358721319206411621e-02
1.057247225722700995e-01 4.655021881607276923e-01 4.933983398402523903e+02 5.580587074029130096e-02
1.172917109913984846e-01 4.798345914156137426e-01 5.015026881964818699e+02 5.295125189071225869e-02
1.074635853382256284e-01 4.957882872405881547e-01 5.062734665074750069e+02 5.289870824123352189e-02
1.017853617447566777e-01 4.543195177855349765e-01 4.365429562104811225e+02 5.315252293206632755e-02
1.031996883635822870e-01 4.956960269369449779e-01 4.916480379311266802e+02 5.592224607606113840e-02
1.228161987680394529e-01 4.764716843283686165e-01 5.033910796999514332e+02 5.971994182027370174e-02
1.024835229494410194e-01 5.060642668776345054e-01 5.144587892824273467e+02 5.275177893399637941e-02
1.038258241785481040e-01 4.673051620573493992e-01 4.900127880343183051e+02 5.530615313336486455e-02
1.114447657278597043e-01 4.567399488262152696e-01 5.207536558581587087e+02 5.586883228796863526e-02
1.127009072711944587e-01 4.821197742318545920e-01 4.879379858407921802e+02 5.878555473086199967e-02
1.085619515787259598e-01 5.050368305286377923e-01 5.230567324623443710e+02 5.431643650143200969e-02
1.057108554162949632e-01 4.559411824216711429e-01 5.066960460825746964e+02 5.680515028746584844e-02
1.131583476989113379e-01 4.669519041734075393e-01 4.352343497337028566e+02 5.389102077591075013e-02
1.029234347196252286e-01 4.898337721365068065e-01 4.748096539103896703e+02 5.599777332403416824e-02
1.053747179949312274e-01 4.498304728010752984e-01 5.052067429546062272e+02 5.859552384147401899e-02
1.140336470356694137e-01 5.099159238749711998e-01 5.216011055302800514e+02 5.491592200750754910e-02
1.104078704736128624e-01 4.641967996446242362e-01 4.698429965678118947e+02 5.540413516347340861e-02
1.165161003004851620e-01 5.265763977926470885e-01 5.008442314484393592e+02 5.485616364969345821e-02
1.088577962952561040e-01 5.018814425223478981e-01 5.170241948093834026e+02 5.336950125391144717e-02
1.018629277309946735e-01 4.490367825193744000e-01 5.296172959714839408e+02 5.631822584683251337e-02
1.084871881632661211e-01 4.504045350166303030e-01 4.949528642277708173e+02 5.978698877249025156e-02
1.033105086840375164e-01 4.646090406466650835e-01 4.903891353639165800e+02 5.328456856201561204e-02
1.051772955377855562e-01 4.739275246556492460e-01 5.157707296116220732e+02 5.438392531127226454e-02
1.117799454491366362e-01 4.921680482468211437e-01 5.173329167466565650e+02 5.686310665864088842e-02
1.067093398801085419e-01 4.518307210476323887e-01 5.017502194730204792e+02 6.499099497704095840e-02
1.028676020149971587e-01 4.730258737276391012e-01 4.781351073326134156e+02 5.820712330943829393e-02
1.107439525772920541e-01 4.883902243659849485e-01 5.153113867013054232e+02 6.253191129141602578e-02
1.065626636631478580e-01 4.301108943806505880e-01 4.667114547190626013e+02 5.754682725624946787e-02
1.107669514926536980e-01 4.439109848434043548e-01 5.211823991570721546e+02 5.581176011955733124e-02
1.114676280655986090e-01 4.674505974839930356e-01 5.003914605941545801e+02 5.233458647998868313e-02
1.091932862707579166e-01 5.348513522246419738e-01 5.485103328922144783e+02 5.575059115367989732e-02
1.127509461155649650e-01 4.740948781697043590e-01 4.925458216269163927e+02 5.548381664675574448e-02
1.079181575497432100e-01 5.316169301494778621e-01 4.926279436406343848e+02 5.917567411434128399e-02
9.818007846945067674e-02 4.710657915321074807e-01 5.314469825296445151e+02 5.744080304355671934e-02
1.065487269183195140e-01 4.364113384366475890e-01 5.183513851090716571e+02 5.611659509324384842e-02
9.774407707218783770e-02 4.737044966862001272e-01 5.006816771052259014e+02 5.659264771074586781e-02
1.001337916183934751e-01 4.985239096875683229e-01 5.356258075847179043e+02 5.464549209116929124e-02
1.126333556026742344e-01 4.315522084664246694e-01 4.701301011565560657e+02 5.714161163983110664e-02
1.093225660608604100e-01 5.299189777333362938e-01 4.871181971849503611e+02 5.439261344092877898e-02
9.975008343917694809e-02 5.328297876533822919e-01 5.188625443976006864e+02 5.475180899984592731e-02
1.082138128918189446e-01 4.523707876854492493e-01 5.053351504092413506e+02 5.695900415419038326e-02
1.072824935775951172e-01 4.806117161512995506e-01 4.862075929976329007e+02 5.637492913761089214e-02
9.842193464074984466e-02 4.524474110007128957e-01 4.916493428022234866e+02 5.409582084699111199e-02
1.052477183887521733e-01 4.684734467882944453e-01 4.967008639821431757e+02 5.595944053063999640e-02
1.050744131006967064e-01 4.691081186653490165e-01 4.449967846091298043e+02 5.368454876080005350e-02
1.025070108251117523e-01 4.795828178917239670e-01 4.747733056598409007e+02 5.859205549566186971e-02
1.044030221993321877e-01 5.040045816961498115e-01 4.910622069813358621e+02 5.518965263650171121e-02
1.033533993144921947e-01 5.173535829034461297e-01 5.458439137019920508e+02 5.853293324399912179e-02
1.004059096381962474e-01 5.391905229762810059e-01 5.228190062717966384e+02 5.206614560532705355e-02
1.138770893415089608e-01 4.926539942552555229e-01 5.544484628815469023e+02 5.239720096840527752e-02
1.037954245399948100e-01 4.722699823693966570e-01 4.966947156692634735e+02 6.535273884096566566e-02
1.106758454526937385e-01 4.694897269135942519e-01 4.943019946184733158e+02 6.036002655553485141e-02
1.042070647307409975e-01 4.925518892713897090e-01 5.034546952636905530e+02 5.560029688171676254e-02
1.194063921081854190e-01 5.028457942948940662e-01 5.031325106382095669e+02 5.504556825702595912e-02
1.072641287026961793e-01 4.932156298726816379e-01 5.429985364430621075e+02 5.627629037918002036e-02
1.120309092730401995e-01 4.787949232435576574e-01 4.672342399893050811e+02 5.553462609408824774e-02
1.037189234419771400e-01 5.267109888004347651e-01 4.833913782043244964e+02 5.499206653497953207e-02
1.127149790285600778e-01 4.443810204342346637e-01 4.661220038333973434e+02 5.433805744166383955e-02
1.053844218901838214e-01 4.863334386472323301e-01 5.152519330699125248e+02 5.547457372793686975e-02
1.014242014728893720e-01 5.227799707723185252e-01 4.668863999704080925e+02 5.434019287468867115e-02
1.044373297573970433e-01 4.789274488478561520e-01 5.612160623994899424e+02 5.350876572472475223e-02
1.096108073699978563e-01 5.152313540168993455e-01 4.961856835972580484e+02 5.774166459808181828e-02
1.005230381417520497e-01 4.656093907758369621e-01 5.010088596421594502e+02 5.394768546352569222e-02
1.179343580501539118e-01 4.855865977654900134e-01 4.576817609232340942e+02 5.478265687079993812e-02
1.018628380554669755e-01 4.788779727380231832e-01 4.976427512407957465e+02 6.019918974286977975e-02
9.512806544782378970e-02 4.931530549848673339e-01 4.975261739029177193e+02 5.698358136747257163e-02
1.028009313326779944e-01 4.619876892805599433e-01 5.220023610958451172e+02 5.864642418001096008e-02
1.039312243164171728e-01 5.105765686538572545e-01 5.131650701652571342e+02 5.658402333254021477e-02
1.080401167070256241e-01 4.106247928706546202e-01 4.851041198146708666e+02 5.633406893544657540e-02
9.553349306724119583e-02 4.743524166560626476e-01 5.055275225840254052e+02 5.316936257318701647e-02
1.093570143693421981e-01 4.696711310647204152e-01 5.687677557486601927e+02 5.605378047858351059e-02
1.194278129098657187e-01 4.703704767120393537e-01 5.617643631678998872e+02 5.365530646959049826e-02
9.643990870211284483e-02 5.069622903419772619e-01 5.053810609653376105e+02 5.462727047817151488e-02
1.032255510203552995e-01 4.908253829465576423e-01 4.734409883440769704e+02 6.345798680362994826e-02
1.016253457482595157e-01 4.632846784418724884e-01 4.935370189836387453e+02 5.366689964285900616e-02
1.052736575791538703e-01 4.628160894695262928e-01 4.593497232043320651e+02 5.413468952333575640e-02
9.672082907765895687e-02 5.331656107700429859e-01 4.848867334699156117e+02 4.768640020702567817e-02
1.117332629796370796e-01 5.181454974779299283e-01 5.030630672285269611e+02 5.702793819769290395e-02
1.022746535233938769e-01 4.849404517705437900e-01 5.071993684005137766e+02 5.085735394939145532e-02
1.066316754943364975e-01 4.795939620292756222e-01 4.882790946881887635e+02 5.339103716101700065e-02
1.150540574271650268e-01 4.856223684948886010e-01 5.510637937785206759e+02 5.654186054598372979e-02
1.108997006362108656e-01 5.179888808495282104e-01 5.042586539427778121e+02 5.818431709994652257e-02
1.230622605479110426e-01 5.052734696063080344e-01 4.849839583242122671e+02 5.483771072980823946e-02
9.949202117671236689e-02 4.710623666610238014e-01 4.920580566169030590e+02 5.420668127970360017e-02
1.031052397543302246e-01 4.882573688080504293e-01 4.951855998575363174e+02 5.383232384873831017e-02
1.048632798046266051e-01 4.673138659793948935e-01 5.184855204701175353e+02 5.505805228131028378e-02
1.060398429384097618e-01 4.841853280827079775e-01 4.803530811327266292e+02 5.875424696132123398e-02
1.042518339360479773e-01 4.663900715408940134e-01 5.102163380895295290e+02 5.778758354016975962e-02
1.076691854480991556e-01 4.567929138391335075e-01 5.314967530962666160e+02 5.171287078705540108e-02
1.047307635293629746e-01 5.003735093999629457e-01 5.096325448495521186e+02 5.353726171813590062e-02
1.084493765379428432e-01 4.656195122341766912e-01 5.195300377953303723e+02 5.294018659516677022e-02
1.070336067119364021e-01 4.504299377026051987e-01 5.056685656394175794e+02 5.555981189119395952e-02
1.109762519346977616e-01 4.682639671977491536e-01 5.097058154570949569e+02 5.149916634030746870e-02
1.097847770596050293e-01 4.664936885720978865e-01 4.836552275123202662e+02 5.115895201676429194e-02
1.036523119350649530e-01 4.778360851695076517e-01 4.972754822429179171e+02 5.682393251101178211e-02
1.136285168320114863e-01 4.952062249466800403e-01 4.505467098280353184e+02 5.831737105750009476e-02
1.066563629890783932e-01 4.760394054933104746e-01 4.740024640817499630e+02 5.512555286810159882e-02
1.108313765844574916e-01 5.207172017592505142e-01 5.022227087738201021e+02 5.101285497949030467e-02
1.034208037664046259e-01 4.705850559259616150e-01 5.047783551939521658e+02 4.951802481255822980e-02
9.799493705162967694e-02 5.103694319967013726e-01 5.042463737878302936e+02 5.701712466854871875e-02
1.006478425109429142e-01 4.761426056018595032e-01 5.060391963689693284e+02 5.326054788041151983e-02
1.113618446816722757e-01 4.575862629663444148e-01 4.690748713444074838e+02 5.551216860897947164e-02
1.035158535343580349e-01 4.976524082066081656e-01 4.849075066950964583e+02 5.398843027662027227e-02
1.122891876651353343e-01 4.716243677025721004e-01 4.822187272716481630e+02 5.185015534880310639e-02
1.004772665350516236e-01 4.830008588626416022e-01 4.600614374475222803e+02 5.539670289569343514e-02
1.139900666763349890e-01 4.781739512385041468e-01 4.831651171253178063e+02 5.351478951964313419e-02
1.056324311130344556e-01 4.794225527449526569e-01 5.260715470302712902e+02 4.898633342386010670e-02
1.005073913812261632e-01 4.955440873561761661e-01 5.231790998389998322e+02 5.381823938992725403e-02
1.087340651411946024e-01 4.956722371005038430e-01 5.247078627459424069e+02 5.528654097123337358e-02
9.995193788969984616e-02 4.783631490617241688e-01 4.848110153876069148e+02 5.508567786927097421e-02
1.058224639856186478e-01 4.335387021344688785e-01 4.827241648396517348e+02 5.466659555329227843e-02
1.169439662356455412e-01 4.712777245818524086e-01 5.286404758474742493e+02 5.468139807236830491e-02
1.006476689347477471e-01 4.826201289393162730e-01 4.743732980265154424e+02 5.723648664479902975e-02
1.098108250285067672e-01 4.812287637303401810e-01 4.763316532700141579e+02 4.789241411447500013e-02
1.070774686441624962e-01 4.312653273149658628e-01 5.065362621646543175e+02 5.005373318853546111e-02
9.639382689889201827e-02 5.073234097383509944e-01 4.866311851351593987e+02 5.588578137318977318e-02
1.043685848059447835e-01 5.301639475397946777e-01 4.884192080800082749e+02 5.194231039725900195e-02
9.895302993728849472e-02 4.669252252110588364e-01 5.293267879339977071e+02 5.362891081913073732e-02
9.855408124454922980e-02 4.542777223682959442e-01 5.443906977563459577e+02 5.131744224086203648e-02
1.083444169132468105e-01 4.792934590550769203e-01 5.362942556387166633e+02 5.776234325225192145e-02
1.070568645326586410e-01 4.958347164593689960e-01 5.346484531692880182e+02 5.384098289321245095e-02
1.051898577328950618e-01 4.835614549273651863e-01 5.378525961766265482e+02 5.194162619918985674e-02
1.079466378684474509e-01 4.561490469856361307e-01 4.742643897505228097e+02 4.863648887833919160e-02
1.111679118017085827e-01 4.471716864116344059e-01 4.584903017876690683e+02 5.370668360561703381e-02
1.105614998695168966e-01 4.625482549376778718e-01 5.174560832191684767e+02 5.667112355583257127e-02
1.069973176678816751e-01 4.800080986500258051e-01 4.948954420799313425e+02 5.425914448511363203e-02
1.014082204473774618e-01 4.826972190581554356e-01 5.123605174740141592e+02 5.713927613028496610e-02
1.062628958153067071e-01 4.411528058389634910e-01 5.068426810420341440e+02 5.174410270397954148e-02
9.434636786313482792e-02 4.647534675992940900e-01 4.838889501311816161e+02 5.250955703777394901e-02
1.077798915936779151e-01 4.585743782869020069e-01 4.874340480368575754e+02 5.613361698917004178e-02
1.067916332157620857e-01 4.847840793043899921e-01 4.694975909535838809e+02 5.459675669511702967e-02
9.954326884007579090e-02 4.908388171245487430e-01 4.736844094205162605e+02 5.597601681005608815e-02
1.082452913890249724e-01 5.034699016033318264e-01 4.850842711002667897e+02 5.700078103974717120e-02
1.027036323135773338e-01 4.797917010911601499e-01 4.954399539620552559e+02 5.117544011572146279e-02
1.094691951816933323e-01 4.934408441665081857e-01 5.462638369973102499e+02 5.305085225751719757e-02
1.101390401866493701e-01 4.692793945785602716e-01 5.233539734374129466e+02 5.393126331543472013e-02
1.026000626329005433e-01 4.549347389250458229e-01 5.373209740904787850e+02 5.787726832074496092e-02
1.151248787448729272e-01 4.889773388799318887e-01 4.797605442946210133e+02 4.818512551955957124e-02
1.028973315277270512e-01 5.057782853494713349e-01 5.347108251024341143e+02 5.556065364005091656e-02
1.055143148673704373e-01 4.793855164435022465e-01 4.873479319522789410e+02 6.058963264130746290e-02
1.057597559398823772e-01 4.755065739845779071e-01 4.901334712607023221e+02 5.138219473289923345e-02
1.057008516220325350e-01 5.011143243313456175e-01 4.994195982033652967e+02 5.313078619834423616e-02
1.048426173335520739e-01 4.546323603893526188e-01 5.121184896662153960e+02 6.024280943379707598e-02
1.041649501261016214e-01 4.482783809758561500e-01 5.097092412094552287e+02 5.042986677100912141e-02
1.093229266722506032e-01 4.883253744136551444e-01 5.049345980906744558e+02 5.155583681117355266e-02
1.080327044473971820e-01 4.595082802807743394e-01 4.542097708151181905e+02 5.782326719799102399e-02
1.101041203670260621e-01 4.864526525859271255e-01 4.961269520337750691e+02 5.588817872892856697e-02
9.555519586243593766e-02 4.526314282634288366e-01 5.094254616291803472e+02 5.386068025153203931e-02
1.149493729870316311e-01 4.682312736153307342e-01 5.325043371127084129e+02 5.434642842802863555e-02
1.054062780045361553e-01 4.724405881555109321e-01 5.227805309692466835e+02 5.571699279097259289e-02
1.033563627922189920e-01 4.613932622068673273e-01 5.074580198146511520e+02 5.206049267741596348e-02
1.005852225144913265e-01 5.472504811282700166e-01 4.774979011678467486e+02 5.736303272457453362e-02
1.018541324453610120e-01 4.815870377214254705e-01 4.323160014866841721e+02 5.712532005066853213e-02
1.106591167580216473e-01 5.030626425486385278e-01 4.912232903829844872e+02 5.595971268298089579e-02
9.979957897875865735e-02 5.053313712082286857e-01 5.286373992253196548e+02 5.124512101864069080e-02
1.061355688297056649e-01 5.003558947280069003e-01 4.718480233817059002e+02 5.333508697939255000e-02
1.021685863296797059e-01 4.916122365004871320e-01 4.804350565807997100e+02 5.355115838906992359e-02
1.010122004188603040e-01 5.077438241153414689e-01 4.663844741676108470e+02 5.349118498385031090e-02
1.067952212635766562e-01 4.439739500239420211e-01 5.102563884815534152e+02 5.639823083054947700e-02
1.015029657746997077e-01 4.955036607441954399e-01 4.934643287884456981e+02 5.361446774655016095e-02
9.147499881297396773e-02 5.307366302346855358e-01 4.789499865479648975e+02 5.610549794416248154e-02
1.080580446101616632e-01 4.845303637458039381e-01 5.127547746746496387e+02 6.024940455044232313e-02
1.151082925710822380e-01 5.145700805262718447e-01 5.033083237643928669e+02 5.443318974437589414e-02
1.083368613412740988e-01 5.074084208789391148e-01 4.423935620906843269e+02 5.120774920628925336e-02
1.052090241584269920e-01 4.641348091546772525e-01 4.779848857999386382e+02 5.384724236215919502e-02
1.009160705281595821e-01 4.726650114045496398e-01 4.831819866551696236e+02 5.518075161750018998e-02
1.090853273724115419e-01 4.781249224146263965e-01 4.909163667544190162e+02 5.817148446193392414e-02
1.099121604944625630e-01 4.804488470171863201e-01 5.078898650845627571e+02 5.593910448887208509e-02
1.048565871151540957e-01 5.088466721073123811e-01 4.838681151806521257e+02 5.140913478411840432e-02
9.563147782960998433e-02 5.018795978375609756e-01 5.204876930929139007e+02 5.144717659830774087e-02
1.117823016582910473e-01 5.285772119942040437e-01 4.925466977774174779e+02 5.083907449514684512e-02
1.050234720426803242e-01 4.920402048279010065e-01 5.389884257599293278e+02 5.553550081216992312e-02
9.397475019389765760e-02 4.513723542674822342e-01 5.332146185878531242e+02 5.310144172207573177e-02
9.826612029611374310e-02 5.070122380765608172e-01 5.048358792374215795e+02 6.097868745976697813e-02
1.097116409799008402e-01 4.718623312338336429e-01 5.201170708849155062e+02 5.511120449416698902e-02
9.880577126116894815e-02 4.771507970090957396e-01 4.964248416519175748e+02 5.446852212654883924e-02
1.073416876759174798e-01 5.099090767709941741e-01 4.795708945479684076e+02 5.599165989161782042e-02
1.061129306358910840e-01 5.070981490888869514e-01 4.740717863152265181e+02 6.063004953846520828e-02
1.065002337868121152e-01 4.933924139192246705e-01 4.618329560427760043e+02 5.434963010139692158e-02
9.482058915130084364e-02 4.619579706998138136e-01 4.833296058486585594e+02 5.497168664112586645e-02
1.083194400833097371e-01 4.781646355754733957e-01 4.413957037054795478e+02 5.856133441503593579e-02
1.053333702101119235e-01 4.895592207216273306e-01 5.168976942998251616e+02 5.359019758961746510e-02
9.407553153335786178e-02 5.092741779522953482e-01 4.913226314770964791e+02 5.067051112238709493e-02
1.031669051977692209e-01 4.722074303316075583e-01 4.845850594076127322e+02 5.009081028969983307e-02
9.726993671106021200e-02 4.885387223436073456e-01 4.868385668720626995e+02 5.891427736579902402e-02
1.054316683150290507e-01 4.984634849269405921e-01 4.985387486467996041e+02 6.001878579242909961e-02
1.007491718007780673e-01 4.721228252506165513e-01 4.771724916534605541e+02 5.325853029448866793e-02
1.077526355185505907e-01 4.653492085607339734e-01 4.964324559501964700e+02 5.453264697311570319e-02
1.007687139794405523e-01 4.815133021422740023e-01 5.049948910903625574e+02 5.679273030832230479e-02
1.043068725773491912e-01 4.964866395930744303e-01 4.755643091388415655e+02 5.559084315386294411e-02
1.032856624280318603e-01 5.429628823913075220e-01 4.824204706413861459e+02 5.405141580810614993e-02
9.640051066685678682e-02 4.873811215706662092e-01 4.723498950796366103e+02 5.132861362829720803e-02
1.047460446139211743e-01 4.810645381205657656e-01 4.574092446446122153e+02 5.686262406033334993e-02
1.076456100126716720e-01 4.947531566185073837e-01 5.037089257113631220e+02 5.586745954198543695e-02
1.033934830628903262e-01 4.826426681246928085e-01 4.637971362791588490e+02 5.606175164634152885e-02
1.119210083174051740e-01 4.738760048695658256e-01 5.020690275760856025e+02 5.698696232681269708e-02
9.944008625312607264e-02 5.013403927313953012e-01 4.555444075924668823e+02 4.879393523011328615e-02
1.044287645888683363e-01 4.959222800988002389e-01 5.130221219277202636e+02 5.575609966991469657e-02
1.087649214483431270e-01 4.693747633962759291e-01 5.010910967072107951e+02 5.350750454391069166e-02
1.045486264833988127e-01 4.791054133246328006e-01 4.814625911515317966e+02 5.789825017919866118e-02
1.005758338088650339e-01 4.878794930798812657e-01 4.600894586652526641e+02 5.560207970867053762e-02
1.084937093987382167e-01 5.358547798085793179e-01 4.447118702997513537e+02 5.703899707093304516e-02
1.061939480672313557e-01 4.795910896974357462e-01 5.120030252046760779e+02 5.640238606956661516e-02
9.339301558763589417e-02 4.958810470466741838e-01 5.191855820482888930e+02 5.021116533578816321e-02
9.732772164956493555e-02 4.978217532652315924e-01 5.147565928948878309e+02 5.303434628792368793e-02
1.134656858050022560e-01 4.501553975954377118e-01 4.895312893949205204e+02 4.967411669614869851e-02
1.024715124750344708e-01 4.800676313914132853e-01 4.627836388013979558e+02 5.983493895974878463e-02
9.779653268801788424e-02 4.820581345150883879e-01 4.880458692562931446e+02 5.685734440432445302e-02
9.849739703921926715e-02 4.986134837917367002e-01 4.719645390286459588e+02 5.302914639686547027e-02
1.003151008702740654e-01 4.796241277852137941e-01 4.940600197850553172e+02 5.792190093595318140e-02
9.329477207283613793e-02 4.737802062682875959e-01 5.027930991022230387e+02 5.291979223478265187e-02
1.070384193212987195e-01 5.105397813752854397e-01 4.715179401194414481e+02 5.624966978156183128e-02
1.077030059335253309e-01 4.853896899525462771e-01 4.687342998624080224e+02 5.409985944802125218e-02
1.051243016848740774e-01 4.716571899815067415e-01 5.149455552698821066e+02 5.227114491736691709e-02
1.065671730563746422e-01 4.606053335375763225e-01 4.780075174873507535e+02 5.689419818291461400e-02
9.683290158576640660e-02 5.134475222412713258e-01 5.088307028304155324e+02 5.425302895364419314e-02
1.108494154828351813e-01 4.272170630002829483e-01 4.985890227653345619e+02 5.880231194600052391e-02
1.052606640683163702e-01 4.699762862957861942e-01 4.921490951214945540e+02 5.679191264173927278e-02
1.060331609096272359e-01 4.941744009738712751e-01 4.641977514631691975e+02 5.732726537694128599e-02
1.070405890275639288e-01 4.880902381069934792e-01 4.866177610222325143e+02 5.801046731324858985e-02
1.044290226668272564e-01 5.517300456787751495e-01 4.797514071956096586e+02 5.218111314927037503e-02
9.926713888950443321e-02 4.526569768275018890e-01 4.832335849615707275e+02 5.278707389051339599e-02
1.038585481356490287e-01 4.696447861519257860e-01 4.942549578318123054e+02 5.714809141877918303e-02
9.740283221139771352e-02 5.015413296250421649e-01 5.085674919202938895e+02 6.268035522133556803e-02
9.844373601098080351e-02 4.957967028333425397e-01 4.624932620067299922e+02 5.644738060829943005e-02
1.035573283948474643e-01 4.797367743382437988e-01 5.197389113206645561e+02 5.609201938581970942e-02
9.968357172084960083e-02 4.670362008564369338e-01 4.496880523237560965e+02 5.779610305333874459e-02
1.063292123122441812e-01 4.552331613542682232e-01 5.179660750687495465e+02 5.258026979507458148e-02
9.496434233988459983e-02 4.861493408938061256e-01 5.213200410799652218e+02 4.847904233156857812e-02
1.020202338989309593e-01 4.542305851576676212e-01 4.983291436730623900e+02 5.320155491823848337e-02
9.350915725958065805e-02 5.175711317560650615e-01 5.307033506176043147e+02 5.801828594446885312e-02
1.068877513169540910e-01 5.184799867661017414e-01 4.902802294809450814e+02 5.118162944844515533e-02
1.087721461874877754e-01 5.355446487068090677e-01 5.405591322090800759e+02 5.068990572135272793e-02
1.050095171438198555e-01 4.660620659683006872e-01 4.635046904624147146e+02 5.480885309068840583e-02
1.077600679042786669e-01 4.660293343999431515e-01 4.721127382042593013e+02 5.694632984745099519e-02
1.024412889657802805e-01 4.895506899580294169e-01 5.094187945633383379e+02 5.553280596018145276e-02
9.838902303342930700e-02 5.235304087742647106e-01 4.543766701737058611e+02 5.371929036214034836e-02
1.124818828041184160e-01 4.573558820567019123e-01 4.884796384078510982e+02 5.623995820014925789e-02
1.012945166077633269e-01 5.307913783708653188e-01 4.867941832238614097e+02 5.477018446806418417e-02
1.027175254686732153e-01 4.710107307582502845e-01 4.939216679434326807e+02 5.411277342613669827e-02
1.111574339214009138e-01 5.660417302611010504e-01 5.615855643432404349e+02 5.431646117075653729e-02
1.037315839897428177e-01 4.397092857128694909e-01 4.849649447297128972e+02 5.262408750210134656e-02
9.906253155194243154e-02 5.180220838091207369e-01 5.106532850279763238e+02 5.794776228073467150e-02
1.054434614567296147e-01 4.918734673855184591e-01 4.725618075053814664e+02 5.400840498207629820e-02
9.684139647677422746e-02 4.880671775851510574e-01 4.897022160368868526e+02 5.181489067460104403e-02
1.011584347404571038e-01 4.716346320489481769e-01 5.141311393139235406e+02 5.921356857412619912e-02
9.969603793378996326e-02 5.263420305569879165e-01 4.860975129203042684e+02 5.333023919746254088e-02
1.075754204098882533e-01 4.971253502743738228e-01 4.887426422068312490e+02 5.271241882537210099e-02
1.038420389412626071e-01 4.927394036459584181e-01 5.274466085717010628e+02 5.993108617210698291e-02
1.043765038487225044e-01 4.662903099132327811e-01 5.126250372898914520e+02 4.897330845719861936e-02
9.878464336877704199e-02 4.662007486037014758e-01 4.969529825680900785e+02 5.592995229680215730e-02
1.028047811218916058e-01 4.829222059911050247e-01 5.125734920339795053e+02 5.249177168823461470e-02
1.078991981928437011e-01 4.567228573043337070e-01 4.707174854461577524e+02 5.151584417614941958e-02
9.747766184794251498e-02 5.042283255733699399e-01 4.451128711762204375e+02 5.813604773732226894e-02
1.092619575057695996e-01 4.750822795000702592e-01 5.701550716618122578e+02 5.738698162193924673e-02
1.127914635530323229e-01 4.513131569356933492e-01 4.800208527027565992e+02 5.305710450144843909e-02
9.803588344261331133e-02 4.590558133616708947e-01 4.771291424550083207e+02 5.428208926468788137e-02
