1.000000000000000000e+00
1.395048988484712504e+07
1.261509659232697263e+07
1.356478870707196556e+07
1.398130914754936844e+07
1.362510900147704780e+07
1.337301110260308161e+07
1.333383087333977409e+07
1.502034945957563072e+07
1.395361205874303542e+07
1.326266854311639629e+07
1.437690884840771556e+07
1.326413762500851229e+07
1.413016903690694273e+07
1.420671034910632670e+07
1.321207922746278904e+07
1.497948324863764830e+07
1.391289755445857905e+07
1.237356419468372501e+07
1.319848933468148112e+07
1.409162755871827342e+07
1.357467625131677836e+07
1.346459158800630271e+07
1.328073804608724639e+07
1.315466593354407884e+07
1.463300996287431195e+07
1.320477698344419524e+07
1.388388881288786978e+07
1.304044019444428198e+07
1.328898582976594009e+07
1.408207437945899926e+07
1.589834801177692786e+07
1.428948190710943937e+07
1.428048353687443957e+07
1.373449007122989930e+07
1.423077308660315722e+07
1.413769160652686656e+07
1.500215233784652315e+07
1.406262189134970866e+07
1.319746246662270464e+07
1.401513115010087378e+07
1.371179032884217240e+07
1.329119979837593623e+07
1.484031292591618933e+07
1.373742616296181828e+07
1.432690855571683869e+07
1.433485398937393352e+07
1.340105354737121984e+07
1.451275174107310548e+07
1.473815989405920543e+07
1.461022425805692747e+07
1.343579119758400135e+07
1.371839007912054472e+07
1.293663144517492317e+07
1.385110893121754937e+07
1.396689914076618478e+07
1.363461856984610111e+07
1.389662228360409103e+07
1.528637527820845321e+07
1.403550254210922867e+07
1.411409665373227559e+07
1.388163261900412478e+07
1.348093995341475867e+07
1.433422966139867716e+07
1.448985507022331841e+07
1.402233972050451301e+07
1.458941972481057234e+07
1.481647474157452025e+07
1.326853689431728050e+07
1.349039688083052449e+07
1.227727291693477333e+07
1.321392957278591581e+07
1.427378836358975992e+07
1.391719769784975983e+07
1.432213340101160854e+07
1.468711482991340756e+07
1.404988802004664391e+07
1.362172588856698014e+07
1.477993694691476040e+07
1.382778227886641584e+07
1.289874571995774657e+07
1.278230940529466793e+07
1.467630632213370129e+07
1.461528981467010081e+07
1.406079429904819466e+07
1.403927867408712767e+07
1.381690953817225620e+07
1.317919033093498461e+07
1.381368639546968043e+07
1.336013869443397224e+07
1.362822516023209691e+07
1.255475576818949357e+07
1.364351487238811702e+07
1.345071173195768520e+07
1.335683203640015051e+07
1.514988643484773487e+07
1.408723833949284814e+07
1.268863177999791130e+07
1.498020964988812990e+07
1.500849104482994229e+07
1.529821177966626920e+07
1.284355644104673155e+07
1.415292309476484917e+07
1.390940462396685407e+07
1.496961022650991566e+07
1.520086149500750192e+07
1.448709748581855744e+07
1.539073895497061871e+07
1.354161715340540186e+07
1.330143719011472911e+07
1.389387982464283146e+07
1.429025867240238003e+07
1.362664181158957072e+07
1.382414188946661539e+07
1.393018850679979287e+07
1.469168274328859523e+07
1.466202188433254324e+07
1.386289782464442775e+07
1.387839304844418727e+07
1.231987980883252993e+07
1.407172593195320666e+07
1.482802215835076198e+07
1.384113904622098617e+07
1.428979857002237998e+07
1.492419750798968785e+07
1.344387080909731798e+07
1.499247507681485452e+07
1.485190412250348367e+07
1.462796287649728544e+07
1.345165992892060243e+07
1.377523250386870839e+07
1.421343332822570018e+07
1.341422590009896271e+07
1.372215616397125460e+07
1.493482013859788328e+07
1.437393190194445290e+07
1.498489260818956979e+07
1.416638018566217832e+07
1.348709296641889773e+07
1.442443257613084838e+07
1.373114271136465669e+07
1.355933474860003218e+07
1.296581604837069660e+07
1.319516991431023180e+07
1.296028851434996910e+07
1.382076976550313458e+07
1.502121580718608573e+07
1.438182882021497376e+07
1.393060249831789918e+07
1.458013219602198713e+07
1.393778851393995248e+07
1.351675155817182921e+07
1.372228102863489091e+07
1.183858949008283764e+07
1.451373839814770781e+07
1.368465096077979915e+07
1.461501409782692231e+07
1.346832943243762106e+07
1.398201246520049311e+07
1.375429533673810214e+07
1.320277972603478283e+07
1.374802604437496327e+07
1.346194981666081771e+07
1.395155062774554826e+07
1.278452015009955131e+07
1.438552869721658155e+07
1.463116760174388811e+07
1.534780104624091089e+07
1.310964468127689138e+07
1.551781321794925071e+07
1.484603396029619128e+07
1.416734011775757000e+07
1.299549871098365821e+07
1.418887878412345983e+07
1.384231275632593222e+07
1.296378134468774684e+07
1.282112493198216334e+07
1.421485505222736672e+07
1.468617074542180263e+07
1.394950123937380873e+07
1.535052763357903063e+07
1.477355007916362956e+07
1.276867848950649984e+07
1.445072420489700697e+07
1.473604315899665840e+07
1.444803796119278483e+07
1.394195022112818994e+07
1.333881275151829235e+07
1.462258547909843735e+07
1.333109666316211224e+07
1.397518365377576835e+07
1.442846634944838658e+07
1.306854152303589135e+07
1.471929717793761939e+07
1.398378460811843723e+07
1.400588687207019888e+07
1.358110942439114861e+07
1.216227582961369865e+07
1.432700409340327419e+07
1.388115101867818274e+07
1.252476948229607753e+07
1.362565584850605018e+07
1.340579722527384944e+07
1.445527553731390275e+07
1.390042721635337360e+07
1.368702036241491511e+07
1.453095590732298233e+07
1.379380462844559178e+07
1.456261544124046899e+07
1.301371036820413731e+07
1.446596131974547915e+07
1.508929251267804578e+07
1.450980238552202098e+07
1.319695305581234954e+07
1.340092866476911493e+07
1.286301135426307283e+07
1.271409381349540129e+07
1.307261885831695609e+07
1.464067373050791584e+07
1.239563252809733525e+07
1.281467401059790701e+07
1.357425395415663347e+07
1.471563288910655491e+07
1.404569773167266324e+07
1.364065309807214886e+07
1.499413285722412914e+07
1.365469397617337853e+07
1.500840735482750461e+07
1.469659919810640626e+07
1.383023362034096196e+07
1.493425452245305292e+07
1.499740511059278250e+07
1.381852516736517660e+07
1.405119753107741289e+07
1.400370771162663214e+07
1.470841347271109559e+07
1.341241592340070941e+07
1.398606381647401862e+07
1.300742939524250664e+07
1.487629533285265230e+07
1.397464483333160728e+07
1.374375176587283239e+07
1.395759118646787666e+07
1.292989291130451113e+07
1.202517313165914267e+07
1.453573360659658909e+07
1.287375192507746443e+07
1.386593610516963713e+07
1.407161448402226530e+07
1.445977284601093456e+07
1.401994542194073461e+07
1.229914042785480246e+07
1.343053283472776785e+07
1.547984434452605434e+07
1.328283419316789135e+07
1.505092815799392574e+07
1.431057779852010682e+07
1.368975782854971848e+07
1.524349258286779933e+07
1.348557934373711422e+07
1.544197435667134449e+07
1.292007977554084174e+07
1.371371920899756625e+07
1.408292251283082739e+07
1.343938970288971066e+07
1.486772418118544109e+07
1.328242010174585320e+07
1.300729559632891417e+07
1.412209812722820789e+07
1.407941902879320271e+07
1.449031852062540129e+07
1.239621213382270932e+07
1.386252171880629472e+07
1.352943372618398257e+07
1.491906918665853515e+07
1.299456697394175641e+07
1.504033519983971119e+07
1.456046518054441735e+07
1.306154409017194808e+07
1.225486169688323699e+07
1.419829210542748123e+07
1.434492712644530647e+07
1.417329608572054468e+07
1.383854721109178290e+07
1.408133439230871946e+07
1.413732818323870562e+07
1.426613966378987953e+07
1.394777204477215745e+07
1.379541426802457497e+07
1.306558248486807384e+07
1.402435530480004102e+07
1.463304992588593811e+07
1.375970821688403934e+07
1.424367224846033007e+07
1.278191189408664778e+07
1.320374244027212635e+07
1.321507325734469853e+07
1.425546960025101341e+07
1.450670468368649669e+07
1.388608557102203928e+07
1.465358981493650004e+07
1.382483651194621250e+07
1.390609705106550083e+07
1.422591742826954275e+07
1.361816141318354569e+07
1.375307462609554082e+07
1.571456582709386759e+07
1.382536692954251729e+07
1.412689022312291153e+07
1.284025570243951306e+07
1.380422568389028683e+07
1.347680180964084156e+07
1.339793548435530812e+07
1.312991777468285710e+07
1.422156037907404266e+07
1.346589725629504770e+07
1.314291410212670453e+07
1.559346637382999994e+07
1.372787270507584885e+07
1.356402144826927409e+07
1.569979919284083508e+07
1.317688811411965452e+07
1.383185828495984524e+07
1.351347856809557043e+07
1.463781692038201541e+07
1.379651588009922579e+07
1.421261192245400324e+07
1.432556153136297129e+07
1.509382133939196542e+07
1.502532060592923313e+07
1.355105068758009747e+07
1.484125742690247670e+07
1.355205752490479499e+07
1.443924644927038811e+07
1.401745893287038803e+07
1.441817362344107032e+07
1.417342577326283790e+07
1.504083999145615846e+07
1.424524557339957356e+07
1.375584315862621926e+07
1.344097529657026380e+07
1.493933151325363480e+07
1.371445219452840090e+07
1.289479183563590609e+07
1.404742495253073052e+07
1.413447890916993469e+07
1.348697263525434583e+07
1.402172536777451821e+07
1.419907741773927025e+07
1.382039363881291449e+07
1.452416575859462470e+07
1.418837984099598974e+07
1.328517190723632276e+07
1.373018198397608660e+07
1.473493453404298611e+07
1.250929805542584322e+07
1.408960798367656395e+07
1.446040161979122460e+07
1.434146203541793860e+07
1.392434025069546886e+07
1.387780378853927180e+07
1.247024949379567988e+07
1.447944249083883502e+07
1.517331362119445018e+07
1.440314959871246107e+07
1.324962423163661174e+07
1.498959968112288415e+07
1.505400481390977651e+07
1.520576107337854058e+07
1.386833229212095588e+07
1.317661798985303566e+07
1.292863916949312761e+07
1.234251082504831254e+07
1.384328370103774406e+07
1.402487717050108872e+07
1.425773982565915585e+07
1.315862101047046483e+07
1.485952550922503509e+07
1.313890222897377796e+07
1.305577654327311181e+07
1.407017422593466192e+07
1.234804575844536535e+07
1.478308110715088993e+07
1.408874866221681051e+07
1.424357042622139864e+07
1.400370974642856233e+07
1.321706026392889023e+07
1.438784959260508977e+07
1.356296005346258171e+07
1.486743414691498503e+07
1.256783004146542400e+07
1.385310733713558502e+07
1.290463565753875859e+07
1.356676649547678418e+07
1.302206327145251073e+07
1.547643477257431298e+07
1.449781626911264285e+07
1.557626977535045706e+07
1.539561364583564363e+07
1.537372285298443213e+07
1.475839018619360775e+07
1.450113287371409312e+07
1.463733460222386010e+07
1.273001090262286738e+07
1.332982695377567038e+07
1.379512354282783344e+07
1.342416896337065473e+07
1.524821413096433133e+07
1.403351632724913582e+07
1.438403988228521496e+07
1.424346780381316692e+07
1.360368286380931549e+07
1.344120310649905913e+07
1.414700263080225512e+07
1.375687497769366391e+07
1.367407133231089823e+07
1.422629293232575431e+07
1.345903295634015836e+07
1.343416780383892730e+07
1.369175355813403800e+07
1.452157466853753664e+07
1.328936428171592765e+07
1.517040532185906731e+07
1.388506345913389325e+07
1.441691419549221918e+07
1.452910359880146757e+07
1.383019436702659354e+07
1.332606287716243044e+07
1.342366783342196979e+07
1.311929191072319634e+07
1.482946467966790870e+07
1.362715048296716809e+07
1.392799335559005104e+07
1.275229084486913122e+07
1.347393309389914945e+07
1.420856847669750638e+07
1.461969786065101251e+07
1.348937432860306278e+07
1.277298761262724549e+07
1.517991102188455313e+07
1.488469081298206374e+07
1.485180595565290935e+07
1.426454240582403541e+07
1.515440710739210807e+07
1.440896195587325655e+07
1.389140807888014428e+07
1.411132934321051650e+07
1.434865525421115384e+07
1.424180905063811876e+07
1.407152928602738306e+07
1.517400205268666521e+07
1.320752956266603060e+07
1.392596091831755079e+07
1.464399300270056166e+07
1.383983810462735593e+07
1.351593055481569283e+07
1.447535591942080110e+07
1.442656773709508032e+07
1.364574611405107006e+07
1.462699914216100797e+07
1.377308046522287652e+07
1.230374723938105255e+07
1.475140871506200731e+07
1.364040319317738339e+07
1.408293609757131338e+07
1.274106909843007475e+07
1.422095913921317458e+07
1.269711219781819358e+07
1.392482103978971764e+07
1.377146831106923707e+07
1.318755119240941852e+07
1.403874699425121211e+07
1.388429916205363534e+07
1.391816386662080511e+07
1.296987245058439672e+07
1.481950407101787813e+07
1.489260155329649709e+07
1.440874827950642072e+07
1.352646238617171533e+07
1.262780779427463748e+07
1.438683358956562169e+07
1.362522744534460641e+07
1.309034059077678435e+07
1.350462579828425869e+07
1.532444094968975708e+07
1.445096893526334129e+07
1.403437949073831737e+07
1.318910598338000104e+07
1.319007572057189979e+07
1.400065287914583273e+07
1.371005464398386329e+07
1.347975994984990545e+07
1.473688574909417704e+07
1.382099603117856570e+07
1.451902915000958368e+07
1.429825891733104736e+07
1.301013153865898773e+07
1.428087197763409466e+07
1.283788665379902720e+07
1.467897728407907113e+07
