1.841428243405483833e+00 1.442333914946190987e+01 4.451575357895505647e+01 9.292168031138292861e+01 1.039231477700589465e+02 9.387084982673119157e+03 6.503324622546987484e+03 1.563278717372826634e+02 3.734370062337314611e+00 4.558815679947769706e-01 4.139643151411807054e-01 1.395585369015682753e-01 6.689225291204194956e-01 8.877912345895762058e-01 4.923328496053003267e-01 4.267010160419323350e-01 6.048795362285471766e-01 8.908296303399136917e-01
1.854076959351335985e+00 1.446145961232777744e+01 4.482736767621816654e+01 9.350477553956449128e+01 1.038792052778610611e+02 9.271561396564249662e+03 6.547910103372024423e+03 1.547893970840227666e+02 3.744168651107012913e+00 4.552528736852301527e-01 4.095539070590079600e-01 1.383409050626892567e-01 6.660688151744329488e-01 8.816074152420698695e-01 4.934616046866771577e-01 4.298501101349127551e-01 6.124090935941989278e-01 8.906699575210711428e-01
1.873076740495826176e+00 1.457047980011052601e+01 4.497827068053727118e+01 9.238713918854658402e+01 1.044095069426730760e+02 9.323541463631510851e+03 6.624385286114409610e+03 1.535328380133744020e+02 3.718541855706793076e+00 4.485364708194634620e-01 4.113213363749195772e-01 1.405412768651309319e-01 6.550262710824213963e-01 8.912920831284265599e-01 4.935615671256310955e-01 4.327820496860633748e-01 6.117235300863606007e-01 8.823606164446916589e-01
1.873076740495826176e+00 1.457047980011052601e+01 4.497827068053727118e+01 9.238713918854658402e+01 1.044095069426730760e+02 9.323541463631510851e+03 6.624385286114409610e+03 1.535328380133744020e+02 3.718541855706793076e+00 4.485364708194634620e-01 4.113213363749195772e-01 1.405412768651309319e-01 6.550262710824213963e-01 8.912920831284265599e-01 4.935615671256310955e-01 4.327820496860633748e-01 6.117235300863606007e-01 8.823606164446916589e-01
1.873076740495826176e+00 1.457047980011052601e+01 4.497827068053727118e+01 9.238713918854658402e+01 1.044095069426730760e+02 9.323541463631510851e+03 6.624385286114409610e+03 1.535328380133744020e+02 3.718541855706793076e+00 4.485364708194634620e-01 4.113213363749195772e-01 1.405412768651309319e-01 6.550262710824213963e-01 8.912920831284265599e-01 4.935615671256310955e-01 4.327820496860633748e-01 6.117235300863606007e-01 8.823606164446916589e-01
1.873076740495826176e+00 1.457047980011052601e+01 4.497827068053727118e+01 9.238713918854658402e+01 1.044095069426730760e+02 9.323541463631510851e+03 6.624385286114409610e+03 1.535328380133744020e+02 3.718541855706793076e+00 4.485364708194634620e-01 4.113213363749195772e-01 1.405412768651309319e-01 6.550262710824213963e-01 8.912920831284265599e-01 4.935615671256310955e-01 4.327820496860633748e-01 6.117235300863606007e-01 8.823606164446916589e-01
1.873076740495826176e+00 1.457047980011052601e+01 4.497827068053727118e+01 9.238713918854658402e+01 1.044095069426730760e+02 9.323541463631510851e+03 6.624385286114409610e+03 1.535328380133744020e+02 3.718541855706793076e+00 4.485364708194634620e-01 4.113213363749195772e-01 1.405412768651309319e-01 6.550262710824213963e-01 8.912920831284265599e-01 4.935615671256310955e-01 4.327820496860633748e-01 6.117235300863606007e-01 8.823606164446916589e-01
1.873076740495826176e+00 1.457047980011052601e+01 4.497827068053727118e+01 9.238713918854658402e+01 1.044095069426730760e+02 9.323541463631510851e+03 6.624385286114409610e+03 1.535328380133744020e+02 3.718541855706793076e+00 4.485364708194634620e-01 4.113213363749195772e-01 1.405412768651309319e-01 6.550262710824213963e-01 8.912920831284265599e-01 4.935615671256310955e-01 4.327820496860633748e-01 6.117235300863606007e-01 8.823606164446916589e-01
1.873076740495826176e+00 1.457047980011052601e+01 4.497827068053727118e+01 9.238713918854658402e+01 1.044095069426730760e+02 9.323541463631510851e+03 6.624385286114409610e+03 1.535328380133744020e+02 3.718541855706793076e+00 4.485364708194634620e-01 4.113213363749195772e-01 1.405412768651309319e-01 6.550262710824213963e-01 8.912920831284265599e-01 4.935615671256310955e-01 4.327820496860633748e-01 6.117235300863606007e-01 8.823606164446916589e-01
1.873076740495826176e+00 1.457047980011052601e+01 4.497827068053727118e+01 9.238713918854658402e+01 1.044095069426730760e+02 9.323541463631510851e+03 6.624385286114409610e+03 1.535328380133744020e+02 3.718541855706793076e+00 4.485364708194634620e-01 4.113213363749195772e-01 1.405412768651309319e-01 6.550262710824213963e-01 8.912920831284265599e-01 4.935615671256310955e-01 4.327820496860633748e-01 6.117235300863606007e-01 8.823606164446916589e-01
1.873076740495826176e+00 1.457047980011052601e+01 4.497827068053727118e+01 9.238713918854658402e+01 1.044095069426730760e+02 9.323541463631510851e+03 6.624385286114409610e+03 1.535328380133744020e+02 3.718541855706793076e+00 4.485364708194634620e-01 4.113213363749195772e-01 1.405412768651309319e-01 6.550262710824213963e-01 8.912920831284265599e-01 4.935615671256310955e-01 4.327820496860633748e-01 6.117235300863606007e-01 8.823606164446916589e-01
1.873076740495826176e+00 1.457047980011052601e+01 4.497827068053727118e+01 9.238713918854658402e+01 1.044095069426730760e+02 9.323541463631510851e+03 6.624385286114409610e+03 1.535328380133744020e+02 3.718541855706793076e+00 4.485364708194634620e-01 4.113213363749195772e-01 1.405412768651309319e-01 6.550262710824213963e-01 8.912920831284265599e-01 4.935615671256310955e-01 4.327820496860633748e-01 6.117235300863606007e-01 8.823606164446916589e-01
1.873076740495826176e+00 1.457047980011052601e+01 4.497827068053727118e+01 9.238713918854658402e+01 1.044095069426730760e+02 9.323541463631510851e+03 6.624385286114409610e+03 1.535328380133744020e+02 3.718541855706793076e+00 4.485364708194634620e-01 4.113213363749195772e-01 1.405412768651309319e-01 6.550262710824213963e-01 8.912920831284265599e-01 4.935615671256310955e-01 4.327820496860633748e-01 6.117235300863606007e-01 8.823606164446916589e-01
1.873076740495826176e+00 1.457047980011052601e+01 4.497827068053727118e+01 9.238713918854658402e+01 1.044095069426730760e+02 9.323541463631510851e+03 6.624385286114409610e+03 1.535328380133744020e+02 3.718541855706793076e+00 4.485364708194634620e-01 4.113213363749195772e-01 1.405412768651309319e-01 6.550262710824213963e-01 8.912920831284265599e-01 4.935615671256310955e-01 4.327820496860633748e-01 6.117235300863606007e-01 8.823606164446916589e-01
1.955438202822715299e+00 1.358092426905833783e+01 4.441169395707278511e+01 8.965520058818607652e+01 9.923751784697006428e+01 9.563318984540828751e+03 6.619887225943236444e+03 1.568857046590507878e+02 3.500383372319908037e+00 4.068790030497296817e-01 4.141026121410107397e-01 1.251667450088488065e-01 5.940636008428912263e-01 8.348550210540974792e-01 5.134593851489017702e-01 4.261679392408281308e-01 6.068132271165389557e-01 9.082038679345204590e-01
1.781892530733826474e+00 1.438204485963654022e+01 4.572411956506012842e+01 9.237669100947069012e+01 1.010888686883769054e+02 9.241507379742544799e+03 6.335726110269217315e+03 1.619950976474992501e+02 3.660760431807750237e+00 3.992920411999138497e-01 3.910267452190896442e-01 1.198650871421974157e-01 6.468495383959815825e-01 8.126884014833642977e-01 4.798095673394686123e-01 4.260405482213004413e-01 5.625735799056077457e-01 9.411134579741502471e-01
1.781892530733826474e+00 1.438204485963654022e+01 4.572411956506012842e+01 9.237669100947069012e+01 1.010888686883769054e+02 9.241507379742544799e+03 6.335726110269217315e+03 1.619950976474992501e+02 3.660760431807750237e+00 3.992920411999138497e-01 3.910267452190896442e-01 1.198650871421974157e-01 6.468495383959815825e-01 8.126884014833642977e-01 4.798095673394686123e-01 4.260405482213004413e-01 5.625735799056077457e-01 9.411134579741502471e-01
1.781892530733826474e+00 1.438204485963654022e+01 4.572411956506012842e+01 9.237669100947069012e+01 1.010888686883769054e+02 9.241507379742544799e+03 6.335726110269217315e+03 1.619950976474992501e+02 3.660760431807750237e+00 3.992920411999138497e-01 3.910267452190896442e-01 1.198650871421974157e-01 6.468495383959815825e-01 8.126884014833642977e-01 4.798095673394686123e-01 4.260405482213004413e-01 5.625735799056077457e-01 9.411134579741502471e-01
1.781892530733826474e+00 1.438204485963654022e+01 4.572411956506012842e+01 9.237669100947069012e+01 1.010888686883769054e+02 9.241507379742544799e+03 6.335726110269217315e+03 1.619950976474992501e+02 3.660760431807750237e+00 3.992920411999138497e-01 3.910267452190896442e-01 1.198650871421974157e-01 6.468495383959815825e-01 8.126884014833642977e-01 4.798095673394686123e-01 4.260405482213004413e-01 5.625735799056077457e-01 9.411134579741502471e-01
1.781892530733826474e+00 1.438204485963654022e+01 4.572411956506012842e+01 9.237669100947069012e+01 1.010888686883769054e+02 9.241507379742544799e+03 6.335726110269217315e+03 1.619950976474992501e+02 3.660760431807750237e+00 3.992920411999138497e-01 3.910267452190896442e-01 1.198650871421974157e-01 6.468495383959815825e-01 8.126884014833642977e-01 4.798095673394686123e-01 4.260405482213004413e-01 5.625735799056077457e-01 9.411134579741502471e-01
1.785855813446773022e+00 1.446556334941296207e+01 4.591883314296318730e+01 9.253761380461979513e+01 1.022869831152891891e+02 9.135406181010715954e+03 6.424675862076232079e+03 1.621746723494298692e+02 3.665896728260608306e+00 3.994473186349632998e-01 3.892685158321135264e-01 1.232446882570976815e-01 6.493608935990515807e-01 8.176758827637627958e-01 4.790299097032295617e-01 4.196731898447438880e-01 5.679488541145515379e-01 9.503165087096189234e-01
1.785855813446773022e+00 1.446556334941296207e+01 4.591883314296318730e+01 9.253761380461979513e+01 1.022869831152891891e+02 9.135406181010715954e+03 6.424675862076232079e+03 1.621746723494298692e+02 3.665896728260608306e+00 3.994473186349632998e-01 3.892685158321135264e-01 1.232446882570976815e-01 6.493608935990515807e-01 8.176758827637627958e-01 4.790299097032295617e-01 4.196731898447438880e-01 5.679488541145515379e-01 9.503165087096189234e-01
1.635047150063751342e+00 1.482737605944940640e+01 4.675147264220785814e+01 9.344915877396188364e+01 1.052258067375981341e+02 9.479978426625466454e+03 6.928287027116360150e+03 1.560406399404448052e+02 3.673841646804593797e+00 3.706970759746001098e-01 3.876098068059534163e-01 1.284645524487068036e-01 6.384173253163191175e-01 8.055198400211023291e-01 4.965031133057567492e-01 4.444669202181065204e-01 5.443888484817777096e-01 8.834793042527746554e-01
1.635047150063751342e+00 1.482737605944940640e+01 4.675147264220785814e+01 9.344915877396188364e+01 1.052258067375981341e+02 9.479978426625466454e+03 6.928287027116360150e+03 1.560406399404448052e+02 3.673841646804593797e+00 3.706970759746001098e-01 3.876098068059534163e-01 1.284645524487068036e-01 6.384173253163191175e-01 8.055198400211023291e-01 4.965031133057567492e-01 4.444669202181065204e-01 5.443888484817777096e-01 8.834793042527746554e-01
1.635047150063751342e+00 1.482737605944940640e+01 4.675147264220785814e+01 9.344915877396188364e+01 1.052258067375981341e+02 9.479978426625466454e+03 6.928287027116360150e+03 1.560406399404448052e+02 3.673841646804593797e+00 3.706970759746001098e-01 3.876098068059534163e-01 1.284645524487068036e-01 6.384173253163191175e-01 8.055198400211023291e-01 4.965031133057567492e-01 4.444669202181065204e-01 5.443888484817777096e-01 8.834793042527746554e-01
1.635047150063751342e+00 1.482737605944940640e+01 4.675147264220785814e+01 9.344915877396188364e+01 1.052258067375981341e+02 9.479978426625466454e+03 6.928287027116360150e+03 1.560406399404448052e+02 3.673841646804593797e+00 3.706970759746001098e-01 3.876098068059534163e-01 1.284645524487068036e-01 6.384173253163191175e-01 8.055198400211023291e-01 4.965031133057567492e-01 4.444669202181065204e-01 5.443888484817777096e-01 8.834793042527746554e-01
1.635047150063751342e+00 1.482737605944940640e+01 4.675147264220785814e+01 9.344915877396188364e+01 1.052258067375981341e+02 9.479978426625466454e+03 6.928287027116360150e+03 1.560406399404448052e+02 3.673841646804593797e+00 3.706970759746001098e-01 3.876098068059534163e-01 1.284645524487068036e-01 6.384173253163191175e-01 8.055198400211023291e-01 4.965031133057567492e-01 4.444669202181065204e-01 5.443888484817777096e-01 8.834793042527746554e-01
1.635047150063751342e+00 1.482737605944940640e+01 4.675147264220785814e+01 9.344915877396188364e+01 1.052258067375981341e+02 9.479978426625466454e+03 6.928287027116360150e+03 1.560406399404448052e+02 3.673841646804593797e+00 3.706970759746001098e-01 3.876098068059534163e-01 1.284645524487068036e-01 6.384173253163191175e-01 8.055198400211023291e-01 4.965031133057567492e-01 4.444669202181065204e-01 5.443888484817777096e-01 8.834793042527746554e-01
1.635047150063751342e+00 1.482737605944940640e+01 4.675147264220785814e+01 9.344915877396188364e+01 1.052258067375981341e+02 9.479978426625466454e+03 6.928287027116360150e+03 1.560406399404448052e+02 3.673841646804593797e+00 3.706970759746001098e-01 3.876098068059534163e-01 1.284645524487068036e-01 6.384173253163191175e-01 8.055198400211023291e-01 4.965031133057567492e-01 4.444669202181065204e-01 5.443888484817777096e-01 8.834793042527746554e-01
1.635047150063751342e+00 1.482737605944940640e+01 4.675147264220785814e+01 9.344915877396188364e+01 1.052258067375981341e+02 9.479978426625466454e+03 6.928287027116360150e+03 1.560406399404448052e+02 3.673841646804593797e+00 3.706970759746001098e-01 3.876098068059534163e-01 1.284645524487068036e-01 6.384173253163191175e-01 8.055198400211023291e-01 4.965031133057567492e-01 4.444669202181065204e-01 5.443888484817777096e-01 8.834793042527746554e-01
1.493297458783071852e+00 1.492688249957743096e+01 5.089299159743542589e+01 9.572324172658626651e+01 1.052078560326548597e+02 1.011795252804154188e+04 6.637236508825671081e+03 1.446360805690282518e+02 3.427165355180839867e+00 3.557966634658500937e-01 3.950741585527660638e-01 1.195822447679679296e-01 6.404051840276344665e-01 8.014077934444636675e-01 4.639898639875498221e-01 4.164736166322874911e-01 5.738702895009744065e-01 8.394746980068601427e-01
1.493297458783071852e+00 1.492688249957743096e+01 5.089299159743542589e+01 9.572324172658626651e+01 1.052078560326548597e+02 1.011795252804154188e+04 6.637236508825671081e+03 1.446360805690282518e+02 3.427165355180839867e+00 3.557966634658500937e-01 3.950741585527660638e-01 1.195822447679679296e-01 6.404051840276344665e-01 8.014077934444636675e-01 4.639898639875498221e-01 4.164736166322874911e-01 5.738702895009744065e-01 8.394746980068601427e-01
1.493297458783071852e+00 1.492688249957743096e+01 5.089299159743542589e+01 9.572324172658626651e+01 1.052078560326548597e+02 1.011795252804154188e+04 6.637236508825671081e+03 1.446360805690282518e+02 3.427165355180839867e+00 3.557966634658500937e-01 3.950741585527660638e-01 1.195822447679679296e-01 6.404051840276344665e-01 8.014077934444636675e-01 4.639898639875498221e-01 4.164736166322874911e-01 5.738702895009744065e-01 8.394746980068601427e-01
1.502768996243288857e+00 1.492785048419809613e+01 5.100828880756009909e+01 9.750698778891982954e+01 1.049763718426403329e+02 1.009753833886192842e+04 6.707416149354067784e+03 1.445543328197298081e+02 3.423433520933973462e+00 3.570369689923555967e-01 3.947341516198475952e-01 1.201749171205420685e-01 6.455781524135933980e-01 8.013565229705351678e-01 4.693507901460050591e-01 4.134615434373726806e-01 5.752931060065114011e-01 8.409584226096444848e-01
1.502768996243288857e+00 1.492785048419809613e+01 5.100828880756009909e+01 9.750698778891982954e+01 1.049763718426403329e+02 1.009753833886192842e+04 6.707416149354067784e+03 1.445543328197298081e+02 3.423433520933973462e+00 3.570369689923555967e-01 3.947341516198475952e-01 1.201749171205420685e-01 6.455781524135933980e-01 8.013565229705351678e-01 4.693507901460050591e-01 4.134615434373726806e-01 5.752931060065114011e-01 8.409584226096444848e-01
1.502768996243288857e+00 1.492785048419809613e+01 5.100828880756009909e+01 9.750698778891982954e+01 1.049763718426403329e+02 1.009753833886192842e+04 6.707416149354067784e+03 1.445543328197298081e+02 3.423433520933973462e+00 3.570369689923555967e-01 3.947341516198475952e-01 1.201749171205420685e-01 6.455781524135933980e-01 8.013565229705351678e-01 4.693507901460050591e-01 4.134615434373726806e-01 5.752931060065114011e-01 8.409584226096444848e-01
1.502768996243288857e+00 1.492785048419809613e+01 5.100828880756009909e+01 9.750698778891982954e+01 1.049763718426403329e+02 1.009753833886192842e+04 6.707416149354067784e+03 1.445543328197298081e+02 3.423433520933973462e+00 3.570369689923555967e-01 3.947341516198475952e-01 1.201749171205420685e-01 6.455781524135933980e-01 8.013565229705351678e-01 4.693507901460050591e-01 4.134615434373726806e-01 5.752931060065114011e-01 8.409584226096444848e-01
1.502768996243288857e+00 1.492785048419809613e+01 5.100828880756009909e+01 9.750698778891982954e+01 1.049763718426403329e+02 1.009753833886192842e+04 6.707416149354067784e+03 1.445543328197298081e+02 3.423433520933973462e+00 3.570369689923555967e-01 3.947341516198475952e-01 1.201749171205420685e-01 6.455781524135933980e-01 8.013565229705351678e-01 4.693507901460050591e-01 4.134615434373726806e-01 5.752931060065114011e-01 8.409584226096444848e-01
1.502768996243288857e+00 1.492785048419809613e+01 5.100828880756009909e+01 9.750698778891982954e+01 1.049763718426403329e+02 1.009753833886192842e+04 6.707416149354067784e+03 1.445543328197298081e+02 3.423433520933973462e+00 3.570369689923555967e-01 3.947341516198475952e-01 1.201749171205420685e-01 6.455781524135933980e-01 8.013565229705351678e-01 4.693507901460050591e-01 4.134615434373726806e-01 5.752931060065114011e-01 8.409584226096444848e-01
1.502768996243288857e+00 1.492785048419809613e+01 5.100828880756009909e+01 9.750698778891982954e+01 1.049763718426403329e+02 1.009753833886192842e+04 6.707416149354067784e+03 1.445543328197298081e+02 3.423433520933973462e+00 3.570369689923555967e-01 3.947341516198475952e-01 1.201749171205420685e-01 6.455781524135933980e-01 8.013565229705351678e-01 4.693507901460050591e-01 4.134615434373726806e-01 5.752931060065114011e-01 8.409584226096444848e-01
1.499524204530734650e+00 1.486544883854726606e+01 5.101145495777650041e+01 9.795395700644270676e+01 1.043316739029551883e+02 1.007103045664184538e+04 6.724421896276945517e+03 1.437592857991186293e+02 3.428567720825697496e+00 3.550011738760767699e-01 3.876455732755851313e-01 1.186293717945248738e-01 6.409267432752038252e-01 7.957350912586256264e-01 4.615357385098933785e-01 4.147610490688750096e-01 5.669539124158534671e-01 8.423375321385880854e-01
1.499524204530734650e+00 1.486544883854726606e+01 5.101145495777650041e+01 9.795395700644270676e+01 1.043316739029551883e+02 1.007103045664184538e+04 6.724421896276945517e+03 1.437592857991186293e+02 3.428567720825697496e+00 3.550011738760767699e-01 3.876455732755851313e-01 1.186293717945248738e-01 6.409267432752038252e-01 7.957350912586256264e-01 4.615357385098933785e-01 4.147610490688750096e-01 5.669539124158534671e-01 8.423375321385880854e-01
1.499524204530734650e+00 1.486544883854726606e+01 5.101145495777650041e+01 9.795395700644270676e+01 1.043316739029551883e+02 1.007103045664184538e+04 6.724421896276945517e+03 1.437592857991186293e+02 3.428567720825697496e+00 3.550011738760767699e-01 3.876455732755851313e-01 1.186293717945248738e-01 6.409267432752038252e-01 7.957350912586256264e-01 4.615357385098933785e-01 4.147610490688750096e-01 5.669539124158534671e-01 8.423375321385880854e-01
1.499524204530734650e+00 1.486544883854726606e+01 5.101145495777650041e+01 9.795395700644270676e+01 1.043316739029551883e+02 1.007103045664184538e+04 6.724421896276945517e+03 1.437592857991186293e+02 3.428567720825697496e+00 3.550011738760767699e-01 3.876455732755851313e-01 1.186293717945248738e-01 6.409267432752038252e-01 7.957350912586256264e-01 4.615357385098933785e-01 4.147610490688750096e-01 5.669539124158534671e-01 8.423375321385880854e-01
1.499524204530734650e+00 1.486544883854726606e+01 5.101145495777650041e+01 9.795395700644270676e+01 1.043316739029551883e+02 1.007103045664184538e+04 6.724421896276945517e+03 1.437592857991186293e+02 3.428567720825697496e+00 3.550011738760767699e-01 3.876455732755851313e-01 1.186293717945248738e-01 6.409267432752038252e-01 7.957350912586256264e-01 4.615357385098933785e-01 4.147610490688750096e-01 5.669539124158534671e-01 8.423375321385880854e-01
1.499524204530734650e+00 1.486544883854726606e+01 5.101145495777650041e+01 9.795395700644270676e+01 1.043316739029551883e+02 1.007103045664184538e+04 6.724421896276945517e+03 1.437592857991186293e+02 3.428567720825697496e+00 3.550011738760767699e-01 3.876455732755851313e-01 1.186293717945248738e-01 6.409267432752038252e-01 7.957350912586256264e-01 4.615357385098933785e-01 4.147610490688750096e-01 5.669539124158534671e-01 8.423375321385880854e-01
1.499524204530734650e+00 1.486544883854726606e+01 5.101145495777650041e+01 9.795395700644270676e+01 1.043316739029551883e+02 1.007103045664184538e+04 6.724421896276945517e+03 1.437592857991186293e+02 3.428567720825697496e+00 3.550011738760767699e-01 3.876455732755851313e-01 1.186293717945248738e-01 6.409267432752038252e-01 7.957350912586256264e-01 4.615357385098933785e-01 4.147610490688750096e-01 5.669539124158534671e-01 8.423375321385880854e-01
1.499524204530734650e+00 1.486544883854726606e+01 5.101145495777650041e+01 9.795395700644270676e+01 1.043316739029551883e+02 1.007103045664184538e+04 6.724421896276945517e+03 1.437592857991186293e+02 3.428567720825697496e+00 3.550011738760767699e-01 3.876455732755851313e-01 1.186293717945248738e-01 6.409267432752038252e-01 7.957350912586256264e-01 4.615357385098933785e-01 4.147610490688750096e-01 5.669539124158534671e-01 8.423375321385880854e-01
1.499524204530734650e+00 1.486544883854726606e+01 5.101145495777650041e+01 9.795395700644270676e+01 1.043316739029551883e+02 1.007103045664184538e+04 6.724421896276945517e+03 1.437592857991186293e+02 3.428567720825697496e+00 3.550011738760767699e-01 3.876455732755851313e-01 1.186293717945248738e-01 6.409267432752038252e-01 7.957350912586256264e-01 4.615357385098933785e-01 4.147610490688750096e-01 5.669539124158534671e-01 8.423375321385880854e-01
1.499524204530734650e+00 1.486544883854726606e+01 5.101145495777650041e+01 9.795395700644270676e+01 1.043316739029551883e+02 1.007103045664184538e+04 6.724421896276945517e+03 1.437592857991186293e+02 3.428567720825697496e+00 3.550011738760767699e-01 3.876455732755851313e-01 1.186293717945248738e-01 6.409267432752038252e-01 7.957350912586256264e-01 4.615357385098933785e-01 4.147610490688750096e-01 5.669539124158534671e-01 8.423375321385880854e-01
1.499524204530734650e+00 1.486544883854726606e+01 5.101145495777650041e+01 9.795395700644270676e+01 1.043316739029551883e+02 1.007103045664184538e+04 6.724421896276945517e+03 1.437592857991186293e+02 3.428567720825697496e+00 3.550011738760767699e-01 3.876455732755851313e-01 1.186293717945248738e-01 6.409267432752038252e-01 7.957350912586256264e-01 4.615357385098933785e-01 4.147610490688750096e-01 5.669539124158534671e-01 8.423375321385880854e-01
1.499524204530734650e+00 1.486544883854726606e+01 5.101145495777650041e+01 9.795395700644270676e+01 1.043316739029551883e+02 1.007103045664184538e+04 6.724421896276945517e+03 1.437592857991186293e+02 3.428567720825697496e+00 3.550011738760767699e-01 3.876455732755851313e-01 1.186293717945248738e-01 6.409267432752038252e-01 7.957350912586256264e-01 4.615357385098933785e-01 4.147610490688750096e-01 5.669539124158534671e-01 8.423375321385880854e-01
1.499524204530734650e+00 1.486544883854726606e+01 5.101145495777650041e+01 9.795395700644270676e+01 1.043316739029551883e+02 1.007103045664184538e+04 6.724421896276945517e+03 1.437592857991186293e+02 3.428567720825697496e+00 3.550011738760767699e-01 3.876455732755851313e-01 1.186293717945248738e-01 6.409267432752038252e-01 7.957350912586256264e-01 4.615357385098933785e-01 4.147610490688750096e-01 5.669539124158534671e-01 8.423375321385880854e-01
1.499524204530734650e+00 1.486544883854726606e+01 5.101145495777650041e+01 9.795395700644270676e+01 1.043316739029551883e+02 1.007103045664184538e+04 6.724421896276945517e+03 1.437592857991186293e+02 3.428567720825697496e+00 3.550011738760767699e-01 3.876455732755851313e-01 1.186293717945248738e-01 6.409267432752038252e-01 7.957350912586256264e-01 4.615357385098933785e-01 4.147610490688750096e-01 5.669539124158534671e-01 8.423375321385880854e-01
1.499524204530734650e+00 1.486544883854726606e+01 5.101145495777650041e+01 9.795395700644270676e+01 1.043316739029551883e+02 1.007103045664184538e+04 6.724421896276945517e+03 1.437592857991186293e+02 3.428567720825697496e+00 3.550011738760767699e-01 3.876455732755851313e-01 1.186293717945248738e-01 6.409267432752038252e-01 7.957350912586256264e-01 4.615357385098933785e-01 4.147610490688750096e-01 5.669539124158534671e-01 8.423375321385880854e-01
1.499524204530734650e+00 1.486544883854726606e+01 5.101145495777650041e+01 9.795395700644270676e+01 1.043316739029551883e+02 1.007103045664184538e+04 6.724421896276945517e+03 1.437592857991186293e+02 3.428567720825697496e+00 3.550011738760767699e-01 3.876455732755851313e-01 1.186293717945248738e-01 6.409267432752038252e-01 7.957350912586256264e-01 4.615357385098933785e-01 4.147610490688750096e-01 5.669539124158534671e-01 8.423375321385880854e-01
1.499524204530734650e+00 1.486544883854726606e+01 5.101145495777650041e+01 9.795395700644270676e+01 1.043316739029551883e+02 1.007103045664184538e+04 6.724421896276945517e+03 1.437592857991186293e+02 3.428567720825697496e+00 3.550011738760767699e-01 3.876455732755851313e-01 1.186293717945248738e-01 6.409267432752038252e-01 7.957350912586256264e-01 4.615357385098933785e-01 4.147610490688750096e-01 5.669539124158534671e-01 8.423375321385880854e-01
1.499524204530734650e+00 1.486544883854726606e+01 5.101145495777650041e+01 9.795395700644270676e+01 1.043316739029551883e+02 1.007103045664184538e+04 6.724421896276945517e+03 1.437592857991186293e+02 3.428567720825697496e+00 3.550011738760767699e-01 3.876455732755851313e-01 1.186293717945248738e-01 6.409267432752038252e-01 7.957350912586256264e-01 4.615357385098933785e-01 4.147610490688750096e-01 5.669539124158534671e-01 8.423375321385880854e-01
1.499524204530734650e+00 1.486544883854726606e+01 5.101145495777650041e+01 9.795395700644270676e+01 1.043316739029551883e+02 1.007103045664184538e+04 6.724421896276945517e+03 1.437592857991186293e+02 3.428567720825697496e+00 3.550011738760767699e-01 3.876455732755851313e-01 1.186293717945248738e-01 6.409267432752038252e-01 7.957350912586256264e-01 4.615357385098933785e-01 4.147610490688750096e-01 5.669539124158534671e-01 8.423375321385880854e-01
1.499524204530734650e+00 1.486544883854726606e+01 5.101145495777650041e+01 9.795395700644270676e+01 1.043316739029551883e+02 1.007103045664184538e+04 6.724421896276945517e+03 1.437592857991186293e+02 3.428567720825697496e+00 3.550011738760767699e-01 3.876455732755851313e-01 1.186293717945248738e-01 6.409267432752038252e-01 7.957350912586256264e-01 4.615357385098933785e-01 4.147610490688750096e-01 5.669539124158534671e-01 8.423375321385880854e-01
1.499524204530734650e+00 1.486544883854726606e+01 5.101145495777650041e+01 9.795395700644270676e+01 1.043316739029551883e+02 1.007103045664184538e+04 6.724421896276945517e+03 1.437592857991186293e+02 3.428567720825697496e+00 3.550011738760767699e-01 3.876455732755851313e-01 1.186293717945248738e-01 6.409267432752038252e-01 7.957350912586256264e-01 4.615357385098933785e-01 4.147610490688750096e-01 5.669539124158534671e-01 8.423375321385880854e-01
1.499524204530734650e+00 1.486544883854726606e+01 5.101145495777650041e+01 9.795395700644270676e+01 1.043316739029551883e+02 1.007103045664184538e+04 6.724421896276945517e+03 1.437592857991186293e+02 3.428567720825697496e+00 3.550011738760767699e-01 3.876455732755851313e-01 1.186293717945248738e-01 6.409267432752038252e-01 7.957350912586256264e-01 4.615357385098933785e-01 4.147610490688750096e-01 5.669539124158534671e-01 8.423375321385880854e-01
1.499524204530734650e+00 1.486544883854726606e+01 5.101145495777650041e+01 9.795395700644270676e+01 1.043316739029551883e+02 1.007103045664184538e+04 6.724421896276945517e+03 1.437592857991186293e+02 3.428567720825697496e+00 3.550011738760767699e-01 3.876455732755851313e-01 1.186293717945248738e-01 6.409267432752038252e-01 7.957350912586256264e-01 4.615357385098933785e-01 4.147610490688750096e-01 5.669539124158534671e-01 8.423375321385880854e-01
1.499524204530734650e+00 1.486544883854726606e+01 5.101145495777650041e+01 9.795395700644270676e+01 1.043316739029551883e+02 1.007103045664184538e+04 6.724421896276945517e+03 1.437592857991186293e+02 3.428567720825697496e+00 3.550011738760767699e-01 3.876455732755851313e-01 1.186293717945248738e-01 6.409267432752038252e-01 7.957350912586256264e-01 4.615357385098933785e-01 4.147610490688750096e-01 5.669539124158534671e-01 8.423375321385880854e-01
1.499524204530734650e+00 1.486544883854726606e+01 5.101145495777650041e+01 9.795395700644270676e+01 1.043316739029551883e+02 1.007103045664184538e+04 6.724421896276945517e+03 1.437592857991186293e+02 3.428567720825697496e+00 3.550011738760767699e-01 3.876455732755851313e-01 1.186293717945248738e-01 6.409267432752038252e-01 7.957350912586256264e-01 4.615357385098933785e-01 4.147610490688750096e-01 5.669539124158534671e-01 8.423375321385880854e-01
1.499524204530734650e+00 1.486544883854726606e+01 5.101145495777650041e+01 9.795395700644270676e+01 1.043316739029551883e+02 1.007103045664184538e+04 6.724421896276945517e+03 1.437592857991186293e+02 3.428567720825697496e+00 3.550011738760767699e-01 3.876455732755851313e-01 1.186293717945248738e-01 6.409267432752038252e-01 7.957350912586256264e-01 4.615357385098933785e-01 4.147610490688750096e-01 5.669539124158534671e-01 8.423375321385880854e-01
1.499524204530734650e+00 1.486544883854726606e+01 5.101145495777650041e+01 9.795395700644270676e+01 1.043316739029551883e+02 1.007103045664184538e+04 6.724421896276945517e+03 1.437592857991186293e+02 3.428567720825697496e+00 3.550011738760767699e-01 3.876455732755851313e-01 1.186293717945248738e-01 6.409267432752038252e-01 7.957350912586256264e-01 4.615357385098933785e-01 4.147610490688750096e-01 5.669539124158534671e-01 8.423375321385880854e-01
1.499524204530734650e+00 1.486544883854726606e+01 5.101145495777650041e+01 9.795395700644270676e+01 1.043316739029551883e+02 1.007103045664184538e+04 6.724421896276945517e+03 1.437592857991186293e+02 3.428567720825697496e+00 3.550011738760767699e-01 3.876455732755851313e-01 1.186293717945248738e-01 6.409267432752038252e-01 7.957350912586256264e-01 4.615357385098933785e-01 4.147610490688750096e-01 5.669539124158534671e-01 8.423375321385880854e-01
1.499524204530734650e+00 1.486544883854726606e+01 5.101145495777650041e+01 9.795395700644270676e+01 1.043316739029551883e+02 1.007103045664184538e+04 6.724421896276945517e+03 1.437592857991186293e+02 3.428567720825697496e+00 3.550011738760767699e-01 3.876455732755851313e-01 1.186293717945248738e-01 6.409267432752038252e-01 7.957350912586256264e-01 4.615357385098933785e-01 4.147610490688750096e-01 5.669539124158534671e-01 8.423375321385880854e-01
1.499524204530734650e+00 1.486544883854726606e+01 5.101145495777650041e+01 9.795395700644270676e+01 1.043316739029551883e+02 1.007103045664184538e+04 6.724421896276945517e+03 1.437592857991186293e+02 3.428567720825697496e+00 3.550011738760767699e-01 3.876455732755851313e-01 1.186293717945248738e-01 6.409267432752038252e-01 7.957350912586256264e-01 4.615357385098933785e-01 4.147610490688750096e-01 5.669539124158534671e-01 8.423375321385880854e-01
1.499524204530734650e+00 1.486544883854726606e+01 5.101145495777650041e+01 9.795395700644270676e+01 1.043316739029551883e+02 1.007103045664184538e+04 6.724421896276945517e+03 1.437592857991186293e+02 3.428567720825697496e+00 3.550011738760767699e-01 3.876455732755851313e-01 1.186293717945248738e-01 6.409267432752038252e-01 7.957350912586256264e-01 4.615357385098933785e-01 4.147610490688750096e-01 5.669539124158534671e-01 8.423375321385880854e-01
1.499524204530734650e+00 1.486544883854726606e+01 5.101145495777650041e+01 9.795395700644270676e+01 1.043316739029551883e+02 1.007103045664184538e+04 6.724421896276945517e+03 1.437592857991186293e+02 3.428567720825697496e+00 3.550011738760767699e-01 3.876455732755851313e-01 1.186293717945248738e-01 6.409267432752038252e-01 7.957350912586256264e-01 4.615357385098933785e-01 4.147610490688750096e-01 5.669539124158534671e-01 8.423375321385880854e-01
1.499524204530734650e+00 1.486544883854726606e+01 5.101145495777650041e+01 9.795395700644270676e+01 1.043316739029551883e+02 1.007103045664184538e+04 6.724421896276945517e+03 1.437592857991186293e+02 3.428567720825697496e+00 3.550011738760767699e-01 3.876455732755851313e-01 1.186293717945248738e-01 6.409267432752038252e-01 7.957350912586256264e-01 4.615357385098933785e-01 4.147610490688750096e-01 5.669539124158534671e-01 8.423375321385880854e-01
1.499524204530734650e+00 1.486544883854726606e+01 5.101145495777650041e+01 9.795395700644270676e+01 1.043316739029551883e+02 1.007103045664184538e+04 6.724421896276945517e+03 1.437592857991186293e+02 3.428567720825697496e+00 3.550011738760767699e-01 3.876455732755851313e-01 1.186293717945248738e-01 6.409267432752038252e-01 7.957350912586256264e-01 4.615357385098933785e-01 4.147610490688750096e-01 5.669539124158534671e-01 8.423375321385880854e-01
1.499524204530734650e+00 1.486544883854726606e+01 5.101145495777650041e+01 9.795395700644270676e+01 1.043316739029551883e+02 1.007103045664184538e+04 6.724421896276945517e+03 1.437592857991186293e+02 3.428567720825697496e+00 3.550011738760767699e-01 3.876455732755851313e-01 1.186293717945248738e-01 6.409267432752038252e-01 7.957350912586256264e-01 4.615357385098933785e-01 4.147610490688750096e-01 5.669539124158534671e-01 8.423375321385880854e-01
1.499524204530734650e+00 1.486544883854726606e+01 5.101145495777650041e+01 9.795395700644270676e+01 1.043316739029551883e+02 1.007103045664184538e+04 6.724421896276945517e+03 1.437592857991186293e+02 3.428567720825697496e+00 3.550011738760767699e-01 3.876455732755851313e-01 1.186293717945248738e-01 6.409267432752038252e-01 7.957350912586256264e-01 4.615357385098933785e-01 4.147610490688750096e-01 5.669539124158534671e-01 8.423375321385880854e-01
1.499524204530734650e+00 1.486544883854726606e+01 5.101145495777650041e+01 9.795395700644270676e+01 1.043316739029551883e+02 1.007103045664184538e+04 6.724421896276945517e+03 1.437592857991186293e+02 3.428567720825697496e+00 3.550011738760767699e-01 3.876455732755851313e-01 1.186293717945248738e-01 6.409267432752038252e-01 7.957350912586256264e-01 4.615357385098933785e-01 4.147610490688750096e-01 5.669539124158534671e-01 8.423375321385880854e-01
1.499524204530734650e+00 1.486544883854726606e+01 5.101145495777650041e+01 9.795395700644270676e+01 1.043316739029551883e+02 1.007103045664184538e+04 6.724421896276945517e+03 1.437592857991186293e+02 3.428567720825697496e+00 3.550011738760767699e-01 3.876455732755851313e-01 1.186293717945248738e-01 6.409267432752038252e-01 7.957350912586256264e-01 4.615357385098933785e-01 4.147610490688750096e-01 5.669539124158534671e-01 8.423375321385880854e-01
1.499524204530734650e+00 1.486544883854726606e+01 5.101145495777650041e+01 9.795395700644270676e+01 1.043316739029551883e+02 1.007103045664184538e+04 6.724421896276945517e+03 1.437592857991186293e+02 3.428567720825697496e+00 3.550011738760767699e-01 3.876455732755851313e-01 1.186293717945248738e-01 6.409267432752038252e-01 7.957350912586256264e-01 4.615357385098933785e-01 4.147610490688750096e-01 5.669539124158534671e-01 8.423375321385880854e-01
1.499524204530734650e+00 1.486544883854726606e+01 5.101145495777650041e+01 9.795395700644270676e+01 1.043316739029551883e+02 1.007103045664184538e+04 6.724421896276945517e+03 1.437592857991186293e+02 3.428567720825697496e+00 3.550011738760767699e-01 3.876455732755851313e-01 1.186293717945248738e-01 6.409267432752038252e-01 7.957350912586256264e-01 4.615357385098933785e-01 4.147610490688750096e-01 5.669539124158534671e-01 8.423375321385880854e-01
1.499524204530734650e+00 1.486544883854726606e+01 5.101145495777650041e+01 9.795395700644270676e+01 1.043316739029551883e+02 1.007103045664184538e+04 6.724421896276945517e+03 1.437592857991186293e+02 3.428567720825697496e+00 3.550011738760767699e-01 3.876455732755851313e-01 1.186293717945248738e-01 6.409267432752038252e-01 7.957350912586256264e-01 4.615357385098933785e-01 4.147610490688750096e-01 5.669539124158534671e-01 8.423375321385880854e-01
1.499524204530734650e+00 1.486544883854726606e+01 5.101145495777650041e+01 9.795395700644270676e+01 1.043316739029551883e+02 1.007103045664184538e+04 6.724421896276945517e+03 1.437592857991186293e+02 3.428567720825697496e+00 3.550011738760767699e-01 3.876455732755851313e-01 1.186293717945248738e-01 6.409267432752038252e-01 7.957350912586256264e-01 4.615357385098933785e-01 4.147610490688750096e-01 5.669539124158534671e-01 8.423375321385880854e-01
1.499524204530734650e+00 1.486544883854726606e+01 5.101145495777650041e+01 9.795395700644270676e+01 1.043316739029551883e+02 1.007103045664184538e+04 6.724421896276945517e+03 1.437592857991186293e+02 3.428567720825697496e+00 3.550011738760767699e-01 3.876455732755851313e-01 1.186293717945248738e-01 6.409267432752038252e-01 7.957350912586256264e-01 4.615357385098933785e-01 4.147610490688750096e-01 5.669539124158534671e-01 8.423375321385880854e-01
1.499524204530734650e+00 1.486544883854726606e+01 5.101145495777650041e+01 9.795395700644270676e+01 1.043316739029551883e+02 1.007103045664184538e+04 6.724421896276945517e+03 1.437592857991186293e+02 3.428567720825697496e+00 3.550011738760767699e-01 3.876455732755851313e-01 1.186293717945248738e-01 6.409267432752038252e-01 7.957350912586256264e-01 4.615357385098933785e-01 4.147610490688750096e-01 5.669539124158534671e-01 8.423375321385880854e-01
1.499524204530734650e+00 1.486544883854726606e+01 5.101145495777650041e+01 9.795395700644270676e+01 1.043316739029551883e+02 1.007103045664184538e+04 6.724421896276945517e+03 1.437592857991186293e+02 3.428567720825697496e+00 3.550011738760767699e-01 3.876455732755851313e-01 1.186293717945248738e-01 6.409267432752038252e-01 7.957350912586256264e-01 4.615357385098933785e-01 4.147610490688750096e-01 5.669539124158534671e-01 8.423375321385880854e-01
1.499524204530734650e+00 1.486544883854726606e+01 5.101145495777650041e+01 9.795395700644270676e+01 1.043316739029551883e+02 1.007103045664184538e+04 6.724421896276945517e+03 1.437592857991186293e+02 3.428567720825697496e+00 3.550011738760767699e-01 3.876455732755851313e-01 1.186293717945248738e-01 6.409267432752038252e-01 7.957350912586256264e-01 4.615357385098933785e-01 4.147610490688750096e-01 5.669539124158534671e-01 8.423375321385880854e-01
1.499524204530734650e+00 1.486544883854726606e+01 5.101145495777650041e+01 9.795395700644270676e+01 1.043316739029551883e+02 1.007103045664184538e+04 6.724421896276945517e+03 1.437592857991186293e+02 3.428567720825697496e+00 3.550011738760767699e-01 3.876455732755851313e-01 1.186293717945248738e-01 6.409267432752038252e-01 7.957350912586256264e-01 4.615357385098933785e-01 4.147610490688750096e-01 5.669539124158534671e-01 8.423375321385880854e-01
1.499524204530734650e+00 1.486544883854726606e+01 5.101145495777650041e+01 9.795395700644270676e+01 1.043316739029551883e+02 1.007103045664184538e+04 6.724421896276945517e+03 1.437592857991186293e+02 3.428567720825697496e+00 3.550011738760767699e-01 3.876455732755851313e-01 1.186293717945248738e-01 6.409267432752038252e-01 7.957350912586256264e-01 4.615357385098933785e-01 4.147610490688750096e-01 5.669539124158534671e-01 8.423375321385880854e-01
1.499524204530734650e+00 1.486544883854726606e+01 5.101145495777650041e+01 9.795395700644270676e+01 1.043316739029551883e+02 1.007103045664184538e+04 6.724421896276945517e+03 1.437592857991186293e+02 3.428567720825697496e+00 3.550011738760767699e-01 3.876455732755851313e-01 1.186293717945248738e-01 6.409267432752038252e-01 7.957350912586256264e-01 4.615357385098933785e-01 4.147610490688750096e-01 5.669539124158534671e-01 8.423375321385880854e-01
1.575328162371735008e+00 1.393553817675882378e+01 5.028678342952073166e+01 9.564457623197502301e+01 1.030812747174086326e+02 9.707813181245961459e+03 6.557524995868488077e+03 1.432393213099518903e+02 3.534900171353157372e+00 3.460702236802238319e-01 3.315009092503239940e-01 1.208343004614637478e-01 6.399043662316604708e-01 7.578429571454560199e-01 4.610392116446448418e-01 4.207051051414761322e-01 5.861398115195375347e-01 9.116888398789513293e-01
1.575328162371735008e+00 1.393553817675882378e+01 5.028678342952073166e+01 9.564457623197502301e+01 1.030812747174086326e+02 9.707813181245961459e+03 6.557524995868488077e+03 1.432393213099518903e+02 3.534900171353157372e+00 3.460702236802238319e-01 3.315009092503239940e-01 1.208343004614637478e-01 6.399043662316604708e-01 7.578429571454560199e-01 4.610392116446448418e-01 4.207051051414761322e-01 5.861398115195375347e-01 9.116888398789513293e-01
1.587009933108857851e+00 1.390755251527637704e+01 5.013779604009035040e+01 9.549622765693480630e+01 1.023992580004909456e+02 9.676455737183230667e+03 6.466966642181718271e+03 1.411959482448778544e+02 3.588009641281414641e+00 3.494413885509562445e-01 3.273202410468253332e-01 1.200888756643381239e-01 6.368714697927950752e-01 7.588240662519036839e-01 4.613479573850684523e-01 4.236157205959266703e-01 5.892259152719802051e-01 9.140562994909766648e-01
1.587009933108857851e+00 1.390755251527637704e+01 5.013779604009035040e+01 9.549622765693480630e+01 1.023992580004909456e+02 9.676455737183230667e+03 6.466966642181718271e+03 1.411959482448778544e+02 3.588009641281414641e+00 3.494413885509562445e-01 3.273202410468253332e-01 1.200888756643381239e-01 6.368714697927950752e-01 7.588240662519036839e-01 4.613479573850684523e-01 4.236157205959266703e-01 5.892259152719802051e-01 9.140562994909766648e-01
1.587009933108857851e+00 1.390755251527637704e+01 5.013779604009035040e+01 9.549622765693480630e+01 1.023992580004909456e+02 9.676455737183230667e+03 6.466966642181718271e+03 1.411959482448778544e+02 3.588009641281414641e+00 3.494413885509562445e-01 3.273202410468253332e-01 1.200888756643381239e-01 6.368714697927950752e-01 7.588240662519036839e-01 4.613479573850684523e-01 4.236157205959266703e-01 5.892259152719802051e-01 9.140562994909766648e-01
1.587009933108857851e+00 1.390755251527637704e+01 5.013779604009035040e+01 9.549622765693480630e+01 1.023992580004909456e+02 9.676455737183230667e+03 6.466966642181718271e+03 1.411959482448778544e+02 3.588009641281414641e+00 3.494413885509562445e-01 3.273202410468253332e-01 1.200888756643381239e-01 6.368714697927950752e-01 7.588240662519036839e-01 4.613479573850684523e-01 4.236157205959266703e-01 5.892259152719802051e-01 9.140562994909766648e-01
1.492369952475002259e+00 1.331736162134526147e+01 4.984705187660598114e+01 9.579027354122072779e+01 1.042895475243468439e+02 8.949928295125540899e+03 6.574327997867413615e+03 1.379730111256927785e+02 3.404716786823001051e+00 3.509410358742612313e-01 3.286735676978450593e-01 1.087478794896528378e-01 6.590977701284979062e-01 7.491240626236472799e-01 4.937468775902321694e-01 4.395973032709004080e-01 6.018791057513196430e-01 9.715249786874362581e-01
1.492369952475002259e+00 1.331736162134526147e+01 4.984705187660598114e+01 9.579027354122072779e+01 1.042895475243468439e+02 8.949928295125540899e+03 6.574327997867413615e+03 1.379730111256927785e+02 3.404716786823001051e+00 3.509410358742612313e-01 3.286735676978450593e-01 1.087478794896528378e-01 6.590977701284979062e-01 7.491240626236472799e-01 4.937468775902321694e-01 4.395973032709004080e-01 6.018791057513196430e-01 9.715249786874362581e-01
1.492369952475002259e+00 1.331736162134526147e+01 4.984705187660598114e+01 9.579027354122072779e+01 1.042895475243468439e+02 8.949928295125540899e+03 6.574327997867413615e+03 1.379730111256927785e+02 3.404716786823001051e+00 3.509410358742612313e-01 3.286735676978450593e-01 1.087478794896528378e-01 6.590977701284979062e-01 7.491240626236472799e-01 4.937468775902321694e-01 4.395973032709004080e-01 6.018791057513196430e-01 9.715249786874362581e-01
1.492369952475002259e+00 1.331736162134526147e+01 4.984705187660598114e+01 9.579027354122072779e+01 1.042895475243468439e+02 8.949928295125540899e+03 6.574327997867413615e+03 1.379730111256927785e+02 3.404716786823001051e+00 3.509410358742612313e-01 3.286735676978450593e-01 1.087478794896528378e-01 6.590977701284979062e-01 7.491240626236472799e-01 4.937468775902321694e-01 4.395973032709004080e-01 6.018791057513196430e-01 9.715249786874362581e-01
1.492369952475002259e+00 1.331736162134526147e+01 4.984705187660598114e+01 9.579027354122072779e+01 1.042895475243468439e+02 8.949928295125540899e+03 6.574327997867413615e+03 1.379730111256927785e+02 3.404716786823001051e+00 3.509410358742612313e-01 3.286735676978450593e-01 1.087478794896528378e-01 6.590977701284979062e-01 7.491240626236472799e-01 4.937468775902321694e-01 4.395973032709004080e-01 6.018791057513196430e-01 9.715249786874362581e-01
1.480717501897829580e+00 1.324041663408273095e+01 4.995235579290362438e+01 9.561433908304535123e+01 1.045542487010126962e+02 8.823953699948839130e+03 6.584710827701796006e+03 1.387110001457496935e+02 3.417943103976548436e+00 3.479988531739385826e-01 3.331515192316552576e-01 1.090400429995770359e-01 6.606180750731163176e-01 7.430222486737068088e-01 4.897154615122604193e-01 4.380804292015694767e-01 6.029122861180350457e-01 9.744139975808679965e-01
1.480717501897829580e+00 1.324041663408273095e+01 4.995235579290362438e+01 9.561433908304535123e+01 1.045542487010126962e+02 8.823953699948839130e+03 6.584710827701796006e+03 1.387110001457496935e+02 3.417943103976548436e+00 3.479988531739385826e-01 3.331515192316552576e-01 1.090400429995770359e-01 6.606180750731163176e-01 7.430222486737068088e-01 4.897154615122604193e-01 4.380804292015694767e-01 6.029122861180350457e-01 9.744139975808679965e-01
1.480717501897829580e+00 1.324041663408273095e+01 4.995235579290362438e+01 9.561433908304535123e+01 1.045542487010126962e+02 8.823953699948839130e+03 6.584710827701796006e+03 1.387110001457496935e+02 3.417943103976548436e+00 3.479988531739385826e-01 3.331515192316552576e-01 1.090400429995770359e-01 6.606180750731163176e-01 7.430222486737068088e-01 4.897154615122604193e-01 4.380804292015694767e-01 6.029122861180350457e-01 9.744139975808679965e-01
1.480717501897829580e+00 1.324041663408273095e+01 4.995235579290362438e+01 9.561433908304535123e+01 1.045542487010126962e+02 8.823953699948839130e+03 6.584710827701796006e+03 1.387110001457496935e+02 3.417943103976548436e+00 3.479988531739385826e-01 3.331515192316552576e-01 1.090400429995770359e-01 6.606180750731163176e-01 7.430222486737068088e-01 4.897154615122604193e-01 4.380804292015694767e-01 6.029122861180350457e-01 9.744139975808679965e-01
1.481198335636404018e+00 1.323266829756709484e+01 4.995058283154711631e+01 9.565143009871550817e+01 1.046173118244276026e+02 8.813922218460224030e+03 6.583329444191543189e+03 1.384333549033248971e+02 3.425407877627724140e+00 3.488009423606976966e-01 3.316700230471367195e-01 1.095016833920816751e-01 6.616067888437431321e-01 7.434805617346323947e-01 4.895760909545442408e-01 4.383639811561648170e-01 6.039531699059728087e-01 9.750179747857421475e-01
1.481198335636404018e+00 1.323266829756709484e+01 4.995058283154711631e+01 9.565143009871550817e+01 1.046173118244276026e+02 8.813922218460224030e+03 6.583329444191543189e+03 1.384333549033248971e+02 3.425407877627724140e+00 3.488009423606976966e-01 3.316700230471367195e-01 1.095016833920816751e-01 6.616067888437431321e-01 7.434805617346323947e-01 4.895760909545442408e-01 4.383639811561648170e-01 6.039531699059728087e-01 9.750179747857421475e-01
1.481198335636404018e+00 1.323266829756709484e+01 4.995058283154711631e+01 9.565143009871550817e+01 1.046173118244276026e+02 8.813922218460224030e+03 6.583329444191543189e+03 1.384333549033248971e+02 3.425407877627724140e+00 3.488009423606976966e-01 3.316700230471367195e-01 1.095016833920816751e-01 6.616067888437431321e-01 7.434805617346323947e-01 4.895760909545442408e-01 4.383639811561648170e-01 6.039531699059728087e-01 9.750179747857421475e-01
1.481198335636404018e+00 1.323266829756709484e+01 4.995058283154711631e+01 9.565143009871550817e+01 1.046173118244276026e+02 8.813922218460224030e+03 6.583329444191543189e+03 1.384333549033248971e+02 3.425407877627724140e+00 3.488009423606976966e-01 3.316700230471367195e-01 1.095016833920816751e-01 6.616067888437431321e-01 7.434805617346323947e-01 4.895760909545442408e-01 4.383639811561648170e-01 6.039531699059728087e-01 9.750179747857421475e-01
1.454583783494562299e+00 1.321941464005803191e+01 5.042866440305942177e+01 9.598266692920628884e+01 1.046539526969706628e+02 8.861099014825689665e+03 6.603136817468915979e+03 1.374082188888233986e+02 3.405915025949334041e+00 3.398987658743677920e-01 3.271087999354594933e-01 1.081851553339829436e-01 6.594718011994290530e-01 7.340861558578885004e-01 4.880458020459270130e-01 4.375129522484799693e-01 6.016678108438836547e-01 9.739303473523395205e-01
1.454583783494562299e+00 1.321941464005803191e+01 5.042866440305942177e+01 9.598266692920628884e+01 1.046539526969706628e+02 8.861099014825689665e+03 6.603136817468915979e+03 1.374082188888233986e+02 3.405915025949334041e+00 3.398987658743677920e-01 3.271087999354594933e-01 1.081851553339829436e-01 6.594718011994290530e-01 7.340861558578885004e-01 4.880458020459270130e-01 4.375129522484799693e-01 6.016678108438836547e-01 9.739303473523395205e-01
1.431612222550557645e+00 1.320817427137674116e+01 5.072272878502955962e+01 9.629377882586477710e+01 1.046112861343379450e+02 8.868363208376926195e+03 6.604380766775180746e+03 1.370203141841941772e+02 3.391631527016413461e+00 3.339334650629706136e-01 3.240939741046168776e-01 1.064516667579335774e-01 6.594336171090814380e-01 7.264806016854714610e-01 4.868394748511994385e-01 4.372069394636058925e-01 5.982278892828596373e-01 9.759054305124894579e-01
1.439719962859419500e+00 1.318806146007922386e+01 5.056907608010931199e+01 9.622413251295387226e+01 1.045592505391620080e+02 8.854324189563843902e+03 6.595388078714701805e+03 1.372739934073434824e+02 3.398109248465815302e+00 3.367623574675967513e-01 3.246850577856187359e-01 1.068714372380991096e-01 6.604117981827721806e-01 7.286135859605523679e-01 4.874413078842443348e-01 4.373253592480942364e-01 5.994506323829501548e-01 9.770057948420349803e-01
1.439719962859419500e+00 1.318806146007922386e+01 5.056907608010931199e+01 9.622413251295387226e+01 1.045592505391620080e+02 8.854324189563843902e+03 6.595388078714701805e+03 1.372739934073434824e+02 3.398109248465815302e+00 3.367623574675967513e-01 3.246850577856187359e-01 1.068714372380991096e-01 6.604117981827721806e-01 7.286135859605523679e-01 4.874413078842443348e-01 4.373253592480942364e-01 5.994506323829501548e-01 9.770057948420349803e-01
1.439719962859419500e+00 1.318806146007922386e+01 5.056907608010931199e+01 9.622413251295387226e+01 1.045592505391620080e+02 8.854324189563843902e+03 6.595388078714701805e+03 1.372739934073434824e+02 3.398109248465815302e+00 3.367623574675967513e-01 3.246850577856187359e-01 1.068714372380991096e-01 6.604117981827721806e-01 7.286135859605523679e-01 4.874413078842443348e-01 4.373253592480942364e-01 5.994506323829501548e-01 9.770057948420349803e-01
1.439719962859419500e+00 1.318806146007922386e+01 5.056907608010931199e+01 9.622413251295387226e+01 1.045592505391620080e+02 8.854324189563843902e+03 6.595388078714701805e+03 1.372739934073434824e+02 3.398109248465815302e+00 3.367623574675967513e-01 3.246850577856187359e-01 1.068714372380991096e-01 6.604117981827721806e-01 7.286135859605523679e-01 4.874413078842443348e-01 4.373253592480942364e-01 5.994506323829501548e-01 9.770057948420349803e-01
1.439719962859419500e+00 1.318806146007922386e+01 5.056907608010931199e+01 9.622413251295387226e+01 1.045592505391620080e+02 8.854324189563843902e+03 6.595388078714701805e+03 1.372739934073434824e+02 3.398109248465815302e+00 3.367623574675967513e-01 3.246850577856187359e-01 1.068714372380991096e-01 6.604117981827721806e-01 7.286135859605523679e-01 4.874413078842443348e-01 4.373253592480942364e-01 5.994506323829501548e-01 9.770057948420349803e-01
1.439719962859419500e+00 1.318806146007922386e+01 5.056907608010931199e+01 9.622413251295387226e+01 1.045592505391620080e+02 8.854324189563843902e+03 6.595388078714701805e+03 1.372739934073434824e+02 3.398109248465815302e+00 3.367623574675967513e-01 3.246850577856187359e-01 1.068714372380991096e-01 6.604117981827721806e-01 7.286135859605523679e-01 4.874413078842443348e-01 4.373253592480942364e-01 5.994506323829501548e-01 9.770057948420349803e-01
1.439719962859419500e+00 1.318806146007922386e+01 5.056907608010931199e+01 9.622413251295387226e+01 1.045592505391620080e+02 8.854324189563843902e+03 6.595388078714701805e+03 1.372739934073434824e+02 3.398109248465815302e+00 3.367623574675967513e-01 3.246850577856187359e-01 1.068714372380991096e-01 6.604117981827721806e-01 7.286135859605523679e-01 4.874413078842443348e-01 4.373253592480942364e-01 5.994506323829501548e-01 9.770057948420349803e-01
1.439719962859419500e+00 1.318806146007922386e+01 5.056907608010931199e+01 9.622413251295387226e+01 1.045592505391620080e+02 8.854324189563843902e+03 6.595388078714701805e+03 1.372739934073434824e+02 3.398109248465815302e+00 3.367623574675967513e-01 3.246850577856187359e-01 1.068714372380991096e-01 6.604117981827721806e-01 7.286135859605523679e-01 4.874413078842443348e-01 4.373253592480942364e-01 5.994506323829501548e-01 9.770057948420349803e-01
1.439719962859419500e+00 1.318806146007922386e+01 5.056907608010931199e+01 9.622413251295387226e+01 1.045592505391620080e+02 8.854324189563843902e+03 6.595388078714701805e+03 1.372739934073434824e+02 3.398109248465815302e+00 3.367623574675967513e-01 3.246850577856187359e-01 1.068714372380991096e-01 6.604117981827721806e-01 7.286135859605523679e-01 4.874413078842443348e-01 4.373253592480942364e-01 5.994506323829501548e-01 9.770057948420349803e-01
1.439719962859419500e+00 1.318806146007922386e+01 5.056907608010931199e+01 9.622413251295387226e+01 1.045592505391620080e+02 8.854324189563843902e+03 6.595388078714701805e+03 1.372739934073434824e+02 3.398109248465815302e+00 3.367623574675967513e-01 3.246850577856187359e-01 1.068714372380991096e-01 6.604117981827721806e-01 7.286135859605523679e-01 4.874413078842443348e-01 4.373253592480942364e-01 5.994506323829501548e-01 9.770057948420349803e-01
1.439719962859419500e+00 1.318806146007922386e+01 5.056907608010931199e+01 9.622413251295387226e+01 1.045592505391620080e+02 8.854324189563843902e+03 6.595388078714701805e+03 1.372739934073434824e+02 3.398109248465815302e+00 3.367623574675967513e-01 3.246850577856187359e-01 1.068714372380991096e-01 6.604117981827721806e-01 7.286135859605523679e-01 4.874413078842443348e-01 4.373253592480942364e-01 5.994506323829501548e-01 9.770057948420349803e-01
1.439719962859419500e+00 1.318806146007922386e+01 5.056907608010931199e+01 9.622413251295387226e+01 1.045592505391620080e+02 8.854324189563843902e+03 6.595388078714701805e+03 1.372739934073434824e+02 3.398109248465815302e+00 3.367623574675967513e-01 3.246850577856187359e-01 1.068714372380991096e-01 6.604117981827721806e-01 7.286135859605523679e-01 4.874413078842443348e-01 4.373253592480942364e-01 5.994506323829501548e-01 9.770057948420349803e-01
1.439719962859419500e+00 1.318806146007922386e+01 5.056907608010931199e+01 9.622413251295387226e+01 1.045592505391620080e+02 8.854324189563843902e+03 6.595388078714701805e+03 1.372739934073434824e+02 3.398109248465815302e+00 3.367623574675967513e-01 3.246850577856187359e-01 1.068714372380991096e-01 6.604117981827721806e-01 7.286135859605523679e-01 4.874413078842443348e-01 4.373253592480942364e-01 5.994506323829501548e-01 9.770057948420349803e-01
1.439719962859419500e+00 1.318806146007922386e+01 5.056907608010931199e+01 9.622413251295387226e+01 1.045592505391620080e+02 8.854324189563843902e+03 6.595388078714701805e+03 1.372739934073434824e+02 3.398109248465815302e+00 3.367623574675967513e-01 3.246850577856187359e-01 1.068714372380991096e-01 6.604117981827721806e-01 7.286135859605523679e-01 4.874413078842443348e-01 4.373253592480942364e-01 5.994506323829501548e-01 9.770057948420349803e-01
1.439719962859419500e+00 1.318806146007922386e+01 5.056907608010931199e+01 9.622413251295387226e+01 1.045592505391620080e+02 8.854324189563843902e+03 6.595388078714701805e+03 1.372739934073434824e+02 3.398109248465815302e+00 3.367623574675967513e-01 3.246850577856187359e-01 1.068714372380991096e-01 6.604117981827721806e-01 7.286135859605523679e-01 4.874413078842443348e-01 4.373253592480942364e-01 5.994506323829501548e-01 9.770057948420349803e-01
1.439719962859419500e+00 1.318806146007922386e+01 5.056907608010931199e+01 9.622413251295387226e+01 1.045592505391620080e+02 8.854324189563843902e+03 6.595388078714701805e+03 1.372739934073434824e+02 3.398109248465815302e+00 3.367623574675967513e-01 3.246850577856187359e-01 1.068714372380991096e-01 6.604117981827721806e-01 7.286135859605523679e-01 4.874413078842443348e-01 4.373253592480942364e-01 5.994506323829501548e-01 9.770057948420349803e-01
1.439719962859419500e+00 1.318806146007922386e+01 5.056907608010931199e+01 9.622413251295387226e+01 1.045592505391620080e+02 8.854324189563843902e+03 6.595388078714701805e+03 1.372739934073434824e+02 3.398109248465815302e+00 3.367623574675967513e-01 3.246850577856187359e-01 1.068714372380991096e-01 6.604117981827721806e-01 7.286135859605523679e-01 4.874413078842443348e-01 4.373253592480942364e-01 5.994506323829501548e-01 9.770057948420349803e-01
1.439719962859419500e+00 1.318806146007922386e+01 5.056907608010931199e+01 9.622413251295387226e+01 1.045592505391620080e+02 8.854324189563843902e+03 6.595388078714701805e+03 1.372739934073434824e+02 3.398109248465815302e+00 3.367623574675967513e-01 3.246850577856187359e-01 1.068714372380991096e-01 6.604117981827721806e-01 7.286135859605523679e-01 4.874413078842443348e-01 4.373253592480942364e-01 5.994506323829501548e-01 9.770057948420349803e-01
1.439719962859419500e+00 1.318806146007922386e+01 5.056907608010931199e+01 9.622413251295387226e+01 1.045592505391620080e+02 8.854324189563843902e+03 6.595388078714701805e+03 1.372739934073434824e+02 3.398109248465815302e+00 3.367623574675967513e-01 3.246850577856187359e-01 1.068714372380991096e-01 6.604117981827721806e-01 7.286135859605523679e-01 4.874413078842443348e-01 4.373253592480942364e-01 5.994506323829501548e-01 9.770057948420349803e-01
1.439719962859419500e+00 1.318806146007922386e+01 5.056907608010931199e+01 9.622413251295387226e+01 1.045592505391620080e+02 8.854324189563843902e+03 6.595388078714701805e+03 1.372739934073434824e+02 3.398109248465815302e+00 3.367623574675967513e-01 3.246850577856187359e-01 1.068714372380991096e-01 6.604117981827721806e-01 7.286135859605523679e-01 4.874413078842443348e-01 4.373253592480942364e-01 5.994506323829501548e-01 9.770057948420349803e-01
1.465650108054238565e+00 1.322675930085671503e+01 5.019481183070212893e+01 9.592258224067811057e+01 1.043879471968237027e+02 8.845335563310029102e+03 6.582513881841034163e+03 1.387121713109325754e+02 3.412704848382445366e+00 3.422480984116232916e-01 3.293977914025713605e-01 1.078552720819288685e-01 6.600280000009144388e-01 7.351679792738339270e-01 4.878631473275354957e-01 4.367440705552779745e-01 5.993051585835005302e-01 9.767014666177505910e-01
1.465650108054238565e+00 1.322675930085671503e+01 5.019481183070212893e+01 9.592258224067811057e+01 1.043879471968237027e+02 8.845335563310029102e+03 6.582513881841034163e+03 1.387121713109325754e+02 3.412704848382445366e+00 3.422480984116232916e-01 3.293977914025713605e-01 1.078552720819288685e-01 6.600280000009144388e-01 7.351679792738339270e-01 4.878631473275354957e-01 4.367440705552779745e-01 5.993051585835005302e-01 9.767014666177505910e-01
1.465650108054238565e+00 1.322675930085671503e+01 5.019481183070212893e+01 9.592258224067811057e+01 1.043879471968237027e+02 8.845335563310029102e+03 6.582513881841034163e+03 1.387121713109325754e+02 3.412704848382445366e+00 3.422480984116232916e-01 3.293977914025713605e-01 1.078552720819288685e-01 6.600280000009144388e-01 7.351679792738339270e-01 4.878631473275354957e-01 4.367440705552779745e-01 5.993051585835005302e-01 9.767014666177505910e-01
1.465650108054238565e+00 1.322675930085671503e+01 5.019481183070212893e+01 9.592258224067811057e+01 1.043879471968237027e+02 8.845335563310029102e+03 6.582513881841034163e+03 1.387121713109325754e+02 3.412704848382445366e+00 3.422480984116232916e-01 3.293977914025713605e-01 1.078552720819288685e-01 6.600280000009144388e-01 7.351679792738339270e-01 4.878631473275354957e-01 4.367440705552779745e-01 5.993051585835005302e-01 9.767014666177505910e-01
1.465650108054238565e+00 1.322675930085671503e+01 5.019481183070212893e+01 9.592258224067811057e+01 1.043879471968237027e+02 8.845335563310029102e+03 6.582513881841034163e+03 1.387121713109325754e+02 3.412704848382445366e+00 3.422480984116232916e-01 3.293977914025713605e-01 1.078552720819288685e-01 6.600280000009144388e-01 7.351679792738339270e-01 4.878631473275354957e-01 4.367440705552779745e-01 5.993051585835005302e-01 9.767014666177505910e-01
1.465650108054238565e+00 1.322675930085671503e+01 5.019481183070212893e+01 9.592258224067811057e+01 1.043879471968237027e+02 8.845335563310029102e+03 6.582513881841034163e+03 1.387121713109325754e+02 3.412704848382445366e+00 3.422480984116232916e-01 3.293977914025713605e-01 1.078552720819288685e-01 6.600280000009144388e-01 7.351679792738339270e-01 4.878631473275354957e-01 4.367440705552779745e-01 5.993051585835005302e-01 9.767014666177505910e-01
1.465650108054238565e+00 1.322675930085671503e+01 5.019481183070212893e+01 9.592258224067811057e+01 1.043879471968237027e+02 8.845335563310029102e+03 6.582513881841034163e+03 1.387121713109325754e+02 3.412704848382445366e+00 3.422480984116232916e-01 3.293977914025713605e-01 1.078552720819288685e-01 6.600280000009144388e-01 7.351679792738339270e-01 4.878631473275354957e-01 4.367440705552779745e-01 5.993051585835005302e-01 9.767014666177505910e-01
1.465650108054238565e+00 1.322675930085671503e+01 5.019481183070212893e+01 9.592258224067811057e+01 1.043879471968237027e+02 8.845335563310029102e+03 6.582513881841034163e+03 1.387121713109325754e+02 3.412704848382445366e+00 3.422480984116232916e-01 3.293977914025713605e-01 1.078552720819288685e-01 6.600280000009144388e-01 7.351679792738339270e-01 4.878631473275354957e-01 4.367440705552779745e-01 5.993051585835005302e-01 9.767014666177505910e-01
1.465650108054238565e+00 1.322675930085671503e+01 5.019481183070212893e+01 9.592258224067811057e+01 1.043879471968237027e+02 8.845335563310029102e+03 6.582513881841034163e+03 1.387121713109325754e+02 3.412704848382445366e+00 3.422480984116232916e-01 3.293977914025713605e-01 1.078552720819288685e-01 6.600280000009144388e-01 7.351679792738339270e-01 4.878631473275354957e-01 4.367440705552779745e-01 5.993051585835005302e-01 9.767014666177505910e-01
1.465650108054238565e+00 1.322675930085671503e+01 5.019481183070212893e+01 9.592258224067811057e+01 1.043879471968237027e+02 8.845335563310029102e+03 6.582513881841034163e+03 1.387121713109325754e+02 3.412704848382445366e+00 3.422480984116232916e-01 3.293977914025713605e-01 1.078552720819288685e-01 6.600280000009144388e-01 7.351679792738339270e-01 4.878631473275354957e-01 4.367440705552779745e-01 5.993051585835005302e-01 9.767014666177505910e-01
1.465650108054238565e+00 1.322675930085671503e+01 5.019481183070212893e+01 9.592258224067811057e+01 1.043879471968237027e+02 8.845335563310029102e+03 6.582513881841034163e+03 1.387121713109325754e+02 3.412704848382445366e+00 3.422480984116232916e-01 3.293977914025713605e-01 1.078552720819288685e-01 6.600280000009144388e-01 7.351679792738339270e-01 4.878631473275354957e-01 4.367440705552779745e-01 5.993051585835005302e-01 9.767014666177505910e-01
1.465650108054238565e+00 1.322675930085671503e+01 5.019481183070212893e+01 9.592258224067811057e+01 1.043879471968237027e+02 8.845335563310029102e+03 6.582513881841034163e+03 1.387121713109325754e+02 3.412704848382445366e+00 3.422480984116232916e-01 3.293977914025713605e-01 1.078552720819288685e-01 6.600280000009144388e-01 7.351679792738339270e-01 4.878631473275354957e-01 4.367440705552779745e-01 5.993051585835005302e-01 9.767014666177505910e-01
1.465650108054238565e+00 1.322675930085671503e+01 5.019481183070212893e+01 9.592258224067811057e+01 1.043879471968237027e+02 8.845335563310029102e+03 6.582513881841034163e+03 1.387121713109325754e+02 3.412704848382445366e+00 3.422480984116232916e-01 3.293977914025713605e-01 1.078552720819288685e-01 6.600280000009144388e-01 7.351679792738339270e-01 4.878631473275354957e-01 4.367440705552779745e-01 5.993051585835005302e-01 9.767014666177505910e-01
1.465650108054238565e+00 1.322675930085671503e+01 5.019481183070212893e+01 9.592258224067811057e+01 1.043879471968237027e+02 8.845335563310029102e+03 6.582513881841034163e+03 1.387121713109325754e+02 3.412704848382445366e+00 3.422480984116232916e-01 3.293977914025713605e-01 1.078552720819288685e-01 6.600280000009144388e-01 7.351679792738339270e-01 4.878631473275354957e-01 4.367440705552779745e-01 5.993051585835005302e-01 9.767014666177505910e-01
1.467858179784405692e+00 1.317299811369203333e+01 5.018318045707462716e+01 9.580316897095656259e+01 1.042963732206741554e+02 8.819355991088868905e+03 6.559404676997431125e+03 1.386458787540830713e+02 3.407162307710633886e+00 3.425066066830874112e-01 3.283363825939167313e-01 1.072802124464192070e-01 6.605106029142221447e-01 7.340546984740107250e-01 4.881708426513803878e-01 4.363763459732164507e-01 6.013261518559798180e-01 9.812694014366791784e-01
1.467858179784405692e+00 1.317299811369203333e+01 5.018318045707462716e+01 9.580316897095656259e+01 1.042963732206741554e+02 8.819355991088868905e+03 6.559404676997431125e+03 1.386458787540830713e+02 3.407162307710633886e+00 3.425066066830874112e-01 3.283363825939167313e-01 1.072802124464192070e-01 6.605106029142221447e-01 7.340546984740107250e-01 4.881708426513803878e-01 4.363763459732164507e-01 6.013261518559798180e-01 9.812694014366791784e-01
1.467858179784405692e+00 1.317299811369203333e+01 5.018318045707462716e+01 9.580316897095656259e+01 1.042963732206741554e+02 8.819355991088868905e+03 6.559404676997431125e+03 1.386458787540830713e+02 3.407162307710633886e+00 3.425066066830874112e-01 3.283363825939167313e-01 1.072802124464192070e-01 6.605106029142221447e-01 7.340546984740107250e-01 4.881708426513803878e-01 4.363763459732164507e-01 6.013261518559798180e-01 9.812694014366791784e-01
1.467858179784405692e+00 1.317299811369203333e+01 5.018318045707462716e+01 9.580316897095656259e+01 1.042963732206741554e+02 8.819355991088868905e+03 6.559404676997431125e+03 1.386458787540830713e+02 3.407162307710633886e+00 3.425066066830874112e-01 3.283363825939167313e-01 1.072802124464192070e-01 6.605106029142221447e-01 7.340546984740107250e-01 4.881708426513803878e-01 4.363763459732164507e-01 6.013261518559798180e-01 9.812694014366791784e-01
1.467858179784405692e+00 1.317299811369203333e+01 5.018318045707462716e+01 9.580316897095656259e+01 1.042963732206741554e+02 8.819355991088868905e+03 6.559404676997431125e+03 1.386458787540830713e+02 3.407162307710633886e+00 3.425066066830874112e-01 3.283363825939167313e-01 1.072802124464192070e-01 6.605106029142221447e-01 7.340546984740107250e-01 4.881708426513803878e-01 4.363763459732164507e-01 6.013261518559798180e-01 9.812694014366791784e-01
1.467858179784405692e+00 1.317299811369203333e+01 5.018318045707462716e+01 9.580316897095656259e+01 1.042963732206741554e+02 8.819355991088868905e+03 6.559404676997431125e+03 1.386458787540830713e+02 3.407162307710633886e+00 3.425066066830874112e-01 3.283363825939167313e-01 1.072802124464192070e-01 6.605106029142221447e-01 7.340546984740107250e-01 4.881708426513803878e-01 4.363763459732164507e-01 6.013261518559798180e-01 9.812694014366791784e-01
1.467858179784405692e+00 1.317299811369203333e+01 5.018318045707462716e+01 9.580316897095656259e+01 1.042963732206741554e+02 8.819355991088868905e+03 6.559404676997431125e+03 1.386458787540830713e+02 3.407162307710633886e+00 3.425066066830874112e-01 3.283363825939167313e-01 1.072802124464192070e-01 6.605106029142221447e-01 7.340546984740107250e-01 4.881708426513803878e-01 4.363763459732164507e-01 6.013261518559798180e-01 9.812694014366791784e-01
1.467858179784405692e+00 1.317299811369203333e+01 5.018318045707462716e+01 9.580316897095656259e+01 1.042963732206741554e+02 8.819355991088868905e+03 6.559404676997431125e+03 1.386458787540830713e+02 3.407162307710633886e+00 3.425066066830874112e-01 3.283363825939167313e-01 1.072802124464192070e-01 6.605106029142221447e-01 7.340546984740107250e-01 4.881708426513803878e-01 4.363763459732164507e-01 6.013261518559798180e-01 9.812694014366791784e-01
1.467858179784405692e+00 1.317299811369203333e+01 5.018318045707462716e+01 9.580316897095656259e+01 1.042963732206741554e+02 8.819355991088868905e+03 6.559404676997431125e+03 1.386458787540830713e+02 3.407162307710633886e+00 3.425066066830874112e-01 3.283363825939167313e-01 1.072802124464192070e-01 6.605106029142221447e-01 7.340546984740107250e-01 4.881708426513803878e-01 4.363763459732164507e-01 6.013261518559798180e-01 9.812694014366791784e-01
1.467858179784405692e+00 1.317299811369203333e+01 5.018318045707462716e+01 9.580316897095656259e+01 1.042963732206741554e+02 8.819355991088868905e+03 6.559404676997431125e+03 1.386458787540830713e+02 3.407162307710633886e+00 3.425066066830874112e-01 3.283363825939167313e-01 1.072802124464192070e-01 6.605106029142221447e-01 7.340546984740107250e-01 4.881708426513803878e-01 4.363763459732164507e-01 6.013261518559798180e-01 9.812694014366791784e-01
1.467858179784405692e+00 1.317299811369203333e+01 5.018318045707462716e+01 9.580316897095656259e+01 1.042963732206741554e+02 8.819355991088868905e+03 6.559404676997431125e+03 1.386458787540830713e+02 3.407162307710633886e+00 3.425066066830874112e-01 3.283363825939167313e-01 1.072802124464192070e-01 6.605106029142221447e-01 7.340546984740107250e-01 4.881708426513803878e-01 4.363763459732164507e-01 6.013261518559798180e-01 9.812694014366791784e-01
1.467858179784405692e+00 1.317299811369203333e+01 5.018318045707462716e+01 9.580316897095656259e+01 1.042963732206741554e+02 8.819355991088868905e+03 6.559404676997431125e+03 1.386458787540830713e+02 3.407162307710633886e+00 3.425066066830874112e-01 3.283363825939167313e-01 1.072802124464192070e-01 6.605106029142221447e-01 7.340546984740107250e-01 4.881708426513803878e-01 4.363763459732164507e-01 6.013261518559798180e-01 9.812694014366791784e-01
1.467858179784405692e+00 1.317299811369203333e+01 5.018318045707462716e+01 9.580316897095656259e+01 1.042963732206741554e+02 8.819355991088868905e+03 6.559404676997431125e+03 1.386458787540830713e+02 3.407162307710633886e+00 3.425066066830874112e-01 3.283363825939167313e-01 1.072802124464192070e-01 6.605106029142221447e-01 7.340546984740107250e-01 4.881708426513803878e-01 4.363763459732164507e-01 6.013261518559798180e-01 9.812694014366791784e-01
1.467858179784405692e+00 1.317299811369203333e+01 5.018318045707462716e+01 9.580316897095656259e+01 1.042963732206741554e+02 8.819355991088868905e+03 6.559404676997431125e+03 1.386458787540830713e+02 3.407162307710633886e+00 3.425066066830874112e-01 3.283363825939167313e-01 1.072802124464192070e-01 6.605106029142221447e-01 7.340546984740107250e-01 4.881708426513803878e-01 4.363763459732164507e-01 6.013261518559798180e-01 9.812694014366791784e-01
1.467858179784405692e+00 1.317299811369203333e+01 5.018318045707462716e+01 9.580316897095656259e+01 1.042963732206741554e+02 8.819355991088868905e+03 6.559404676997431125e+03 1.386458787540830713e+02 3.407162307710633886e+00 3.425066066830874112e-01 3.283363825939167313e-01 1.072802124464192070e-01 6.605106029142221447e-01 7.340546984740107250e-01 4.881708426513803878e-01 4.363763459732164507e-01 6.013261518559798180e-01 9.812694014366791784e-01
1.467858179784405692e+00 1.317299811369203333e+01 5.018318045707462716e+01 9.580316897095656259e+01 1.042963732206741554e+02 8.819355991088868905e+03 6.559404676997431125e+03 1.386458787540830713e+02 3.407162307710633886e+00 3.425066066830874112e-01 3.283363825939167313e-01 1.072802124464192070e-01 6.605106029142221447e-01 7.340546984740107250e-01 4.881708426513803878e-01 4.363763459732164507e-01 6.013261518559798180e-01 9.812694014366791784e-01
1.467858179784405692e+00 1.317299811369203333e+01 5.018318045707462716e+01 9.580316897095656259e+01 1.042963732206741554e+02 8.819355991088868905e+03 6.559404676997431125e+03 1.386458787540830713e+02 3.407162307710633886e+00 3.425066066830874112e-01 3.283363825939167313e-01 1.072802124464192070e-01 6.605106029142221447e-01 7.340546984740107250e-01 4.881708426513803878e-01 4.363763459732164507e-01 6.013261518559798180e-01 9.812694014366791784e-01
1.467858179784405692e+00 1.317299811369203333e+01 5.018318045707462716e+01 9.580316897095656259e+01 1.042963732206741554e+02 8.819355991088868905e+03 6.559404676997431125e+03 1.386458787540830713e+02 3.407162307710633886e+00 3.425066066830874112e-01 3.283363825939167313e-01 1.072802124464192070e-01 6.605106029142221447e-01 7.340546984740107250e-01 4.881708426513803878e-01 4.363763459732164507e-01 6.013261518559798180e-01 9.812694014366791784e-01
1.467858179784405692e+00 1.317299811369203333e+01 5.018318045707462716e+01 9.580316897095656259e+01 1.042963732206741554e+02 8.819355991088868905e+03 6.559404676997431125e+03 1.386458787540830713e+02 3.407162307710633886e+00 3.425066066830874112e-01 3.283363825939167313e-01 1.072802124464192070e-01 6.605106029142221447e-01 7.340546984740107250e-01 4.881708426513803878e-01 4.363763459732164507e-01 6.013261518559798180e-01 9.812694014366791784e-01
1.467858179784405692e+00 1.317299811369203333e+01 5.018318045707462716e+01 9.580316897095656259e+01 1.042963732206741554e+02 8.819355991088868905e+03 6.559404676997431125e+03 1.386458787540830713e+02 3.407162307710633886e+00 3.425066066830874112e-01 3.283363825939167313e-01 1.072802124464192070e-01 6.605106029142221447e-01 7.340546984740107250e-01 4.881708426513803878e-01 4.363763459732164507e-01 6.013261518559798180e-01 9.812694014366791784e-01
1.467858179784405692e+00 1.317299811369203333e+01 5.018318045707462716e+01 9.580316897095656259e+01 1.042963732206741554e+02 8.819355991088868905e+03 6.559404676997431125e+03 1.386458787540830713e+02 3.407162307710633886e+00 3.425066066830874112e-01 3.283363825939167313e-01 1.072802124464192070e-01 6.605106029142221447e-01 7.340546984740107250e-01 4.881708426513803878e-01 4.363763459732164507e-01 6.013261518559798180e-01 9.812694014366791784e-01
1.467858179784405692e+00 1.317299811369203333e+01 5.018318045707462716e+01 9.580316897095656259e+01 1.042963732206741554e+02 8.819355991088868905e+03 6.559404676997431125e+03 1.386458787540830713e+02 3.407162307710633886e+00 3.425066066830874112e-01 3.283363825939167313e-01 1.072802124464192070e-01 6.605106029142221447e-01 7.340546984740107250e-01 4.881708426513803878e-01 4.363763459732164507e-01 6.013261518559798180e-01 9.812694014366791784e-01
1.467858179784405692e+00 1.317299811369203333e+01 5.018318045707462716e+01 9.580316897095656259e+01 1.042963732206741554e+02 8.819355991088868905e+03 6.559404676997431125e+03 1.386458787540830713e+02 3.407162307710633886e+00 3.425066066830874112e-01 3.283363825939167313e-01 1.072802124464192070e-01 6.605106029142221447e-01 7.340546984740107250e-01 4.881708426513803878e-01 4.363763459732164507e-01 6.013261518559798180e-01 9.812694014366791784e-01
1.467858179784405692e+00 1.317299811369203333e+01 5.018318045707462716e+01 9.580316897095656259e+01 1.042963732206741554e+02 8.819355991088868905e+03 6.559404676997431125e+03 1.386458787540830713e+02 3.407162307710633886e+00 3.425066066830874112e-01 3.283363825939167313e-01 1.072802124464192070e-01 6.605106029142221447e-01 7.340546984740107250e-01 4.881708426513803878e-01 4.363763459732164507e-01 6.013261518559798180e-01 9.812694014366791784e-01
1.467858179784405692e+00 1.317299811369203333e+01 5.018318045707462716e+01 9.580316897095656259e+01 1.042963732206741554e+02 8.819355991088868905e+03 6.559404676997431125e+03 1.386458787540830713e+02 3.407162307710633886e+00 3.425066066830874112e-01 3.283363825939167313e-01 1.072802124464192070e-01 6.605106029142221447e-01 7.340546984740107250e-01 4.881708426513803878e-01 4.363763459732164507e-01 6.013261518559798180e-01 9.812694014366791784e-01
1.467858179784405692e+00 1.317299811369203333e+01 5.018318045707462716e+01 9.580316897095656259e+01 1.042963732206741554e+02 8.819355991088868905e+03 6.559404676997431125e+03 1.386458787540830713e+02 3.407162307710633886e+00 3.425066066830874112e-01 3.283363825939167313e-01 1.072802124464192070e-01 6.605106029142221447e-01 7.340546984740107250e-01 4.881708426513803878e-01 4.363763459732164507e-01 6.013261518559798180e-01 9.812694014366791784e-01
1.467858179784405692e+00 1.317299811369203333e+01 5.018318045707462716e+01 9.580316897095656259e+01 1.042963732206741554e+02 8.819355991088868905e+03 6.559404676997431125e+03 1.386458787540830713e+02 3.407162307710633886e+00 3.425066066830874112e-01 3.283363825939167313e-01 1.072802124464192070e-01 6.605106029142221447e-01 7.340546984740107250e-01 4.881708426513803878e-01 4.363763459732164507e-01 6.013261518559798180e-01 9.812694014366791784e-01
1.467858179784405692e+00 1.317299811369203333e+01 5.018318045707462716e+01 9.580316897095656259e+01 1.042963732206741554e+02 8.819355991088868905e+03 6.559404676997431125e+03 1.386458787540830713e+02 3.407162307710633886e+00 3.425066066830874112e-01 3.283363825939167313e-01 1.072802124464192070e-01 6.605106029142221447e-01 7.340546984740107250e-01 4.881708426513803878e-01 4.363763459732164507e-01 6.013261518559798180e-01 9.812694014366791784e-01
1.467858179784405692e+00 1.317299811369203333e+01 5.018318045707462716e+01 9.580316897095656259e+01 1.042963732206741554e+02 8.819355991088868905e+03 6.559404676997431125e+03 1.386458787540830713e+02 3.407162307710633886e+00 3.425066066830874112e-01 3.283363825939167313e-01 1.072802124464192070e-01 6.605106029142221447e-01 7.340546984740107250e-01 4.881708426513803878e-01 4.363763459732164507e-01 6.013261518559798180e-01 9.812694014366791784e-01
1.467858179784405692e+00 1.317299811369203333e+01 5.018318045707462716e+01 9.580316897095656259e+01 1.042963732206741554e+02 8.819355991088868905e+03 6.559404676997431125e+03 1.386458787540830713e+02 3.407162307710633886e+00 3.425066066830874112e-01 3.283363825939167313e-01 1.072802124464192070e-01 6.605106029142221447e-01 7.340546984740107250e-01 4.881708426513803878e-01 4.363763459732164507e-01 6.013261518559798180e-01 9.812694014366791784e-01
1.467858179784405692e+00 1.317299811369203333e+01 5.018318045707462716e+01 9.580316897095656259e+01 1.042963732206741554e+02 8.819355991088868905e+03 6.559404676997431125e+03 1.386458787540830713e+02 3.407162307710633886e+00 3.425066066830874112e-01 3.283363825939167313e-01 1.072802124464192070e-01 6.605106029142221447e-01 7.340546984740107250e-01 4.881708426513803878e-01 4.363763459732164507e-01 6.013261518559798180e-01 9.812694014366791784e-01
1.467858179784405692e+00 1.317299811369203333e+01 5.018318045707462716e+01 9.580316897095656259e+01 1.042963732206741554e+02 8.819355991088868905e+03 6.559404676997431125e+03 1.386458787540830713e+02 3.407162307710633886e+00 3.425066066830874112e-01 3.283363825939167313e-01 1.072802124464192070e-01 6.605106029142221447e-01 7.340546984740107250e-01 4.881708426513803878e-01 4.363763459732164507e-01 6.013261518559798180e-01 9.812694014366791784e-01
1.467858179784405692e+00 1.317299811369203333e+01 5.018318045707462716e+01 9.580316897095656259e+01 1.042963732206741554e+02 8.819355991088868905e+03 6.559404676997431125e+03 1.386458787540830713e+02 3.407162307710633886e+00 3.425066066830874112e-01 3.283363825939167313e-01 1.072802124464192070e-01 6.605106029142221447e-01 7.340546984740107250e-01 4.881708426513803878e-01 4.363763459732164507e-01 6.013261518559798180e-01 9.812694014366791784e-01
1.467858179784405692e+00 1.317299811369203333e+01 5.018318045707462716e+01 9.580316897095656259e+01 1.042963732206741554e+02 8.819355991088868905e+03 6.559404676997431125e+03 1.386458787540830713e+02 3.407162307710633886e+00 3.425066066830874112e-01 3.283363825939167313e-01 1.072802124464192070e-01 6.605106029142221447e-01 7.340546984740107250e-01 4.881708426513803878e-01 4.363763459732164507e-01 6.013261518559798180e-01 9.812694014366791784e-01
1.467858179784405692e+00 1.317299811369203333e+01 5.018318045707462716e+01 9.580316897095656259e+01 1.042963732206741554e+02 8.819355991088868905e+03 6.559404676997431125e+03 1.386458787540830713e+02 3.407162307710633886e+00 3.425066066830874112e-01 3.283363825939167313e-01 1.072802124464192070e-01 6.605106029142221447e-01 7.340546984740107250e-01 4.881708426513803878e-01 4.363763459732164507e-01 6.013261518559798180e-01 9.812694014366791784e-01
1.467858179784405692e+00 1.317299811369203333e+01 5.018318045707462716e+01 9.580316897095656259e+01 1.042963732206741554e+02 8.819355991088868905e+03 6.559404676997431125e+03 1.386458787540830713e+02 3.407162307710633886e+00 3.425066066830874112e-01 3.283363825939167313e-01 1.072802124464192070e-01 6.605106029142221447e-01 7.340546984740107250e-01 4.881708426513803878e-01 4.363763459732164507e-01 6.013261518559798180e-01 9.812694014366791784e-01
1.467858179784405692e+00 1.317299811369203333e+01 5.018318045707462716e+01 9.580316897095656259e+01 1.042963732206741554e+02 8.819355991088868905e+03 6.559404676997431125e+03 1.386458787540830713e+02 3.407162307710633886e+00 3.425066066830874112e-01 3.283363825939167313e-01 1.072802124464192070e-01 6.605106029142221447e-01 7.340546984740107250e-01 4.881708426513803878e-01 4.363763459732164507e-01 6.013261518559798180e-01 9.812694014366791784e-01
1.467858179784405692e+00 1.317299811369203333e+01 5.018318045707462716e+01 9.580316897095656259e+01 1.042963732206741554e+02 8.819355991088868905e+03 6.559404676997431125e+03 1.386458787540830713e+02 3.407162307710633886e+00 3.425066066830874112e-01 3.283363825939167313e-01 1.072802124464192070e-01 6.605106029142221447e-01 7.340546984740107250e-01 4.881708426513803878e-01 4.363763459732164507e-01 6.013261518559798180e-01 9.812694014366791784e-01
1.467858179784405692e+00 1.317299811369203333e+01 5.018318045707462716e+01 9.580316897095656259e+01 1.042963732206741554e+02 8.819355991088868905e+03 6.559404676997431125e+03 1.386458787540830713e+02 3.407162307710633886e+00 3.425066066830874112e-01 3.283363825939167313e-01 1.072802124464192070e-01 6.605106029142221447e-01 7.340546984740107250e-01 4.881708426513803878e-01 4.363763459732164507e-01 6.013261518559798180e-01 9.812694014366791784e-01
1.467858179784405692e+00 1.317299811369203333e+01 5.018318045707462716e+01 9.580316897095656259e+01 1.042963732206741554e+02 8.819355991088868905e+03 6.559404676997431125e+03 1.386458787540830713e+02 3.407162307710633886e+00 3.425066066830874112e-01 3.283363825939167313e-01 1.072802124464192070e-01 6.605106029142221447e-01 7.340546984740107250e-01 4.881708426513803878e-01 4.363763459732164507e-01 6.013261518559798180e-01 9.812694014366791784e-01
1.467858179784405692e+00 1.317299811369203333e+01 5.018318045707462716e+01 9.580316897095656259e+01 1.042963732206741554e+02 8.819355991088868905e+03 6.559404676997431125e+03 1.386458787540830713e+02 3.407162307710633886e+00 3.425066066830874112e-01 3.283363825939167313e-01 1.072802124464192070e-01 6.605106029142221447e-01 7.340546984740107250e-01 4.881708426513803878e-01 4.363763459732164507e-01 6.013261518559798180e-01 9.812694014366791784e-01
1.467858179784405692e+00 1.317299811369203333e+01 5.018318045707462716e+01 9.580316897095656259e+01 1.042963732206741554e+02 8.819355991088868905e+03 6.559404676997431125e+03 1.386458787540830713e+02 3.407162307710633886e+00 3.425066066830874112e-01 3.283363825939167313e-01 1.072802124464192070e-01 6.605106029142221447e-01 7.340546984740107250e-01 4.881708426513803878e-01 4.363763459732164507e-01 6.013261518559798180e-01 9.812694014366791784e-01
1.467858179784405692e+00 1.317299811369203333e+01 5.018318045707462716e+01 9.580316897095656259e+01 1.042963732206741554e+02 8.819355991088868905e+03 6.559404676997431125e+03 1.386458787540830713e+02 3.407162307710633886e+00 3.425066066830874112e-01 3.283363825939167313e-01 1.072802124464192070e-01 6.605106029142221447e-01 7.340546984740107250e-01 4.881708426513803878e-01 4.363763459732164507e-01 6.013261518559798180e-01 9.812694014366791784e-01
1.467858179784405692e+00 1.317299811369203333e+01 5.018318045707462716e+01 9.580316897095656259e+01 1.042963732206741554e+02 8.819355991088868905e+03 6.559404676997431125e+03 1.386458787540830713e+02 3.407162307710633886e+00 3.425066066830874112e-01 3.283363825939167313e-01 1.072802124464192070e-01 6.605106029142221447e-01 7.340546984740107250e-01 4.881708426513803878e-01 4.363763459732164507e-01 6.013261518559798180e-01 9.812694014366791784e-01
1.467858179784405692e+00 1.317299811369203333e+01 5.018318045707462716e+01 9.580316897095656259e+01 1.042963732206741554e+02 8.819355991088868905e+03 6.559404676997431125e+03 1.386458787540830713e+02 3.407162307710633886e+00 3.425066066830874112e-01 3.283363825939167313e-01 1.072802124464192070e-01 6.605106029142221447e-01 7.340546984740107250e-01 4.881708426513803878e-01 4.363763459732164507e-01 6.013261518559798180e-01 9.812694014366791784e-01
1.467858179784405692e+00 1.317299811369203333e+01 5.018318045707462716e+01 9.580316897095656259e+01 1.042963732206741554e+02 8.819355991088868905e+03 6.559404676997431125e+03 1.386458787540830713e+02 3.407162307710633886e+00 3.425066066830874112e-01 3.283363825939167313e-01 1.072802124464192070e-01 6.605106029142221447e-01 7.340546984740107250e-01 4.881708426513803878e-01 4.363763459732164507e-01 6.013261518559798180e-01 9.812694014366791784e-01
1.467858179784405692e+00 1.317299811369203333e+01 5.018318045707462716e+01 9.580316897095656259e+01 1.042963732206741554e+02 8.819355991088868905e+03 6.559404676997431125e+03 1.386458787540830713e+02 3.407162307710633886e+00 3.425066066830874112e-01 3.283363825939167313e-01 1.072802124464192070e-01 6.605106029142221447e-01 7.340546984740107250e-01 4.881708426513803878e-01 4.363763459732164507e-01 6.013261518559798180e-01 9.812694014366791784e-01
1.467858179784405692e+00 1.317299811369203333e+01 5.018318045707462716e+01 9.580316897095656259e+01 1.042963732206741554e+02 8.819355991088868905e+03 6.559404676997431125e+03 1.386458787540830713e+02 3.407162307710633886e+00 3.425066066830874112e-01 3.283363825939167313e-01 1.072802124464192070e-01 6.605106029142221447e-01 7.340546984740107250e-01 4.881708426513803878e-01 4.363763459732164507e-01 6.013261518559798180e-01 9.812694014366791784e-01
1.467858179784405692e+00 1.317299811369203333e+01 5.018318045707462716e+01 9.580316897095656259e+01 1.042963732206741554e+02 8.819355991088868905e+03 6.559404676997431125e+03 1.386458787540830713e+02 3.407162307710633886e+00 3.425066066830874112e-01 3.283363825939167313e-01 1.072802124464192070e-01 6.605106029142221447e-01 7.340546984740107250e-01 4.881708426513803878e-01 4.363763459732164507e-01 6.013261518559798180e-01 9.812694014366791784e-01
1.467858179784405692e+00 1.317299811369203333e+01 5.018318045707462716e+01 9.580316897095656259e+01 1.042963732206741554e+02 8.819355991088868905e+03 6.559404676997431125e+03 1.386458787540830713e+02 3.407162307710633886e+00 3.425066066830874112e-01 3.283363825939167313e-01 1.072802124464192070e-01 6.605106029142221447e-01 7.340546984740107250e-01 4.881708426513803878e-01 4.363763459732164507e-01 6.013261518559798180e-01 9.812694014366791784e-01
1.467858179784405692e+00 1.317299811369203333e+01 5.018318045707462716e+01 9.580316897095656259e+01 1.042963732206741554e+02 8.819355991088868905e+03 6.559404676997431125e+03 1.386458787540830713e+02 3.407162307710633886e+00 3.425066066830874112e-01 3.283363825939167313e-01 1.072802124464192070e-01 6.605106029142221447e-01 7.340546984740107250e-01 4.881708426513803878e-01 4.363763459732164507e-01 6.013261518559798180e-01 9.812694014366791784e-01
1.467858179784405692e+00 1.317299811369203333e+01 5.018318045707462716e+01 9.580316897095656259e+01 1.042963732206741554e+02 8.819355991088868905e+03 6.559404676997431125e+03 1.386458787540830713e+02 3.407162307710633886e+00 3.425066066830874112e-01 3.283363825939167313e-01 1.072802124464192070e-01 6.605106029142221447e-01 7.340546984740107250e-01 4.881708426513803878e-01 4.363763459732164507e-01 6.013261518559798180e-01 9.812694014366791784e-01
1.467858179784405692e+00 1.317299811369203333e+01 5.018318045707462716e+01 9.580316897095656259e+01 1.042963732206741554e+02 8.819355991088868905e+03 6.559404676997431125e+03 1.386458787540830713e+02 3.407162307710633886e+00 3.425066066830874112e-01 3.283363825939167313e-01 1.072802124464192070e-01 6.605106029142221447e-01 7.340546984740107250e-01 4.881708426513803878e-01 4.363763459732164507e-01 6.013261518559798180e-01 9.812694014366791784e-01
1.467858179784405692e+00 1.317299811369203333e+01 5.018318045707462716e+01 9.580316897095656259e+01 1.042963732206741554e+02 8.819355991088868905e+03 6.559404676997431125e+03 1.386458787540830713e+02 3.407162307710633886e+00 3.425066066830874112e-01 3.283363825939167313e-01 1.072802124464192070e-01 6.605106029142221447e-01 7.340546984740107250e-01 4.881708426513803878e-01 4.363763459732164507e-01 6.013261518559798180e-01 9.812694014366791784e-01
1.467858179784405692e+00 1.317299811369203333e+01 5.018318045707462716e+01 9.580316897095656259e+01 1.042963732206741554e+02 8.819355991088868905e+03 6.559404676997431125e+03 1.386458787540830713e+02 3.407162307710633886e+00 3.425066066830874112e-01 3.283363825939167313e-01 1.072802124464192070e-01 6.605106029142221447e-01 7.340546984740107250e-01 4.881708426513803878e-01 4.363763459732164507e-01 6.013261518559798180e-01 9.812694014366791784e-01
