1.000000000000000000e+00 1.000000000000000000e+00 1.000000000000000000e+00 1.000000000000000000e+00
1.183835831796744981e-01 3.796413242010354683e-01 3.395382473093634417e+02 4.473765979565171719e-02
1.214862436423539138e-01 4.305098709453369366e-01 3.031670596610800885e+02 3.637401620672588154e-02
1.103319901821808030e-01 4.570922884592854007e-01 3.172218148466189973e+02 4.030347124518908475e-02
1.178075100490462851e-01 4.173423681752220227e-01 3.266133784630429204e+02 4.263245865059466649e-02
1.086017864952890100e-01 4.392268963255722136e-01 2.870477181764714487e+02 3.755679447582960934e-02
1.229478919392397590e-01 4.391326582026990333e-01 2.801215227238992043e+02 4.363892926475937406e-02
1.125185986071439714e-01 4.721448329672865984e-01 2.844069745910240385e+02 3.640710622485002906e-02
1.271048512489529880e-01 4.027149859258725151e-01 3.016927445627358679e+02 3.881802876952363673e-02
1.167549840226025787e-01 3.875611167571919036e-01 2.947061326523510729e+02 3.701667208236484458e-02
1.151303840401457501e-01 3.900614141698201531e-01 3.093979600352367356e+02 3.709843850878172256e-02
1.200791414075054048e-01 4.487519621913993451e-01 2.956608746309507296e+02 4.021052186507356740e-02
1.226478822191203466e-01 3.975919582553252285e-01 2.887855329597210243e+02 3.631731282927910115e-02
1.201551663821650434e-01 3.918736262939948589e-01 2.896539393559354494e+02 3.994556819571947609e-02
7.291517535007106809e-02 3.909370716575923388e-01 2.647504055341248659e+02 5.462541940329262297e-02
7.392431892091357037e-02 3.159734115023171142e-01 2.095184763424853713e+02 5.237096072459141577e-02
7.862667889738188254e-02 3.022775369996292816e-01 2.193101428371605550e+02 5.587465012901305511e-02
7.012385531775948422e-02 3.336515206194995420e-01 2.304857907103147454e+02 5.328126035732266147e-02
7.156416234137785715e-02 3.111513526350970782e-01 2.190041273159487503e+02 5.261620974156942798e-02
6.771101282386991771e-02 3.412354082583807791e-01 2.530361203997663040e+02 5.122216428812557953e-02
7.496755161258714106e-02 3.011637911453352578e-01 2.271746019951749815e+02 5.390284626228140225e-02
7.541082648964915480e-02 2.707854186481629122e-01 2.490461576139807107e+02 5.262813422995066964e-02
6.126186971220617256e-02 3.686808397066552723e-01 1.996916053053273856e+02 6.622177524502918800e-02
6.135228093617118433e-02 3.392170437522877280e-01 1.872671691517216743e+02 6.654646702437978789e-02
6.781896403939675910e-02 3.754044508951470682e-01 1.868035198812735587e+02 6.280430458941725635e-02
6.603790848598277419e-02 3.119296506535234048e-01 2.129483641395860616e+02 5.985339000447027769e-02
6.261783123678753282e-02 3.252831405073858262e-01 2.021028478126637253e+02 6.202491225947031478e-02
6.642788492981031856e-02 3.206788606211632420e-01 2.019933024192031041e+02 6.111087373994735644e-02
6.292210014711616117e-02 3.401333027233933159e-01 1.903427649453825552e+02 5.389994589186106189e-02
6.386272870934067702e-02 3.644732672625892733e-01 2.038771126595626129e+02 5.653119871227411247e-02
5.906803766480448609e-02 3.482682847805624871e-01 1.856273680014357410e+02 6.792930856688791930e-02
5.219815606842150707e-02 3.766431821825554915e-01 1.822175989378841336e+02 6.146779062391447696e-02
5.467399132657445315e-02 4.124753289135104084e-01 1.693934692748279360e+02 6.723263045130173365e-02
5.847909363082259837e-02 3.471341120756155640e-01 1.877939849753952615e+02 5.660857931352041017e-02
4.948757501430799816e-02 3.550361867835662988e-01 1.899357700515229510e+02 6.546185554631293868e-02
5.411357511018358851e-02 3.530723211999204358e-01 1.983183901204448034e+02 5.863063080499165969e-02
5.568386990261896957e-02 3.668885556473569509e-01 1.823032436568822163e+02 5.565468353391980066e-02
5.427159259042269035e-02 3.261208019643197509e-01 1.924109119358035116e+02 5.580307126540852425e-02
5.747664284268469426e-02 3.795631468420466725e-01 1.778738073488179907e+02 5.359708756768883503e-02
5.987150064025192897e-02 3.683168101745196710e-01 1.854198769112568641e+02 5.632934480559754348e-02
5.730193647617415342e-02 3.663202918071011838e-01 1.711174707127523504e+02 5.960211523628308750e-02
5.270409258483534781e-02 3.760525128975070741e-01 1.812860504507902135e+02 6.594535545809106225e-02
6.040098308370586699e-02 3.687699536387493704e-01 1.751180573374568610e+02 6.390764564677241244e-02
6.119922273069598739e-02 3.341756459273041435e-01 1.763195440166608137e+02 6.209289712602417133e-02
5.464698268783389767e-02 3.499487910786387990e-01 1.803915350905405433e+02 5.730453164686978573e-02
5.734354181317236759e-02 3.483145770665681540e-01 1.773208876917057921e+02 6.131442423968245375e-02
5.497949156504127605e-02 3.603715665904997367e-01 1.840274283814797229e+02 6.186423858547773769e-02
5.435835339936782168e-02 3.574058402656182798e-01 1.688645982131883159e+02 6.409411396849726272e-02
5.689420858945967718e-02 3.679427181997771967e-01 1.749371806790439052e+02 6.065689056872326096e-02
5.796815190644455384e-02 3.733973687774855277e-01 1.578113183223348130e+02 5.713378975004659160e-02
5.886248356820661387e-02 3.649636409813505900e-01 1.897267190161074382e+02 6.279222908021529770e-02
5.912887431621009077e-02 4.002057492435801000e-01 1.862215043990452727e+02 5.636090267985244956e-02
5.856600497435569819e-02 3.724382490369702037e-01 1.879484332477967428e+02 5.990198730154740192e-02
6.010483696136567633e-02 3.434159195766179340e-01 1.792763472787585783e+02 6.038168561697453141e-02
5.436026246654616229e-02 3.811631738592848873e-01 1.710231254654314341e+02 6.533593008399928015e-02
5.313503655141454951e-02 3.566291436914038049e-01 1.852956966165622248e+02 6.324542527659823832e-02
5.916891578961206571e-02 3.490749828970342583e-01 1.821093625073940245e+02 6.277549248996666664e-02
5.434969870747784898e-02 3.899540125586998252e-01 1.781383615384166603e+02 6.255623064301217562e-02
5.694522941792105192e-02 3.635215872886345956e-01 1.821974119154245670e+02 5.743134057736918457e-02
6.207851411878587133e-02 3.504750258479171210e-01 1.832296410733677874e+02 5.788022163818895560e-02
5.926387021635825397e-02 3.987071244882422483e-01 1.919626149988327484e+02 6.355899937487582974e-02
5.642061105856069347e-02 3.840424241522481519e-01 1.715013065724472483e+02 6.758461889018796409e-02
5.805175591387716494e-02 3.523165370036126509e-01 1.771418072116612450e+02 6.518570771944831588e-02
5.354170611359791720e-02 3.622374696047877540e-01 1.857280078116266964e+02 5.824466867973899370e-02
5.728037654018195562e-02 3.522194427727967647e-01 1.656760742534593476e+02 6.209321082671814124e-02
5.546344878835365172e-02 3.682712327202576907e-01 1.872120582909562359e+02 5.816620911215737016e-02
5.249579499025675694e-02 3.679982924412452117e-01 2.060806294477766585e+02 6.511435866713656540e-02
5.744165742209809966e-02 3.501346599468427301e-01 1.621006973385128731e+02 6.149043154512627563e-02
6.003003760487056473e-02 3.563675336497161839e-01 2.036592397626435513e+02 5.878843538023463544e-02
5.604355122447932103e-02 3.397123740023064165e-01 1.902491013586052873e+02 5.954920145271036525e-02
5.677150012014991337e-02 3.309019681734882701e-01 1.749175631428193753e+02 5.908250245035052278e-02
5.124947757710887619e-02 3.626107937423558303e-01 1.658233016566062759e+02 5.811390396901912336e-02
6.042793015134764745e-02 3.901448317838981383e-01 1.700164908123913960e+02 6.946686477581531793e-02
6.186636308963516101e-02 3.631955751471250271e-01 1.834220754117563388e+02 6.929067626632900989e-02
5.898165738806791097e-02 3.858409887520202197e-01 1.708863875719347618e+02 6.306007218615165832e-02
5.961111531391157653e-02 3.827523299051119321e-01 1.853318627547161270e+02 6.613670388642380049e-02
5.470458394220365644e-02 3.655445809380628575e-01 1.716305834567008333e+02 6.057969212486546962e-02
5.414784711113719562e-02 3.336969991730313057e-01 1.968179238934466184e+02 6.053834318453347324e-02
5.897877522976337217e-02 3.518120430401259213e-01 1.865085127786247483e+02 6.176661379748595720e-02
5.478979413958512401e-02 3.713699504084890246e-01 1.791121361051172869e+02 6.057886876332933823e-02
5.096426704687841147e-02 3.911413945327638642e-01 1.750138421936016186e+02 6.169132502469611146e-02
6.120972372727075811e-02 4.067450609850237209e-01 1.875368998535692810e+02 6.151994385344290717e-02
5.973150019036176789e-02 3.571185563574187372e-01 1.934473042297280756e+02 6.978686764203748116e-02
5.647641770836952374e-02 3.464988115010670944e-01 1.729833087635279014e+02 6.317608729390621070e-02
5.608190627760561986e-02 3.685933183222729892e-01 1.853532362363352206e+02 6.074564663123756952e-02
5.984430620751836349e-02 3.952536049854931677e-01 1.889714720329299382e+02 5.819619037656834776e-02
6.139819337447362940e-02 3.657278135000806008e-01 1.664807667588005415e+02 6.196914904589980594e-02
5.974683553606446873e-02 3.521001282850999559e-01 1.697508496629112642e+02 6.287559743447176941e-02
5.960500428409275936e-02 3.884328774287648667e-01 1.898159529782197126e+02 6.641327625173980287e-02
5.222056931341571839e-02 3.181395740093780344e-01 1.623963171898149653e+02 7.781115440343742973e-02
4.958472850805461379e-02 3.153249729884716746e-01 1.690678797719806141e+02 7.946514165792556428e-02
6.342410219265257054e-02 2.794778310797535470e-01 1.615135886436824535e+02 8.035165570608492069e-02
5.518050954301581545e-02 3.025916359245616194e-01 1.528430700918897855e+02 7.011499985526620238e-02
5.906796789373890133e-02 2.975759938749341083e-01 1.547705714435677748e+02 7.339839632852851459e-02
5.513904214512571622e-02 3.175095147603262946e-01 1.535979126753265120e+02 8.075582987793598899e-02
5.093314985509744125e-02 2.892087185405046168e-01 1.677264244361997783e+02 7.761839788505199567e-02
5.616532220917501428e-02 3.131797932895077352e-01 1.668399835003486373e+02 7.808629890890222969e-02
5.370955345222003241e-02 3.109126813999127381e-01 1.506964988852650151e+02 6.637332274252094599e-02
5.183131923521126089e-02 2.970169925302981739e-01 1.419260014958563545e+02 7.095743806985529978e-02
4.991925388439728828e-02 2.954505735620558959e-01 1.605755837007723130e+02 7.935578551861743879e-02
5.350753891062669937e-02 2.681717530304638109e-01 1.538799230466427730e+02 6.503020363992821629e-02
4.992425335413120530e-02 2.644885714780736974e-01 1.608292874370408185e+02 7.507486330602526625e-02
5.515729882878202955e-02 2.825530639993183990e-01 1.564068790892990251e+02 6.928334482565022545e-02
5.805259050528115833e-02 2.720144495822341968e-01 1.515474719384003208e+02 7.124894198706471782e-02
5.618411068947282150e-02 3.052366151695881658e-01 1.503419765887847177e+02 7.502084747213225158e-02
5.336154195207182954e-02 2.899744173185218599e-01 1.591996062311430649e+02 7.280884127177426890e-02
5.985602095581785825e-02 2.913843174985458750e-01 1.512964859314176067e+02 6.984741458059499919e-02
5.295363598861777682e-02 2.877615890972761714e-01 1.544694059321817008e+02 7.727653237751799797e-02
5.813655471195795787e-02 2.876553373614736953e-01 1.475182633841965583e+02 8.240284380771641104e-02
5.844032054432699713e-02 3.072430659254887786e-01 1.546053724522573987e+02 8.688961731661465349e-02
5.573357980175939336e-02 2.864475012412938670e-01 1.400406874739729233e+02 8.348020825506466402e-02
5.504523798044165528e-02 3.045487329370585861e-01 1.468984403453223138e+02 7.951708377771987690e-02
4.786925685645176259e-02 2.627392867526663900e-01 1.491333430217062812e+02 7.275342625196697111e-02
5.274394891350306369e-02 2.943463056834743075e-01 1.478314824504226408e+02 7.502374527216880418e-02
5.050758246460960305e-02 3.058973090262965266e-01 1.622070723923603737e+02 8.030972267286667909e-02
5.178462590978986230e-02 3.267545723316917505e-01 1.405247243573699052e+02 7.912678527109287541e-02
4.914292990695379865e-02 2.993469549965006582e-01 1.400522303822621382e+02 7.996200487457968964e-02
5.000909662144573803e-02 2.925770090884224350e-01 1.394196651272648637e+02 7.452917939413655768e-02
5.196806331889645969e-02 2.930669512799663479e-01 1.411637327495542991e+02 8.120750931108246251e-02
4.727488869337646143e-02 2.666545762459738289e-01 1.410006147969785388e+02 7.566030860270285541e-02
5.452133612077823127e-02 2.883583541840138986e-01 1.382181596265263863e+02 8.254578709707308115e-02
5.106805619512325145e-02 2.874283752560550242e-01 1.475276335869120032e+02 7.485159063581499350e-02
5.228449188902052625e-02 2.790286783603754261e-01 1.535776829529259260e+02 7.435791823311636850e-02
5.102639195966032076e-02 3.125481521160506371e-01 1.368529259338538395e+02 7.792499390506578416e-02
4.739996901553367170e-02 2.857750923838330293e-01 1.332063921353974365e+02 8.618942557166864304e-02
5.027197544038548155e-02 2.862637924161793856e-01 1.476360014211718692e+02 7.763912500390636462e-02
5.248941393467121408e-02 3.148883900833576166e-01 1.418697906736508685e+02 7.341966554986946447e-02
5.340090160796872459e-02 2.948538373478762353e-01 1.396423700377194166e+02 7.221287273958548747e-02
4.890809274091580117e-02 2.759488745825835476e-01 1.334962619130436963e+02 7.852680758363420055e-02
4.849178238299654137e-02 3.024161121482779047e-01 1.398283964544079367e+02 7.462954916060240973e-02
5.796535809089573693e-02 3.174530738167641308e-01 1.433490863998857208e+02 8.097807604238980994e-02
4.710939471651287569e-02 2.804321077614342905e-01 1.535086943206387389e+02 7.359197809818644742e-02
4.686021157755036054e-02 2.985492496748275437e-01 1.476318927972656354e+02 8.712966181019750345e-02
4.707713265466648145e-02 3.035055845927520091e-01 1.497741041771998880e+02 7.104621767773028340e-02
4.848844237937211671e-02 2.912541138347863323e-01 1.598375254961509597e+02 8.575486613731125862e-02
4.694679519591266059e-02 2.997449669732136224e-01 1.363541859114722001e+02 8.232725158810466626e-02
4.569878117986023863e-02 3.155748238870739186e-01 1.622088593624374369e+02 7.790472909294618442e-02
4.938171595775824041e-02 3.302280552685264436e-01 1.550882969051256168e+02 7.587435466482532476e-02
4.612075307631951365e-02 3.115240750498162181e-01 1.452760721393096901e+02 7.794257263513718059e-02
4.861784648427330130e-02 3.138197448851837712e-01 1.507627729991419017e+02 7.894563243938713948e-02
4.551620452471404760e-02 2.905754038680113949e-01 1.564103064005860517e+02 7.955411473664922295e-02
4.456836930506673233e-02 3.272881662797100799e-01 1.578542570853151403e+02 7.690407675597975279e-02
4.614331601271253608e-02 2.624010185256654415e-01 1.433612428433321213e+02 7.224688654894663442e-02
5.226627496242451654e-02 2.932978972137111340e-01 1.464726075652367001e+02 7.651747865897540191e-02
4.526908508870967907e-02 2.737770688621969373e-01 1.384094589984240145e+02 8.668477856828926686e-02
4.803115793580760295e-02 2.831417717899270547e-01 1.481785372634489590e+02 7.233470228697420901e-02
4.645522136858712403e-02 3.052673983143174841e-01 1.411126550325307107e+02 7.391759945139232679e-02
5.628013764979417077e-02 3.035452960604243522e-01 1.582179524515132414e+02 7.776473164098264557e-02
5.052260239315492507e-02 2.901630510998247092e-01 1.468113869952759956e+02 6.953110331171040437e-02
5.274007070963235289e-02 3.124215136205258925e-01 1.384433439173695604e+02 7.527766048741497962e-02
4.992394977157008779e-02 2.731178285093414093e-01 1.504429764911274674e+02 7.142647819336055137e-02
5.055858714985121682e-02 2.807493311439432926e-01 1.400695957149460469e+02 7.802721228233595874e-02
5.400694051098109405e-02 2.776198135821067448e-01 1.442481404524633604e+02 7.779631433883134328e-02
5.196080955216928615e-02 2.958205822467718793e-01 1.378347284159500532e+02 6.982582555881122754e-02
4.373250798070638795e-02 2.969702153200933226e-01 1.506602962428758872e+02 7.186194749074338584e-02
4.731158630286173145e-02 2.767181034779460647e-01 1.496349203741922338e+02 7.122746280381762884e-02
4.503427178775559758e-02 2.935937056643109777e-01 1.465584087092099139e+02 7.380542768427271472e-02
5.110004557258710639e-02 2.828557325274859702e-01 1.386721014346854588e+02 7.524860661741164525e-02
4.949579698286896146e-02 2.756223638843169899e-01 1.624803489282319617e+02 6.747367803337293857e-02
4.731374244220358516e-02 3.002394375965724005e-01 1.417852250150936868e+02 7.535293577646851038e-02
5.306909097958618232e-02 2.676227295647443105e-01 1.369936166765326107e+02 7.573061594563343379e-02
5.130723704659951451e-02 2.690021016853093028e-01 1.349519607110174206e+02 7.488204671376889887e-02
4.976275599564369823e-02 3.138367246673960942e-01 1.528653827969392296e+02 7.364667308094319242e-02
4.591001082327691996e-02 2.729237075807838253e-01 1.500633101998255086e+02 7.491847709643303932e-02
4.781623148278679736e-02 2.785718397129290924e-01 1.507120404026697997e+02 6.892804409294547852e-02
5.094341650775967290e-02 3.094815440229741754e-01 1.433312602306878603e+02 7.091891357275631469e-02
5.266193830749336946e-02 3.094642913220301828e-01 1.555823300072403299e+02 7.192767420302594028e-02
5.134281207745793746e-02 3.076668602653188644e-01 1.455999577858160876e+02 7.299300631614134838e-02
5.108838995988269904e-02 2.801065552435093586e-01 1.452443312557472268e+02 7.986892990715327434e-02
4.749376963835703902e-02 2.719772950659440358e-01 1.420631814791408090e+02 6.707604347097498310e-02
4.814995690004267304e-02 3.065838997405059274e-01 1.560806999095660501e+02 7.610037469190518433e-02
5.153386606579715007e-02 2.888011226516925545e-01 1.485796116222583407e+02 6.945769039687259283e-02
5.334786834977454928e-02 2.834340327018500250e-01 1.516961561278298802e+02 7.239273512726286663e-02
4.860367825562534466e-02 2.981287145409298733e-01 1.470882503465402351e+02 6.991151685107242775e-02
4.535869991545794094e-02 2.939151406804497713e-01 1.453705224650816206e+02 7.651445918075035213e-02
4.902768819205306772e-02 2.860493822121412122e-01 1.425755995118476562e+02 6.890216567109064272e-02
4.611483785021897736e-02 2.952735873760998775e-01 1.418109474449628635e+02 7.197684786173115523e-02
4.413526480415507630e-02 2.892703444508551991e-01 1.556760266631285958e+02 7.703047036185807495e-02
5.039008134852385884e-02 2.954849199915112190e-01 1.456804598024966140e+02 6.422944309382572214e-02
5.023375922158206108e-02 2.844907790718679275e-01 1.494931622298074956e+02 7.614661789528325009e-02
4.836630364573934332e-02 2.731046680531930559e-01 1.473459727282807421e+02 8.167745588311584037e-02
4.649359448489907148e-02 2.892029365439083288e-01 1.460265145945603535e+02 7.329901717201488254e-02
4.975315452046859960e-02 2.730567458349595911e-01 1.374344814656700748e+02 7.361644780334010429e-02
5.041321885193241620e-02 2.659349364188333120e-01 1.612845997444399586e+02 7.945393890872469445e-02
4.923569160003254258e-02 3.191412463516852815e-01 1.405689805298292185e+02 7.258125016134359120e-02
5.268479252162067833e-02 3.244284941023991564e-01 1.583833192104491161e+02 7.544827401932129030e-02
5.077537401767040492e-02 2.941164187522089524e-01 1.517611743485362581e+02 7.285162973004499776e-02
4.877110350570285080e-02 3.140828785018171532e-01 1.517180274326832432e+02 7.014860626146320055e-02
5.104684412370523450e-02 2.646192505928648409e-01 1.622894284329663321e+02 7.662181355312598641e-02
5.087732753939645802e-02 2.849076444144498788e-01 1.494674151106431168e+02 6.884332772079142237e-02
5.005373901689096766e-02 2.849415610065355597e-01 1.461652682477355540e+02 7.641574654895778862e-02
4.820614753342698788e-02 3.163083316411419155e-01 1.499070816929643115e+02 7.439378547448179113e-02
4.928564210672334300e-02 2.948850711923278745e-01 1.507275561567043098e+02 7.182554953388819996e-02
4.701155529961915241e-02 2.942509396341314587e-01 1.436415457242468108e+02 6.943380591901431031e-02
4.847387559042690836e-02 2.941088286097217619e-01 1.593395016729908775e+02 7.269775597461904104e-02
5.080275954234269448e-02 2.947013347634196423e-01 1.483433740821099320e+02 6.420076401306702707e-02
5.344340900318541449e-02 3.037258164410394090e-01 1.587437795600669688e+02 7.328122731005121127e-02
4.919766044115886361e-02 2.870591735228314456e-01 1.459773070475568773e+02 7.395236670069076090e-02
5.089641939138035698e-02 2.843335970542786861e-01 1.575146700967664231e+02 7.540801387266567180e-02
5.245810927607085644e-02 2.828276843451384970e-01 1.503199718336542503e+02 6.319873497614289515e-02
