1.000000000000000000e+00 1.000000000000000000e+00 1.000000000000000000e+00 1.000000000000000000e+00
5.053827385868225885e-02 5.724757738834411747e-01 1.507857298710900125e+02 4.519361081173773331e-01
5.283689511000935757e-02 5.484892226679706217e-01 1.673608554600721163e+02 4.578189191352659559e-01
4.951302556531248650e-02 5.811333614013015625e-01 1.699608047136876507e+02 4.597523459583329752e-01
5.808443244563503416e-02 6.253116939619708381e-01 1.539824117159735977e+02 4.454080626761178774e-01
3.795206437332193650e-02 6.867855709906464101e-01 1.373480487847657798e+02 3.841048223704763842e-01
3.866287077834709707e-02 6.541530652219949005e-01 9.236853540284722897e+01 3.612469317330412322e-01
3.348776951843708549e-02 6.548858799253940433e-01 8.052049678228050311e+01 3.504665455291706144e-01
3.176642624351024013e-02 6.559811052424044941e-01 7.824196164278059484e+01 3.340112720354375675e-01
3.007351855355288803e-02 6.933148557760716590e-01 7.224439272021636782e+01 3.122980306497485925e-01
2.925990300684505260e-02 6.706131758340380111e-01 6.855291789618142673e+01 3.386544144295048353e-01
3.392180898733040961e-02 6.793192845925998258e-01 6.803177620017267202e+01 3.131449862447359123e-01
3.285773858583605073e-02 6.406944909066212279e-01 6.880758169048415596e+01 3.282240125611556869e-01
3.132714775639927618e-02 6.582688901496255296e-01 7.084680166382223376e+01 3.160355370956292043e-01
3.174986297968244303e-02 6.587066728841807217e-01 7.156007417363859702e+01 2.788549095988750448e-01
2.725552677709622285e-02 6.829840773240550833e-01 6.812408155533125864e+01 3.411700395456493395e-01
2.878175195696041841e-02 6.899901362332915289e-01 7.702482414575942471e+01 3.076459238353872472e-01
2.851044397084209064e-02 7.388015176003609463e-01 7.111470237756128654e+01 2.929467899448004453e-01
3.087924322809366615e-02 7.108254949096686204e-01 6.864237669776413497e+01 3.190320294326627892e-01
2.922611143868138889e-02 6.552691207964489450e-01 6.594795720286056451e+01 3.045410517643848958e-01
2.837972105387577895e-02 6.589642771741167637e-01 6.872558466223919993e+01 3.021195311774039771e-01
3.107756023474273280e-02 6.672638709756928410e-01 7.560001285585858000e+01 2.896862971646725349e-01
2.823552843779440769e-02 7.068243132649334459e-01 7.370812812992862462e+01 3.203561102893011658e-01
2.846834792841553691e-02 6.451996290556155644e-01 7.347658822239561971e+01 3.016134561862314767e-01
2.657453054359750974e-02 6.736686240148523908e-01 6.894691791475177922e+01 3.119851925791932157e-01
2.742596186966657010e-02 7.185840107303113067e-01 6.523884335104689569e+01 2.914866071218510379e-01
2.812034887853410992e-02 7.713655751377492820e-01 7.137915914107907156e+01 3.187295790433776754e-01
2.659689799950193390e-02 5.937634282474024694e-01 7.208244149307013515e+01 3.095594467263045324e-01
2.997385596767588450e-02 6.794799090079993720e-01 5.172127262413216187e+01 2.681853935808404810e-01
2.904468187177291702e-02 6.429680010457548001e-01 5.082038236757801997e+01 3.058163292266272149e-01
3.217865653913126733e-02 5.970941711059859491e-01 4.726973411370464362e+01 2.968273258754107191e-01
3.198239715474779366e-02 6.426269421859790443e-01 4.813307079492837914e+01 2.776731263428294794e-01
3.217292382498676551e-02 6.160041888935328114e-01 3.972404795623471330e+01 2.771470807117111246e-01
3.076714411863479964e-02 5.327282599871685509e-01 4.625079805495899876e+01 2.927639568589129881e-01
3.062955585333413874e-02 5.018733876277315931e-01 3.771269826695939997e+01 2.713886441539792305e-01
2.746005406774227817e-02 5.679991308791347837e-01 4.654051167265662059e+01 2.720185125510652391e-01
3.292871608395693539e-02 5.670392283336909145e-01 3.680297181707059195e+01 2.726015790309431752e-01
3.261299568501413448e-02 5.588033731726136377e-01 3.859843340740089701e+01 2.720379548438507933e-01
2.692126686133648403e-02 6.007962986000158212e-01 3.713447987360710556e+01 2.567949677722491386e-01
2.932918012345024639e-02 5.634854764361132418e-01 3.686883016825004233e+01 2.722226109268015559e-01
3.500987953700816779e-02 4.748575991150555398e-01 3.469955868415593869e+01 2.806021482913352294e-01
3.334966895666898606e-02 4.915520887820045148e-01 3.497290238564330167e+01 3.146000823409790814e-01
3.115842801246032981e-02 4.655959400077559485e-01 3.104393699317631672e+01 3.170767514879992421e-01
3.199418913513692869e-02 4.736755658661123136e-01 3.372797497103876196e+01 3.106664346699977153e-01
3.067183904369101197e-02 4.865450943186291344e-01 3.314914949606721706e+01 3.341264865235015202e-01
2.991861915576028361e-02 4.608629915222217099e-01 3.435447761514954834e+01 3.064867396617461104e-01
2.971349460901825251e-02 4.576521661472381930e-01 3.093191099040592107e+01 3.010268398729177286e-01
2.705356847112502794e-02 4.744884855704664117e-01 3.227644651246865948e+01 3.297831824317146165e-01
2.906387124577196335e-02 4.461858221991685802e-01 3.202698969638525739e+01 3.281824692825457968e-01
2.866628385000052556e-02 4.487714547175510882e-01 3.434596045942704734e+01 3.240488874974153943e-01
2.931565952831333838e-02 4.752101053858057145e-01 3.337118262397277846e+01 3.343427846169945705e-01
2.975954010838973915e-02 4.622500492582811704e-01 3.333585241539448418e+01 2.982473253822293113e-01
3.139804146524243639e-02 4.962850682998153351e-01 3.183124968348033335e+01 3.190147570429133772e-01
2.754547622158328921e-02 4.677911064330916857e-01 3.328941734944893938e+01 3.266905220991581094e-01
2.795574808562975230e-02 3.955419334693657807e-01 3.338203496398208614e+01 3.230453520266455270e-01
2.861478968005649881e-02 5.006209603706183175e-01 3.345695915979899127e+01 2.790404265283592533e-01
2.923088000478709508e-02 4.879930989791721463e-01 3.213727356730672113e+01 3.114222064829691439e-01
2.890788152941379391e-02 4.715461978044864777e-01 3.341878533717689237e+01 3.181928232044253790e-01
3.196830949418301426e-02 4.994278518315500293e-01 3.133246044017599274e+01 3.024705969202336475e-01
2.977614032648893266e-02 4.610357078139671327e-01 3.273139970755421757e+01 3.258341896050871433e-01
2.915850568766872528e-02 4.775250069595358693e-01 2.778515114540336839e+01 3.257503437621804276e-01
2.909831312693283989e-02 4.550707263703628325e-01 2.724896630295258859e+01 3.224267771730907617e-01
2.779045555881491658e-02 4.544833245520584764e-01 2.749281716685421273e+01 3.164246222299221811e-01
2.816828763847146339e-02 4.587315798983916948e-01 2.978731358120796102e+01 3.011721000184657826e-01
2.847684145217036986e-02 4.460809150928833899e-01 2.544891661371791258e+01 3.347514103433542054e-01
2.621867723845682993e-02 4.674279395799435521e-01 3.046025092532171996e+01 3.187879480647231034e-01
2.863992470503963841e-02 5.346006307425859028e-01 2.560629916758773206e+01 3.088258544565750108e-01
2.775666704077979496e-02 4.803723527167492735e-01 2.544730032226908278e+01 3.242290584480381765e-01
2.719044451649593394e-02 5.421052780528271553e-01 2.735769643194636558e+01 2.630788249952052404e-01
2.738659697513138452e-02 5.703259826039489555e-01 2.666372542876564822e+01 2.895447019101115571e-01
2.603265879467024993e-02 5.138920982366802503e-01 2.632544376679145870e+01 3.014776353489793670e-01
2.897505648143715307e-02 5.478720901208692373e-01 2.376260849952883802e+01 3.235417562442204908e-01
3.312560046789105039e-02 4.769854882137227747e-01 2.323168405566290673e+01 2.996740015927695788e-01
3.308086783944986370e-02 4.805205768408133959e-01 2.082500545910843570e+01 2.592891654654737033e-01
3.550663628801278837e-02 4.527558625130602143e-01 1.297288926930069053e+01 3.099053205431590019e-01
3.334386248247947493e-02 4.904200928652232006e-01 1.169776711909558742e+01 2.338557942153076386e-01
3.305871039500997421e-02 5.111540787094475125e-01 1.206207823354507802e+01 2.657582719186838971e-01
3.136761030084522089e-02 5.101733395718529573e-01 1.120712111543653400e+01 2.737309937518155323e-01
3.797092154621348192e-02 5.143793245491384836e-01 8.357283185557632166e+00 2.459421352740887579e-01
3.464279668817764335e-02 5.471258586951385228e-01 7.019722599647392869e+00 2.887164723655553655e-01
3.573978622979297887e-02 5.864838767959806853e-01 7.700231640742108752e+00 2.974674125102184652e-01
3.578078966547729167e-02 6.077441519910767864e-01 6.933428357990135460e+00 2.956786734681999262e-01
2.893613782655402381e-02 6.427667830394772075e-01 5.577919590993952959e+00 3.179067902032153836e-01
3.035257272749464566e-02 6.737257909614925433e-01 6.183525172058779162e+00 3.079230610238045673e-01
3.225664815227541338e-02 6.938548101694024250e-01 5.990848189567493876e+00 3.221901562953740639e-01
2.700112656277156575e-02 6.561812355881858627e-01 5.261387256801157264e+00 3.051196384134639561e-01
3.122687822898546212e-02 6.767984452146384999e-01 5.851051895232464162e+00 2.766620432437068566e-01
3.002648260280525727e-02 6.187299098483974857e-01 5.661944727710890746e+00 2.823807992375285680e-01
3.021530832364221347e-02 6.221297778203872531e-01 4.517257119489691775e+00 3.025106017440596928e-01
3.056076714385976695e-02 6.831640493651073287e-01 4.466305019848593183e+00 3.018668090774261348e-01
3.077053904399332587e-02 6.792441122155109534e-01 4.649752497989887878e+00 3.178272288223338848e-01
2.965960551076111604e-02 6.454109439810834514e-01 4.962018540554153923e+00 2.998301358628800983e-01
2.849241380033797760e-02 7.033735019940142719e-01 3.909986691634113942e+00 2.782958659966635606e-01
2.876738502485528051e-02 6.266254575846548214e-01 4.035649537971295331e+00 2.968605098415623700e-01
2.750411101376129888e-02 6.983035220200692894e-01 3.616901868699773370e+00 3.061168682796853724e-01
2.969509170467371506e-02 6.972955585289969394e-01 4.003777776380202269e+00 3.097429172251574547e-01
2.955995883162652535e-02 6.737350297542356037e-01 3.773766086292739352e+00 2.987121290152521813e-01
2.960441118021742840e-02 6.790654218956145849e-01 4.132564146021183937e+00 2.911726777780882514e-01
2.842833764206256428e-02 6.074820904874567162e-01 4.092683394344462045e+00 3.322313609845409244e-01
3.171634855095745165e-02 6.763303936862329335e-01 3.629933143293250453e+00 2.987176489072042584e-01
2.973640163634324110e-02 6.401281905781581738e-01 4.119591461478860239e+00 3.050593995862289631e-01
2.787275818389652743e-02 6.504786518714116283e-01 3.370346616016819841e+00 2.991327501491259921e-01
2.958824131494831866e-02 7.021543685773334875e-01 3.641024037945168601e+00 2.957421047179487061e-01
2.680044066606470168e-02 7.176156979922986290e-01 3.016651022649806002e+00 2.904696960259818828e-01
2.475246999989588748e-02 7.103633782891742854e-01 2.985969242743272023e+00 3.178521396269421984e-01
2.563692840300145492e-02 6.765738592741620261e-01 3.158591263164491014e+00 2.937158773687824076e-01
2.669547480362360198e-02 7.058538305599764140e-01 2.984517711355421099e+00 3.086803441148076588e-01
2.556933986265317107e-02 7.188957704126769377e-01 3.038766079664729336e+00 3.063341350850473654e-01
2.614948925347762229e-02 6.485779711987725848e-01 2.062699158940545452e+00 2.783983104393679686e-01
2.521599877714402957e-02 6.573352424753379220e-01 1.888999460460087931e+00 3.156684257660613557e-01
2.767477814607687686e-02 6.443140615475684285e-01 1.681163579385845930e+00 3.216549597989824538e-01
2.707459194671539907e-02 7.329915718890651632e-01 1.549727910395441333e+00 2.867534401967695712e-01
3.075772102673449485e-02 6.868848772610531839e-01 1.534158131783565082e+00 2.984604315474091440e-01
2.514404218411960684e-02 7.728061349816244263e-01 1.582174697819340725e+00 3.084560800033946948e-01
2.503740626528318941e-02 6.708915079614974353e-01 1.473190860403644331e+00 3.183667641283022265e-01
2.609007967253641411e-02 6.957766966175471524e-01 1.484648161809674516e+00 3.152306949618150500e-01
2.632112208357408750e-02 7.822007683393661370e-01 1.280334695063420014e+00 2.949021149086180071e-01
2.424040827247335092e-02 6.929278424243343615e-01 1.046840983904842703e+00 2.968049789762538526e-01
2.790809857314006937e-02 7.296667910363546783e-01 4.477990780907242785e-01 2.699158552871074868e-01
3.175152644736158741e-02 7.158617683533464726e-01 1.812632434932748005e-01 2.804928710193451691e-01
3.105206194420537941e-02 7.089255881785960778e-01 1.700588669733138769e-01 2.876452116774090295e-01
2.895929166652322362e-02 7.440854806628502960e-01 1.857878529430758985e-01 2.417668263071117152e-01
2.805792079354972254e-02 7.644987953273193471e-01 1.612541934790730769e-01 2.672451743101088018e-01
2.745632993813697589e-02 7.186827100023823744e-01 1.552669693188191424e-01 2.897372716196090492e-01
2.580707236167358379e-02 7.719952459945141898e-01 1.644974610153847883e-01 2.971706191810153941e-01
2.642560764606106255e-02 7.048179934542676550e-01 1.539995467914270777e-01 2.717521400589109626e-01
2.968228243514026837e-02 8.525079962779530396e-01 1.649351456094229618e-01 2.771656772146196546e-01
2.754147654686857696e-02 7.096371075916800830e-01 1.545919525698870034e-01 2.860955457765727017e-01
2.540894356232007226e-02 7.728058425625797812e-01 1.601461620059877189e-01 2.942851891573896594e-01
2.652109930537549856e-02 7.460199510217390140e-01 1.493067002639791863e-01 2.521365354543396164e-01
2.645552931556784115e-02 7.621071224407642841e-01 1.649640612022832409e-01 2.713275733468994977e-01
2.602758230894215707e-02 7.533100622884382203e-01 1.614999057723010278e-01 2.674663725133757386e-01
2.474016830860949548e-02 7.237899261248281757e-01 1.557098704021132318e-01 2.728263794835585898e-01
2.786231016392981194e-02 7.248928311089473109e-01 1.534393972833914266e-01 2.804979091179087280e-01
2.833854912731453152e-02 7.606946075851228617e-01 1.518233870278079822e-01 2.590567222394931646e-01
2.910854055876987284e-02 7.866643931489964991e-01 1.680770284433610595e-01 2.743623349779298337e-01
2.807826514648591176e-02 7.308341835616911641e-01 1.488006065893715257e-01 2.976179281425185841e-01
2.657403750452805302e-02 7.482630497556685967e-01 1.642687401790405288e-01 2.864810468603489202e-01
2.519126676645303334e-02 7.798015237458482130e-01 1.795371948640475945e-01 2.737757198831990424e-01
2.806065896916341493e-02 7.443518262615517189e-01 1.562396952029942720e-01 2.680534301930503349e-01
2.525545131552899350e-02 7.766160107533587320e-01 1.483417651173706275e-01 2.535095228316877058e-01
2.756374230502015368e-02 7.834953916875608826e-01 1.476065994913428325e-01 2.613823937497041783e-01
2.796400432497888472e-02 7.126045564737168991e-01 1.488663223547816994e-01 2.533444651440895368e-01
2.655660493495514904e-02 7.477780233742203908e-01 1.463911428639319556e-01 2.587962281030971590e-01
2.861958682470674281e-02 7.319203441806979571e-01 1.587389011752626256e-01 2.652843306217991803e-01
2.477362669276354790e-02 7.336365332785045323e-01 1.435656124157184965e-01 2.740893441579332346e-01
2.727630094360550955e-02 7.546245037853819282e-01 1.782699990685397418e-01 2.598927153775259513e-01
2.405597928350008963e-02 7.219202775480204615e-01 1.719037362981576944e-01 2.609965202530978856e-01
2.752022377410882903e-02 7.228853548453043620e-01 1.646187399396848716e-01 2.742012713204498575e-01
2.535153160801704650e-02 7.580930271210067906e-01 1.583207338433301470e-01 2.708994754376998770e-01
2.699926347930656570e-02 8.366588036655118188e-01 1.536196409610427194e-01 2.628531524804123554e-01
2.491459037799387613e-02 7.479254909980525001e-01 1.737943061417881463e-01 2.778218089301074945e-01
2.789968895407407556e-02 7.880917634199721133e-01 1.546076577994229262e-01 2.436835285492086056e-01
2.522186924497557894e-02 7.796726927739315860e-01 1.610453027293716199e-01 2.725049205256395712e-01
2.674083203311246326e-02 6.987610405650840351e-01 1.582055657101678059e-01 2.693263300342261801e-01
2.667082509738512644e-02 7.080829807519789520e-01 1.493718811474271380e-01 2.814315130633183726e-01
2.518603848607647161e-02 7.113995982131521290e-01 1.600422603227994178e-01 2.623335555604434099e-01
2.704868773432329496e-02 8.576272073803673512e-01 1.696862725133408412e-01 2.685566450392399829e-01
2.689836098603747006e-02 7.469065002049823931e-01 1.584807021621840450e-01 2.866772602273029436e-01
3.163805786347774485e-02 7.716354192758818620e-01 1.124073405026067840e-01 2.787732151241300582e-01
2.989388777702159730e-02 6.673403654482588099e-01 1.177439627884381973e-01 2.635293455129277818e-01
2.925412602210474000e-02 7.295678140508352616e-01 1.260143139321016348e-01 2.739050939214138780e-01
3.105672043669800708e-02 6.941013565591761525e-01 1.222989741260570029e-01 2.504515205195888550e-01
2.955684122421028265e-02 7.259020278937355908e-01 1.233444161692780067e-01 2.447370277035508801e-01
2.905500160922543096e-02 7.048586749172218724e-01 1.212724539040370142e-01 2.610902330239290303e-01
3.152820491245341555e-02 6.651678146537166603e-01 1.235980832289582804e-01 2.752751132536097045e-01
3.119837839159829082e-02 6.247291506050448584e-01 1.048400057145531528e-01 2.475991129867084750e-01
2.956448071122466659e-02 6.881143339971791395e-01 1.105253856345187191e-01 2.604881076143381602e-01
2.996742437798893127e-02 7.053874764106720097e-01 1.304762677086245826e-01 2.531737173591842027e-01
2.908946396732572243e-02 6.193595739962052260e-01 1.249786032768605698e-01 2.542899825096667787e-01
2.972685283061669154e-02 6.488898522064185936e-01 1.266041288261726405e-01 2.561343395949949309e-01
2.867056564786747350e-02 7.357271113606659307e-01 1.282569090961184488e-01 2.573425427335079285e-01
3.110559277728432506e-02 7.026380414865432966e-01 1.098617924703067655e-01 2.817496465529945038e-01
3.257323770710154887e-02 6.683457415712099614e-01 1.175553297331078384e-01 2.921191499209790376e-01
2.901457388821966632e-02 7.342708667705081238e-01 1.328607128856099662e-01 2.770971976466633513e-01
2.958201865473350858e-02 7.063529935031864770e-01 1.144914406856275269e-01 2.566380282742269370e-01
3.088902133803785033e-02 6.737499015428011218e-01 1.175095649733283454e-01 2.532570856246753599e-01
2.870852352107181385e-02 7.265427305828956461e-01 1.208158506579617986e-01 2.593610450286032987e-01
2.731804895520927035e-02 6.368852695652911233e-01 1.240558975963309551e-01 2.669840379599092151e-01
3.262381583434182525e-02 7.069608463309788871e-01 1.386931185475608896e-01 2.542375598654877389e-01
2.950850058704641149e-02 6.701024296909061650e-01 1.177789905250451880e-01 2.695469251766107188e-01
2.863096716960871618e-02 6.329733651907683001e-01 1.165448364307398177e-01 2.751273400060048613e-01
2.826237323275141225e-02 6.422109891650590319e-01 1.146719325544571511e-01 2.860841806256481101e-01
2.793765406973534177e-02 6.574588302812702789e-01 1.202155436890636336e-01 2.759346626775898148e-01
3.142115510802669098e-02 6.830811237338222375e-01 1.106994500821442962e-01 2.873750320751423115e-01
2.763241249871459249e-02 6.372849818448769188e-01 1.075482316876695404e-01 2.953694702257516069e-01
3.064313296877841167e-02 7.177370866462118304e-01 1.087246292395165626e-01 2.652574799805584305e-01
2.855413760254447986e-02 6.346421749829562753e-01 1.056614624393845542e-01 2.715132867832176777e-01
2.849178768447947069e-02 6.707288564539493070e-01 1.174912091946560266e-01 2.810993099132234052e-01
2.837384130266846702e-02 6.890543849736370241e-01 1.164406732872161343e-01 2.603212810260805976e-01
2.864752636470490471e-02 6.632880113612102946e-01 1.185923301522697620e-01 2.825073680422144906e-01
2.959110624482172436e-02 6.182166756212461589e-01 1.221813049585906558e-01 2.709025837977042106e-01
2.849672128522794112e-02 6.521733696154949911e-01 1.118819885925350505e-01 2.575727985453863389e-01
2.690989207630829425e-02 7.010765252031909700e-01 1.050953751068188224e-01 2.749697947781796770e-01
3.302645515853214198e-02 6.888266080505652811e-01 1.142778466674036070e-01 2.801096076497240905e-01
3.156581456286516874e-02 6.427786087473840171e-01 1.166287259227788559e-01 3.087514005446669874e-01
2.903603122458284225e-02 6.402733469623065332e-01 1.216461502906106135e-01 2.855625651141076582e-01
2.670893894406901198e-02 6.835453048360101702e-01 1.198520770513372274e-01 2.607782474251834626e-01
2.758519662437708755e-02 7.058073984011304924e-01 1.074414342085503460e-01 2.790115550212308171e-01
2.910613647997219861e-02 6.433423071417813111e-01 1.192573377965739229e-01 2.539505784566806201e-01
2.746192412938515404e-02 6.786725437280041184e-01 1.302560814069895212e-01 2.600599411513226933e-01
3.012094269159660068e-02 6.899707654564406489e-01 1.137752909927636641e-01 2.465134039890470030e-01
3.196348319603677796e-02 6.509915732399594868e-01 1.210722826756266690e-01 2.498515053486447257e-01
2.738453867447575990e-02 6.922852083818384905e-01 1.350989457345853906e-01 2.535226966065777798e-01
2.827667881979865558e-02 6.532629359782154976e-01 1.084620017316995644e-01 2.371678693028504425e-01
3.266255348121550883e-02 7.126535447426313175e-01 1.221738285221418141e-01 2.682934597947024269e-01
2.884858385552639681e-02 6.706492272020377898e-01 1.147237875987042049e-01 2.624913624364610953e-01
2.908598566818584863e-02 6.375266759005303596e-01 1.232607186905649022e-01 2.711177726249850983e-01
2.909555243825936305e-02 6.815396442962557977e-01 1.122564002109446707e-01 2.534497080088395360e-01
2.696297934715295719e-02 6.930055133344928953e-01 1.346086256416828830e-01 2.452546499181961215e-01
3.113307314018361541e-02 5.960486971402880751e-01 1.103524463088259300e-01 2.808558137818075173e-01
2.594777739729407437e-02 6.717256695762774399e-01 1.190665265228272873e-01 2.720497913675828938e-01
2.868200486479275182e-02 6.837737218469455147e-01 1.211509833474767317e-01 2.709757834412669375e-01
2.962105598728882738e-02 6.935912147019966945e-01 1.153697176426497634e-01 2.795993928770306169e-01
3.003789643752518418e-02 6.513508995362766729e-01 1.222859947548253362e-01 2.566265927155545468e-01
2.847298082310143613e-02 6.630328018090944076e-01 1.187660507120358311e-01 2.614932624954896534e-01
2.537063812929186632e-02 6.645787063327142086e-01 1.086849633258967773e-01 2.424285993328550715e-01
2.913390964327388158e-02 6.544064098583824984e-01 1.237181072894499578e-01 2.686275293508299522e-01
3.036490516607534898e-02 6.107133392241850256e-01 1.148875058321786047e-01 2.693238538932984372e-01
2.938524170589954312e-02 6.407484095837016058e-01 1.229605838912472965e-01 2.871817626327646811e-01
3.022809707959239062e-02 6.965346780598383747e-01 1.145755495485984710e-01 2.840479173062679386e-01
2.896958511949524265e-02 6.646660700612557759e-01 1.084635443174619962e-01 2.932816434747216872e-01
2.650177562982791030e-02 6.110559600320556450e-01 1.086930896988973216e-01 2.490446295786260811e-01
2.398192690043053632e-02 6.932110520085051908e-01 1.241828926571449943e-01 2.493614442721315272e-01
2.495617304734612865e-02 6.993633893651884925e-01 1.146863434815456606e-01 2.463781285260686904e-01
2.643303756630271256e-02 7.405654487260704411e-01 1.103845117532562259e-01 2.538290428498712337e-01
2.796569808593088111e-02 6.086256610619988905e-01 1.234810282379108504e-01 2.610903810890080612e-01
2.742327348223064579e-02 6.878642005204348431e-01 1.280888630764112079e-01 2.605004085901225785e-01
2.677345826111334967e-02 7.048192158556940701e-01 1.401998685836953473e-01 2.350215950261604347e-01
2.664915656039297531e-02 7.022445474730273363e-01 1.289039734979850194e-01 2.522627577808447819e-01
2.810372575716334892e-02 6.381021960857726771e-01 1.274139861051677147e-01 2.606040339980841836e-01
2.829037578567353273e-02 6.921672998324519543e-01 1.116523918910061058e-01 2.814178839723837089e-01
2.529642266983053375e-02 7.205911257238191148e-01 1.204791108101069957e-01 2.794776526397943495e-01
2.662557529368703504e-02 6.757458251937580318e-01 1.125019436501126513e-01 2.313545964054932180e-01
2.590926169079527108e-02 7.050187676737051934e-01 1.233320782180144792e-01 2.690221353354246281e-01
2.594244621487070898e-02 6.609799680281476242e-01 1.071603745063934715e-01 2.713172006716205176e-01
2.617508071626797883e-02 6.414288824282077250e-01 1.180664967011035432e-01 2.600679283136116404e-01
2.442166961593347438e-02 6.741592398693962984e-01 1.135184677280641347e-01 2.465713188448921400e-01
2.757278409726825544e-02 6.833271520051779069e-01 1.123859679567074110e-01 2.699376777931392635e-01
2.475553587368184080e-02 6.465096980188151932e-01 1.204591957231560678e-01 2.417810795349953912e-01
2.385819354737641479e-02 6.303465238940783033e-01 1.256868291467564958e-01 2.378222068117547827e-01
2.499691672695624270e-02 7.146099932661766907e-01 1.196456454649952456e-01 2.575692100077536240e-01
2.661790167136456747e-02 8.317060238134789119e-01 1.171668371694895988e-01 2.567323656785066022e-01
2.530681311520269205e-02 6.788250683326211288e-01 1.237834426238332564e-01 2.524071277539539637e-01
2.424847383761665268e-02 7.207007442291109012e-01 1.096689624401090829e-01 2.583921248754591504e-01
2.290085772874055764e-02 6.914094466992030119e-01 1.149764825843031385e-01 2.713365529612120075e-01
2.435892965639834679e-02 7.257658829627178232e-01 1.177663160783413154e-01 2.769093123809669987e-01
2.515323724659320262e-02 6.595356557944913600e-01 1.175498103480177303e-01 2.732217453116531081e-01
2.595382860765433827e-02 6.890595841086014639e-01 1.132200787318666524e-01 2.591350091648524367e-01
2.582908530066704150e-02 7.559387696666292067e-01 1.195366061243600952e-01 2.679599509992045547e-01
2.485120854859991166e-02 6.462391179135760222e-01 1.233488895552659198e-01 2.566557685901187380e-01
2.719223658072561847e-02 7.220507451224438267e-01 1.257214340552980925e-01 2.602824747808871741e-01
2.626748623103184258e-02 6.767104967090890044e-01 1.043266205081068848e-01 2.811848922994949485e-01
2.405261235712716217e-02 6.923527241329311410e-01 1.075829501964510604e-01 2.547851438097807897e-01
2.331821099234273123e-02 6.489679235604350893e-01 1.240330129320044716e-01 2.627986782407701338e-01
2.525083486591855192e-02 7.620810531759607542e-01 1.165170692061536645e-01 2.478473376036065268e-01
2.561395213507910648e-02 7.140209126261942707e-01 1.203922260254354920e-01 2.812526128687160565e-01
2.577686240669569903e-02 6.759844996521644500e-01 1.127164519316304764e-01 2.725806622115180544e-01
2.250800429223440494e-02 6.675803301354289454e-01 1.414252932135691421e-01 2.317767438274376257e-01
2.401191265628737845e-02 6.893154921587401063e-01 1.218260458106352334e-01 2.552733325558687594e-01
2.769058375557272023e-02 7.043176774336640245e-01 1.201776157293389657e-01 2.516315379071288882e-01
2.765192163684489224e-02 7.137266999239383347e-01 1.165862935494157426e-01 2.427660526611206682e-01
2.386875848863845642e-02 6.936706862199207846e-01 1.159577461043788255e-01 2.371324761373354573e-01
2.499814942399389978e-02 7.369575224209907738e-01 1.175744582420130413e-01 2.249174646848149939e-01
2.543838745152629532e-02 7.863503453141326149e-01 1.196468799078750644e-01 2.544074798423888173e-01
2.225468033673351151e-02 7.239177696152337971e-01 1.176875360123309927e-01 2.319632834340857597e-01
2.413863194368672319e-02 7.206422691927899526e-01 1.276051827287346951e-01 2.401371532307245427e-01
2.311640969262305709e-02 6.881047825744980306e-01 1.178068128305009010e-01 2.497540874300041014e-01
2.424523309368559892e-02 6.532460344405599528e-01 1.292337385283403584e-01 2.451936287274258663e-01
2.337241833136145461e-02 7.258521326139859564e-01 1.256301516662723661e-01 2.417614973972222470e-01
2.472273906759398648e-02 7.200554487369705825e-01 1.141752017588114204e-01 2.526950322477157229e-01
2.436920393483264086e-02 7.217076617942053129e-01 1.190546849803796048e-01 2.697832469932488486e-01
2.264248187210618490e-02 6.702334949299322275e-01 1.292090411889471047e-01 2.538537320559029475e-01
2.573755397313949242e-02 6.822117484018470623e-01 1.206074873972545758e-01 2.288165253749352146e-01
2.406198020639045004e-02 7.467028780501494545e-01 1.177679782546270232e-01 2.559905790993646790e-01
2.488377142764558458e-02 6.990993507388388872e-01 1.246135113221220614e-01 2.866986358444843508e-01
2.324401619657671947e-02 6.640250915776059193e-01 1.283707973245789835e-01 2.591971993283022080e-01
2.430218855143782830e-02 7.462181845856847850e-01 1.124096224150159945e-01 2.571152620839062819e-01
2.581212184134436607e-02 6.666192744562875472e-01 1.135435830561284665e-01 2.758506595676468165e-01
2.929965774729727940e-02 6.370527775668752835e-01 1.294144696298695218e-01 2.517320577604257315e-01
2.536920764264302686e-02 6.057074710405819795e-01 1.351432471347077113e-01 2.704724701834759770e-01
2.403429505587569362e-02 6.932695635885109953e-01 1.204478110298019267e-01 2.349179591563112790e-01
2.363498939392095002e-02 6.728893315773956108e-01 1.214275270215915553e-01 2.538820385170906802e-01
2.645177943561180869e-02 7.440252991988647313e-01 1.191331873649728312e-01 2.631597517170192191e-01
2.402760106685349756e-02 7.269484561711949677e-01 1.176005012935767285e-01 2.368975883862708687e-01
2.263993528622404092e-02 7.127261026483969752e-01 1.167060691572899128e-01 2.693938579489697505e-01
2.646304651460091792e-02 6.748033463791595077e-01 1.223512088760794897e-01 2.388512479216768347e-01
2.602584966554196202e-02 7.407378622345716090e-01 1.251380086345228182e-01 2.727485418152483243e-01
2.554870150303637302e-02 7.783458287035117662e-01 1.149340047988209601e-01 2.832634125127439506e-01
2.390597333002193736e-02 7.347894690942067264e-01 1.117150515380596204e-01 2.637189625229146017e-01
2.863554598384680447e-02 6.609648803996276412e-01 1.179310626619657909e-01 2.730474529252212013e-01
2.563160874653780050e-02 6.834420570582929733e-01 1.101927095803441614e-01 2.417105035770687749e-01
2.209869998009887995e-02 6.555194918421107797e-01 1.154117464437714041e-01 2.439196550833044319e-01
2.503599380110771086e-02 7.212427971438719609e-01 1.289058102366568981e-01 2.434377312277236360e-01
2.489920891253231613e-02 7.094213364817781864e-01 1.350889543218611044e-01 2.580499869796582524e-01
2.448563546322499868e-02 6.668432304898093133e-01 1.252000707688951664e-01 2.424185397258311059e-01
2.408863741068574885e-02 7.164722165606927096e-01 1.136605116304130331e-01 2.539228880209529193e-01
2.465963852097495176e-02 7.067992812834242855e-01 1.261277571903035299e-01 2.559312951915620471e-01
2.737650941257784715e-02 6.792160780104700146e-01 1.111690743950397853e-01 2.572797179970777171e-01
2.346711992599072663e-02 7.073668511772515100e-01 1.197101523273650797e-01 2.389118923385727400e-01
2.747185391838628116e-02 7.269111800099984366e-01 1.231597571954302639e-01 2.517410813780400214e-01
2.639258246235991895e-02 6.963350632266269713e-01 1.215381737428191250e-01 2.629273981271718075e-01
2.450447674559312616e-02 7.374985146696280136e-01 1.228664966851293477e-01 2.524172026721341333e-01
2.545579537585837895e-02 7.209445866730403996e-01 1.208298424186192016e-01 2.562299022724274233e-01
2.788169482100644539e-02 7.397432408924204950e-01 1.162573939906592357e-01 2.434281431767334469e-01
2.538152942642161319e-02 7.285483149866521790e-01 1.281698276873043940e-01 2.449803852390005920e-01
2.703103294059411993e-02 6.748815069841693770e-01 1.265634762730315499e-01 2.450349436110113577e-01
2.497855909554985709e-02 7.044447679241250260e-01 1.269127896239437281e-01 2.546953458495867517e-01
2.577547187792279815e-02 7.501183584728745579e-01 1.146122730794632422e-01 2.712590244686421959e-01
2.492282525889431485e-02 7.171168703652753829e-01 1.244596607928103171e-01 2.639029324186283332e-01
2.671351438270015352e-02 6.778903405942812155e-01 1.217820751407154983e-01 2.467206941876610438e-01
2.352350081027229298e-02 7.261551901886171834e-01 1.190786217002878788e-01 2.527339371748443808e-01
2.245310388075453731e-02 6.816482064383191375e-01 1.093116582366860795e-01 2.369161484691919839e-01
2.436478701882489190e-02 6.866734149666934295e-01 1.151653113854583799e-01 2.788808574235319693e-01
2.177024345687681925e-02 7.145715415220066369e-01 1.259080211911530189e-01 2.730039655634044493e-01
2.514619104549896400e-02 6.551158585218643804e-01 1.246025044985892283e-01 2.436411403314031332e-01
2.376782420556354872e-02 7.308288233136968071e-01 1.251366303850546813e-01 2.756607479782499648e-01
2.583228245529436973e-02 7.265101370868173314e-01 1.218926953262832596e-01 2.477748507662035915e-01
2.405920041804813364e-02 6.461788692934470335e-01 1.169563040042319452e-01 2.648136632124632461e-01
2.442444923834993092e-02 6.478603592097453845e-01 1.131403849005612194e-01 2.583950332182267662e-01
2.646751925635484198e-02 6.523159161575082798e-01 1.168190058391178759e-01 2.689823499392155481e-01
2.631932530901074166e-02 6.884407501571240262e-01 1.177907507048082947e-01 2.472276356810151621e-01
2.388200633741828852e-02 6.134282455738144790e-01 1.327587575469131309e-01 2.823946174719472735e-01
2.520849867488020660e-02 6.433208287943276149e-01 1.232809259382077888e-01 2.609033324513402308e-01
2.573707591701083347e-02 7.251818451236062835e-01 1.267034587471832507e-01 2.597337404196675692e-01
2.651636518700877312e-02 6.397695105962246664e-01 1.214799592801270589e-01 2.620480315025983109e-01
2.378332042044499495e-02 6.507367377453675550e-01 1.180626616661930167e-01 2.597543524274554816e-01
2.484135000097425008e-02 7.536832119199218250e-01 1.253852794967605655e-01 2.719026201657294695e-01
2.503992205606657764e-02 6.690064969744122791e-01 1.182501965950551459e-01 2.625360603847933794e-01
2.508511427179377709e-02 6.860913113498554594e-01 1.111993356803195054e-01 2.455648212669733765e-01
2.664882478541470354e-02 7.038502099503768372e-01 1.087395888097768964e-01 2.461603258903449498e-01
2.540896377642079540e-02 6.813746074902540251e-01 1.084338305255459350e-01 2.577197749639165147e-01
2.683297824347744692e-02 6.332730996235588217e-01 1.189599037909520596e-01 2.742946030600277307e-01
2.473211216040161614e-02 6.843340802021661284e-01 1.292902141308414632e-01 2.712614107829054433e-01
2.429553186324064085e-02 6.540094192080623259e-01 1.233283258328808779e-01 2.452925825448745156e-01
2.473387514468299714e-02 7.788941637446988864e-01 1.124581594138063384e-01 2.449289716659097671e-01
2.730819691302952684e-02 7.098955132345986518e-01 1.184835764163890831e-01 2.733978364268230821e-01
2.728203868333945251e-02 7.190269531055613061e-01 1.241251324269456863e-01 2.370923421601876802e-01
2.600060859686002812e-02 6.591925586417503036e-01 1.062276154377416043e-01 2.727447208327226646e-01
2.656665969907984551e-02 7.283708798205493773e-01 1.327622875433818739e-01 2.518972783116154024e-01
2.491755357405716839e-02 6.883809770044196918e-01 1.166836859783824260e-01 2.597376716380927486e-01
2.362740705840473202e-02 7.397037833843219667e-01 1.221363730640067369e-01 2.510626342336536032e-01
2.495003767478219323e-02 6.810549171301828464e-01 1.181326810684549672e-01 2.669032434401898413e-01
2.502653418060570359e-02 7.246760679740720246e-01 1.191007915457821670e-01 2.429326746786817370e-01
2.556316464523491344e-02 7.570597857173085865e-01 1.190153074505352210e-01 2.618884522611701904e-01
2.531709333318266780e-02 6.649366348191747544e-01 1.234059834865730287e-01 2.600139135600584295e-01
2.464495208232663978e-02 7.204036884573540300e-01 1.283530600063295668e-01 2.554807252306767196e-01
2.510809393653901100e-02 7.060792107017893615e-01 1.215254463623725717e-01 2.444015846846554485e-01
2.602117038679685815e-02 6.907153575788045341e-01 1.080427574722186562e-01 2.691719860013698784e-01
2.403551813450366739e-02 6.498000337597906739e-01 1.247737552216824919e-01 2.551302688611818414e-01
2.628690565314738270e-02 7.507664695301877744e-01 1.117499723988199106e-01 2.687895438240173740e-01
2.420513587965487934e-02 7.101752217109821297e-01 1.237692399385362518e-01 2.498067514836826153e-01
2.241531778117254389e-02 7.088174990536084685e-01 1.169819283760404199e-01 2.618495508824115192e-01
2.355637057057641606e-02 7.438486731363290749e-01 1.212840693066458697e-01 2.536069404951762918e-01
2.308120080667378990e-02 7.341966358158162897e-01 1.275871836850086816e-01 2.400210841301000930e-01
2.409318411772314039e-02 7.407702415654130457e-01 1.206926002939070486e-01 2.487385036702826624e-01
2.446013870183999517e-02 6.716975726718061868e-01 1.106927233611323391e-01 2.431570384459108558e-01
2.048730476749868745e-02 7.907210429226471105e-01 1.152300427097293495e-01 2.460026414422859520e-01
2.242255205808208959e-02 7.198865718104623390e-01 1.106133552631751171e-01 2.350722150837143976e-01
2.357757984756879074e-02 7.006587447807370861e-01 1.199575138464449298e-01 2.555453670280413703e-01
2.278354385548534214e-02 7.510742669665372295e-01 1.203233899589551403e-01 2.448302083658419892e-01
2.254116870973836562e-02 7.205341658571213781e-01 1.105580331370982633e-01 2.378976391424918735e-01
2.340162015228313200e-02 7.085560909068908675e-01 1.113614438159055975e-01 2.533015384581448481e-01
2.450076182298921781e-02 7.335295533032151205e-01 1.282429834388591483e-01 2.471182879497800799e-01
2.392268716448349430e-02 7.181682822971194868e-01 1.198523336738182704e-01 2.606497030247692526e-01
2.499192763195207806e-02 6.787910297685452177e-01 1.250183367729431338e-01 2.416269466151116652e-01
2.196142692432219781e-02 7.177514112870405638e-01 1.210893073696606981e-01 2.348237704594717534e-01
2.487193949148220132e-02 7.164876858462287945e-01 1.182656402194954964e-01 2.412415791425357448e-01
2.432111983804865693e-02 6.661317179966369517e-01 1.163672627627042738e-01 2.594940769666200797e-01
2.394263291527925705e-02 7.039474532400442630e-01 1.201402963363481791e-01 2.518071414699444288e-01
2.391494140058120221e-02 6.171759271767427446e-01 1.144382525368332210e-01 2.598113566347423631e-01
2.323659377205045812e-02 7.251274567559337081e-01 1.320847674317695841e-01 2.403209551366145558e-01
2.631223730863789870e-02 6.830728284824976182e-01 1.165872771856621276e-01 2.803245384786583472e-01
2.268356983944316840e-02 6.423418181425666340e-01 1.214392798209921465e-01 2.421936035934331988e-01
2.389278755104761245e-02 7.395712026514783544e-01 1.335129000746800576e-01 2.642422321304899180e-01
2.459963455866031462e-02 7.206188456173027168e-01 1.168003315108698259e-01 2.732982887398303085e-01
2.186817145270937568e-02 6.953834544352230917e-01 1.233942965302086969e-01 2.544966836976237934e-01
2.273844319324172525e-02 7.621398791355173952e-01 1.062690643684015279e-01 2.585684870356116383e-01
2.458547673769322442e-02 7.483115563494850964e-01 1.099665839698513170e-01 2.336431180959610554e-01
2.329088583333046095e-02 7.373667235748545545e-01 1.201659328159473544e-01 2.552543034531981059e-01
2.393295774011781549e-02 6.634928956846511960e-01 1.185722500992419798e-01 2.467104424552634401e-01
2.427169866453867536e-02 7.052608255975492124e-01 1.210913709478031175e-01 2.436433379287180345e-01
2.346167232719840665e-02 6.864503122310062766e-01 1.178975180316990667e-01 2.571347930087910516e-01
2.553238847763278710e-02 6.294166383643925444e-01 1.264282056956572697e-01 2.524938518893301564e-01
2.329632072530471096e-02 7.212666987953072484e-01 1.261849432295299167e-01 2.390110824989694627e-01
2.233954553004310895e-02 7.370254796274356979e-01 1.217306600382468129e-01 2.507278453325106904e-01
2.234418488630708632e-02 7.091622716378136460e-01 1.150479596211529537e-01 2.577813000806712940e-01
2.460407973156473679e-02 7.542875983428051212e-01 1.128494239361950147e-01 2.680617389279552065e-01
2.272828235156865509e-02 7.527828236250357907e-01 1.111936487323677558e-01 2.490553081251565271e-01
2.474141770859838996e-02 7.317209051713758905e-01 1.131082090873395396e-01 2.412419783786692029e-01
2.367502790724237971e-02 7.076509802941348681e-01 1.190865809261813513e-01 2.749525544470237115e-01
2.426481426379830178e-02 7.417881247429946034e-01 1.123272479211908370e-01 2.505891303440881956e-01
2.400888796566848574e-02 7.044299355653960149e-01 1.142462507470969335e-01 2.576489445716221294e-01
2.333816106024605083e-02 7.053084172690433640e-01 1.264173319234871418e-01 2.385193136937800718e-01
2.534148145605838454e-02 7.209845694927889959e-01 1.178087340204647948e-01 2.460683746562000729e-01
2.491583808111619627e-02 6.835422836262606827e-01 1.176092966685885755e-01 2.552827723682183358e-01
2.703115186250048402e-02 7.391507320217213239e-01 1.231338625385853813e-01 2.484871671032089779e-01
2.555161511225552060e-02 7.336679996257642333e-01 1.132470472436852837e-01 2.544105352216042837e-01
2.357423954181589107e-02 6.729653207133468040e-01 1.223079060448733490e-01 2.507995368575631767e-01
2.414272800710436789e-02 7.332470890186476575e-01 1.262847528816301024e-01 2.650799830132757329e-01
2.349541176346345989e-02 7.460318621731314437e-01 1.156940093307425726e-01 2.389208271699120312e-01
2.483929764970375584e-02 7.221481021978233272e-01 1.191777508741478364e-01 2.630408852882760162e-01
2.442759065216372830e-02 7.037824612386879286e-01 1.157641528845614470e-01 2.570175901901414761e-01
2.341738609999175630e-02 7.220182254857137050e-01 1.214072251015692605e-01 2.336421703696475172e-01
2.720974393474517514e-02 7.012919201172298500e-01 1.098353161128273886e-01 2.412897786869532823e-01
2.312371723231548132e-02 6.851215340218343997e-01 1.124454071708991809e-01 2.537785036642910552e-01
2.458169554214885769e-02 6.654180928738112621e-01 1.244261583926908332e-01 2.285077860593722199e-01
2.323835104956518613e-02 7.128280838705165490e-01 1.138209207134656675e-01 2.511644878192398900e-01
2.387895271501152758e-02 8.071754517401228401e-01 1.144526467198447583e-01 2.655500870686429704e-01
2.243962184465123424e-02 6.908776085218230056e-01 1.069294095291989100e-01 2.762978609015527276e-01
2.149442916747965060e-02 7.876119117808326742e-01 1.164625380016243023e-01 2.667850223799945186e-01
2.306828294862341144e-02 7.150356559455635086e-01 1.191095481556234542e-01 2.615646756300341602e-01
2.494883540220953211e-02 6.992025306037248367e-01 1.096328811237539808e-01 2.221850582282743347e-01
2.287740114055640886e-02 7.358618997320234278e-01 1.122662634352305788e-01 2.489356212228116538e-01
2.253301672465381905e-02 7.285689616844510663e-01 1.259562024258662760e-01 2.212385797911285423e-01
1.898963082854434117e-02 7.020592974909637407e-01 1.206663458926889448e-01 2.520353871715144689e-01
2.159004651551067050e-02 6.813661931778370873e-01 1.119784389798434837e-01 2.305227905751782158e-01
2.230720231128006589e-02 7.068648799786978465e-01 1.181747255217818621e-01 2.597931976031395140e-01
2.392802305273443453e-02 7.471993343955545264e-01 1.196243167843559912e-01 2.569390456946957224e-01
2.171675304627519731e-02 7.166384932917031492e-01 1.186118794268426757e-01 2.690137881350094240e-01
2.130386082891739738e-02 6.646168874610915989e-01 1.189520207556489517e-01 2.522715686279504710e-01
2.381729594404991684e-02 6.984693111832688261e-01 1.123237770573098787e-01 2.394891903185256965e-01
2.240547755875752292e-02 7.153802780336535605e-01 1.155154951641396144e-01 2.371493344732213959e-01
2.322434193455964746e-02 7.642544426218653708e-01 1.125547931101928967e-01 2.565212353321549843e-01
2.363452467117195185e-02 6.531966067092764838e-01 1.183435291908396386e-01 2.451119980637724571e-01
2.346888974487826296e-02 7.079456891261017848e-01 1.229347933924754693e-01 2.426746235480511382e-01
2.534277764895480345e-02 6.881515509480573556e-01 1.131362654776835314e-01 2.558452780258380632e-01
2.388499592437081168e-02 7.434686845893758722e-01 1.137963629165461010e-01 2.428132788038349366e-01
2.394299416250559448e-02 7.430598129072748526e-01 1.143318416204711085e-01 2.697450765335109857e-01
2.345823925476512445e-02 6.815841298880893628e-01 1.265152412262576798e-01 2.515405915713675999e-01
2.611823383930819351e-02 7.222114883571970623e-01 1.170955469424133505e-01 2.716683069256321525e-01
2.329736446929890278e-02 6.933827651887831678e-01 1.210456633368515861e-01 2.571645163041808013e-01
2.475381783948328585e-02 6.543659101664116573e-01 1.237324155360535888e-01 2.469611201852865423e-01
2.317941316828360868e-02 7.001097163136661417e-01 1.334310010306070937e-01 2.507275995879769126e-01
2.254553987261895959e-02 7.501127667231639595e-01 1.160896705876399149e-01 2.713150336926580808e-01
2.164579829849547568e-02 7.310315450625545219e-01 1.127311232977401267e-01 2.494357325243710122e-01
2.207796072459788581e-02 7.130372819378721916e-01 1.199991214937520256e-01 2.667534610710926568e-01
2.350938582158665011e-02 7.774188371050899660e-01 1.198969638202136284e-01 2.607615113161319553e-01
2.265982465723947667e-02 7.073736815121343113e-01 1.141459464950849018e-01 2.737084573555091382e-01
2.372277352109129767e-02 6.884470014087128442e-01 1.226706224346176405e-01 2.413091386087719836e-01
2.318357918358640579e-02 6.885691925975695460e-01 1.199279570799939992e-01 2.401255315122733658e-01
2.357971094533611173e-02 7.471165740688491264e-01 1.180800914688870107e-01 2.589900771511933764e-01
2.316617195010266944e-02 7.506433777704644150e-01 1.085935293580797406e-01 2.609263837173342315e-01
2.334021573464355181e-02 6.820136791234823193e-01 1.276523935597083381e-01 2.547354064202976831e-01
2.224769485506645703e-02 6.585233683832696361e-01 1.184621272696621402e-01 2.663034893524360291e-01
2.344234898303794445e-02 7.010466157529686715e-01 1.205307712221800748e-01 2.499052225465275834e-01
2.148539352230564511e-02 7.136069913672892229e-01 1.188018967364186246e-01 2.487866719623251788e-01
2.230674974706488983e-02 6.960289930425018756e-01 1.188174112156185347e-01 2.442686230530502767e-01
2.241960808645172831e-02 6.668862365367829170e-01 1.175725764164305548e-01 2.604341484587370248e-01
2.156479184766151719e-02 8.159131062710591742e-01 1.215734176337471134e-01 2.485041159870403915e-01
2.184947522191014666e-02 7.109978477932027419e-01 1.209286829776897443e-01 2.362240056871207639e-01
2.308915451101229213e-02 7.075738777717323069e-01 1.156100302637204785e-01 2.488224235782058036e-01
2.589096708827763257e-02 6.619204030891949753e-01 1.023567359628619750e-01 2.455178702853686445e-01
2.339649675533552603e-02 6.221163215210097075e-01 1.099435215572258928e-01 2.508946366021326813e-01
2.543021118838255726e-02 7.300954667522938646e-01 1.209754747820426524e-01 2.466123846598240466e-01
2.214264212760063896e-02 6.933282190116090149e-01 1.241983752477229114e-01 2.392335417030705957e-01
2.351995702586701445e-02 6.851157652331235637e-01 1.263673430598240277e-01 2.623372067796193030e-01
2.195426972018876821e-02 6.684760768162154587e-01 1.220616835030653297e-01 2.759770326598728896e-01
2.459468642932465671e-02 6.852683053931118984e-01 1.128268259960992642e-01 2.592704064419441568e-01
2.421171603195557825e-02 7.484814149554205320e-01 1.264293219977355442e-01 2.728865543838522312e-01
2.441616918944130785e-02 6.810091592193199261e-01 1.158319236673949482e-01 2.563233119528973147e-01
2.427452271911504159e-02 6.802395822572621098e-01 1.189231261798833622e-01 2.479590446402690496e-01
2.200905869339897167e-02 7.817534539883752576e-01 1.225980932851672145e-01 2.564090355236478547e-01
2.155073068301911754e-02 7.585557364825458171e-01 1.185336623681183671e-01 2.494749959837063435e-01
2.372181753701489704e-02 7.288551856425049547e-01 1.262662899341338574e-01 2.695067277740180178e-01
2.238198804623036872e-02 7.564998637460437214e-01 1.109219412526989690e-01 2.386006166830490216e-01
2.107361728208302296e-02 6.844656465497226394e-01 1.104968822895728842e-01 2.443806337342529778e-01
2.114718412923940680e-02 7.233621642675958086e-01 1.311670195223009483e-01 2.717632025644730609e-01
2.143213429469061418e-02 6.852185496382853236e-01 1.148220675979130800e-01 2.407036859617794899e-01
2.155872369328910854e-02 6.580396801537268248e-01 1.146896217576736376e-01 2.372590760248781405e-01
2.256543808496153103e-02 7.110594998290339364e-01 1.155587993927178203e-01 2.332942971741014115e-01
2.315971951607461582e-02 7.182043899418377730e-01 1.169759086896158123e-01 2.349010668882840491e-01
2.378110732254402199e-02 7.166359758204955410e-01 1.053521778456766173e-01 2.557254013617996091e-01
2.306748112232531733e-02 7.052070474632632369e-01 1.211133956113933929e-01 2.601216408812623837e-01
2.585427007821472847e-02 6.807665264479276779e-01 1.195138138693556534e-01 2.718982895972530400e-01
2.256408968542008425e-02 7.502564774957836136e-01 1.288262835878177803e-01 2.520066069154410782e-01
2.278590717445628383e-02 7.019766440201281599e-01 1.126196947740504273e-01 3.007692464141921151e-01
2.260632323368665791e-02 6.424659463236850332e-01 1.183484069225278906e-01 2.513136973216169578e-01
2.199942538082363605e-02 7.178443266720895277e-01 1.206403423998714947e-01 2.530419398632599015e-01
2.394347887345842085e-02 6.991836769613510860e-01 1.284846433470050175e-01 2.449941720033409764e-01
2.273499080577194228e-02 7.276065191339242677e-01 1.176871008802472807e-01 2.438610966185665307e-01
2.252185354805224388e-02 6.942288208986505671e-01 1.225163325721829316e-01 2.808349622823692049e-01
2.302691300387726611e-02 8.043528538519745252e-01 1.319028351109231278e-01 2.498410908564812072e-01
2.235505556575296052e-02 6.646738688481413915e-01 1.146075484187008969e-01 2.541050553664750411e-01
2.214337262645499349e-02 7.079333425597654772e-01 1.106079815963428026e-01 2.552591336395433896e-01
2.415895283188449968e-02 6.878888377989803571e-01 1.159599222805026975e-01 2.451460219067867208e-01
2.382679452702649373e-02 7.042920071818720151e-01 1.156969616248913757e-01 2.508346679424863224e-01
2.282402813456535853e-02 6.595982174285843769e-01 1.085551710734094649e-01 2.265074612793551156e-01
2.159092550503877855e-02 6.621174027537064521e-01 1.175467924505605860e-01 2.470979645370300071e-01
2.301080847781928132e-02 7.250078731787177322e-01 1.289566568986589279e-01 2.554847362905874886e-01
2.252549958879277239e-02 7.287554787441941073e-01 1.217060875641381990e-01 2.639246447699536979e-01
2.418939607393125885e-02 6.962669428794804327e-01 1.105741742863522448e-01 2.372542208335582936e-01
2.544970653207075106e-02 7.525472480748500725e-01 1.145657624792521950e-01 2.496632301997322445e-01
2.286260180655527025e-02 6.727798625185841264e-01 1.191971841750583960e-01 2.315637625514701814e-01
2.466690802090505674e-02 6.971825757553177239e-01 1.122059577196815178e-01 2.607415129934348430e-01
2.300032294002827757e-02 7.580345572594501258e-01 1.198537796359188390e-01 2.443063635156808022e-01
2.141497992637324266e-02 7.241849668249089600e-01 1.103138540022821357e-01 2.552435501704255483e-01
2.144287082958722807e-02 6.896642967854950124e-01 1.298625082804620579e-01 2.564651897834754335e-01
2.218167955707186362e-02 6.585902361684928819e-01 1.320003570565760620e-01 2.451415566645017141e-01
2.363165473905915262e-02 6.998141527659331729e-01 1.184168691319945205e-01 2.485544837446131416e-01
