7.046020647245381952e+02 3.938927140085250471e+02 9.569328460590915056e+05 2.482584326959593568e+01
7.046020647245381952e+02 3.938927140085250471e+02 9.569328460590915056e+05 2.482584326959593568e+01
7.046020647245381952e+02 3.938927140085250471e+02 9.569328460590915056e+05 2.482584326959593568e+01
6.918539129248189283e+02 3.936197586975838476e+02 9.483264910370017169e+05 2.482584326959593568e+01
6.521583460957081115e+02 3.951024516656869423e+02 9.290156874293312430e+05 2.482584326959593568e+01
6.302274550832640898e+02 3.926285698005601716e+02 9.193756132449480938e+05 2.482584326959593568e+01
6.296935083686211101e+02 3.914742079708085498e+02 9.189739490836182376e+05 2.482584326959593568e+01
5.734402241275591905e+02 4.003920955148200278e+02 8.676828446922557196e+05 2.482584326959593568e+01
5.282443695951728841e+02 4.192600051241420260e+02 8.384275103200677549e+05 2.482584326959593568e+01
5.282443695951728841e+02 4.192600051241420260e+02 8.384275103200677549e+05 2.482584326959593568e+01
5.282443695951728841e+02 4.192600051241420260e+02 8.384275103200677549e+05 2.482584326959593568e+01
4.730219186532261233e+02 4.221613738047109905e+02 8.077985801447338890e+05 2.482584326959593568e+01
4.680620425725796849e+02 4.223139687190911218e+02 8.048684913376768818e+05 2.482584326959593568e+01
4.680620425725796849e+02 4.223139687190911218e+02 8.048684913376768818e+05 2.482584326959593568e+01
4.680620425725796849e+02 4.223139687190911218e+02 8.048684913376768818e+05 2.482584326959593568e+01
4.557529476515634883e+02 4.333249107502344941e+02 7.760459923739448423e+05 2.482584326959593568e+01
4.481036418329089202e+02 4.358687967212287049e+02 7.691220040702320402e+05 2.482584326959593568e+01
4.299139326321080148e+02 4.396631569055858222e+02 7.544645229634465650e+05 2.482584326959593568e+01
3.926330219298536122e+02 4.477751614677557086e+02 7.141417934583317256e+05 2.482584326959593568e+01
3.221823613286747445e+02 4.763681138472858265e+02 6.531697501860081684e+05 2.482584326959593568e+01
3.102660527886170030e+02 4.815329747407372452e+02 6.447088466039581690e+05 2.482584326959593568e+01
3.102660527886170030e+02 4.815329747407372452e+02 6.447088466039581690e+05 2.482584326959593568e+01
2.906026008948292088e+02 4.903273496340115116e+02 6.300512987680905499e+05 2.482584326959593568e+01
2.882951926248868517e+02 4.940420057692461455e+02 6.284604321299346630e+05 2.482584326959593568e+01
2.642497818754696368e+02 5.036353984859952106e+02 6.079788360316740582e+05 2.482584326959593568e+01
2.642497818754696368e+02 5.036353984859952106e+02 6.079788360316740582e+05 2.482584326959593568e+01
2.642497818754696368e+02 5.036353984859952106e+02 6.079788360316740582e+05 2.482584326959593568e+01
2.584664475515986055e+02 4.850640915840837124e+02 6.173253562338175252e+05 2.482584326959593568e+01
2.513578012025578232e+02 4.854406077606856229e+02 6.123863552842858480e+05 2.482584326959593568e+01
2.429436190250112020e+02 4.910329200090669701e+02 6.057038790407289052e+05 2.482584326959593568e+01
2.111064905416995430e+02 5.164755244437545798e+02 5.589177227170631522e+05 2.482327683923456974e+01
2.111064905416995430e+02 5.164755244437545798e+02 5.589177227170631522e+05 2.482327683923456974e+01
2.111064905416995430e+02 5.164755244437545798e+02 5.589177227170631522e+05 2.482327683923456974e+01
2.111064905416995430e+02 5.164755244437545798e+02 5.589177227170631522e+05 2.482327683923456974e+01
2.111064905416995430e+02 5.164755244437545798e+02 5.589177227170631522e+05 2.482327683923456974e+01
2.111064905416995430e+02 5.164755244437545798e+02 5.589177227170631522e+05 2.482327683923456974e+01
2.111064905416995430e+02 5.164755244437545798e+02 5.589177227170631522e+05 2.482327683923456974e+01
1.922028415527491063e+02 5.080753247396031611e+02 5.547855280461336952e+05 2.526822789138162761e+01
1.902172305118403131e+02 5.067141084560808508e+02 5.553484900020462228e+05 2.476201385553004641e+01
1.836125368444519381e+02 5.085918101223181225e+02 5.505246851787928026e+05 2.480724307265544226e+01
1.836125368444519381e+02 5.085918101223181225e+02 5.505246851787928026e+05 2.480724307265544226e+01
1.836125368444519381e+02 5.085918101223181225e+02 5.505246851787928026e+05 2.480724307265544226e+01
1.836125368444519381e+02 5.085918101223181225e+02 5.505246851787928026e+05 2.480724307265544226e+01
1.653501171386341753e+02 5.557894786234794537e+02 5.177835333078300464e+05 2.477387325235715565e+01
1.643426977045716910e+02 5.588624428332778962e+02 5.146976287009052467e+05 2.477603038485640141e+01
1.629730133278313247e+02 5.577481382165170771e+02 5.093002037352981279e+05 2.471266243672163299e+01
1.279023918447748400e+02 5.905991045291547152e+02 4.664484395293373382e+05 2.484379028214616270e+01
1.279240300622538768e+02 5.847898746859623316e+02 4.696069939138315967e+05 2.469370228025077196e+01
1.276086595781224844e+02 5.827017208505227472e+02 4.691438135604079580e+05 2.460618669234164457e+01
1.276086595781224844e+02 5.827017208505227472e+02 4.691438135604079580e+05 2.460618669234164457e+01
1.276086595781224844e+02 5.827017208505227472e+02 4.691438135604079580e+05 2.460618669234164457e+01
1.276086595781224844e+02 5.827017208505227472e+02 4.691438135604079580e+05 2.460618669234164457e+01
1.108226282216295573e+02 6.105907147980128684e+02 4.354160477461901610e+05 2.455417928551375795e+01
1.108226282216295573e+02 6.105907147980128684e+02 4.354160477461901610e+05 2.455417928551375795e+01
1.108226282216295573e+02 6.105907147980128684e+02 4.354160477461901610e+05 2.455417928551375795e+01
1.065543412740025389e+02 6.204832966932740419e+02 4.319261174599319347e+05 2.454675607062749521e+01
1.049894599829751058e+02 6.196147405188703488e+02 4.258350257905038306e+05 2.481107103897490163e+01
6.261134592336652815e+01 6.967857221699846377e+02 3.417136803796060267e+05 2.389197420143624484e+01
6.261134592336652815e+01 6.967857221699846377e+02 3.417136803796060267e+05 2.389197420143624484e+01
5.087856828860666525e+01 7.075413389639751358e+02 3.138705256347676623e+05 2.386536861482889194e+01
4.542798835445047700e+01 7.185447127743358351e+02 3.032424433522264590e+05 2.414819277403056930e+01
4.329893710240646953e+01 7.188145700382341374e+02 3.006034404299428570e+05 2.345640652752563682e+01
3.835805941179166467e+01 7.121272546541576958e+02 2.764344619145265897e+05 2.437280623104844679e+01
3.835805941179166467e+01 7.121272546541576958e+02 2.764344619145265897e+05 2.437280623104844679e+01
3.764599052806541835e+01 7.267150398104289479e+02 2.608877076652326796e+05 2.460034335535527816e+01
3.727270063703980441e+01 7.230873924363831975e+02 2.567511750403828628e+05 2.355553188493542649e+01
3.727270063703980441e+01 7.230873924363831975e+02 2.567511750403828628e+05 2.355553188493542649e+01
3.727270063703980441e+01 7.230873924363831975e+02 2.567511750403828628e+05 2.355553188493542649e+01
3.727270063703980441e+01 7.230873924363831975e+02 2.567511750403828628e+05 2.355553188493542649e+01
3.727270063703980441e+01 7.230873924363831975e+02 2.567511750403828628e+05 2.355553188493542649e+01
3.727270063703980441e+01 7.230873924363831975e+02 2.567511750403828628e+05 2.355553188493542649e+01
3.710909009107704293e+01 7.350168144975892801e+02 2.549984918463901558e+05 2.340785345546174412e+01
3.710909009107704293e+01 7.350168144975892801e+02 2.549984918463901558e+05 2.340785345546174412e+01
2.952067067375434561e+01 7.443486764705329506e+02 1.895647678314507939e+05 2.687726763216299730e+01
2.849673413172789438e+01 7.415779538142936644e+02 1.933541665109568858e+05 2.400666294540598145e+01
2.849673413172789438e+01 7.415779538142936644e+02 1.933541665109568858e+05 2.400666294540598145e+01
2.849673413172789438e+01 7.415779538142936644e+02 1.933541665109568858e+05 2.400666294540598145e+01
2.506561981538431638e+01 7.493777176860236295e+02 1.595586216322506370e+05 2.300249901383820728e+01
2.506561981538431638e+01 7.493777176860236295e+02 1.595586216322506370e+05 2.300249901383820728e+01
2.506561981538431638e+01 7.493777176860236295e+02 1.595586216322506370e+05 2.300249901383820728e+01
2.506561981538431638e+01 7.493777176860236295e+02 1.595586216322506370e+05 2.300249901383820728e+01
2.506561981538431638e+01 7.493777176860236295e+02 1.595586216322506370e+05 2.300249901383820728e+01
2.506561981538431638e+01 7.493777176860236295e+02 1.595586216322506370e+05 2.300249901383820728e+01
2.506561981538431638e+01 7.493777176860236295e+02 1.595586216322506370e+05 2.300249901383820728e+01
2.469340487183202981e+01 7.583586080877366840e+02 1.306972752782812022e+05 2.567217065535408693e+01
2.469340487183202981e+01 7.583586080877366840e+02 1.306972752782812022e+05 2.567217065535408693e+01
2.469340487183202981e+01 7.583586080877366840e+02 1.306972752782812022e+05 2.567217065535408693e+01
2.469340487183202981e+01 7.583586080877366840e+02 1.306972752782812022e+05 2.567217065535408693e+01
2.469340487183202981e+01 7.583586080877366840e+02 1.306972752782812022e+05 2.567217065535408693e+01
2.397923249661459977e+01 7.590793332926326684e+02 1.312465331685990386e+05 2.532672692902759692e+01
2.397923249661459977e+01 7.590793332926326684e+02 1.312465331685990386e+05 2.532672692902759692e+01
2.397923249661459977e+01 7.590793332926326684e+02 1.312465331685990386e+05 2.532672692902759692e+01
2.254470033994777367e+01 7.545811548165153226e+02 9.552223452694318257e+04 3.098743835937230884e+01
2.254470033994777367e+01 7.545811548165153226e+02 9.552223452694318257e+04 3.098743835937230884e+01
2.254470033994777367e+01 7.545811548165153226e+02 9.552223452694318257e+04 3.098743835937230884e+01
2.284688124913167684e+01 7.558163874253410768e+02 9.175564706782533904e+04 3.139619394086388482e+01
2.284688124913167684e+01 7.558163874253410768e+02 9.175564706782533904e+04 3.139619394086388482e+01
2.332577386906853789e+01 7.607516151648495679e+02 9.452822458990348969e+04 2.933225612482358358e+01
2.332577386906853789e+01 7.607516151648495679e+02 9.452822458990348969e+04 2.933225612482358358e+01
2.332577386906853789e+01 7.607516151648495679e+02 9.452822458990348969e+04 2.933225612482358358e+01
2.332577386906853789e+01 7.607516151648495679e+02 9.452822458990348969e+04 2.933225612482358358e+01
2.332577386906853789e+01 7.607516151648495679e+02 9.452822458990348969e+04 2.933225612482358358e+01
2.236449477378395656e+01 7.645388893738894467e+02 8.521879899852574454e+04 3.207012331173029196e+01
2.236449477378395656e+01 7.645388893738894467e+02 8.521879899852574454e+04 3.207012331173029196e+01
2.236449477378395656e+01 7.645388893738894467e+02 8.521879899852574454e+04 3.207012331173029196e+01
2.236449477378395656e+01 7.645388893738894467e+02 8.521879899852574454e+04 3.207012331173029196e+01
2.276605712567854312e+01 7.577846312248134382e+02 8.440921614820166724e+04 3.125212553762050760e+01
2.276605712567854312e+01 7.577846312248134382e+02 8.440921614820166724e+04 3.125212553762050760e+01
2.307045042992703188e+01 7.548112636789745693e+02 8.599522734672742081e+04 3.008160237801131487e+01
2.307045042992703188e+01 7.548112636789745693e+02 8.599522734672742081e+04 3.008160237801131487e+01
2.336246302035694811e+01 7.644527536275261355e+02 7.663585741812249762e+04 3.242561792721581071e+01
2.247698904642209072e+01 7.635615315439226833e+02 7.190753839601512300e+04 3.185396555497494830e+01
2.253737660832386069e+01 7.661147586325064367e+02 7.105580470787503873e+04 3.103351312416930696e+01
2.253737660832386069e+01 7.661147586325064367e+02 7.105580470787503873e+04 3.103351312416930696e+01
2.253737660832386069e+01 7.661147586325064367e+02 7.105580470787503873e+04 3.103351312416930696e+01
2.253737660832386069e+01 7.661147586325064367e+02 7.105580470787503873e+04 3.103351312416930696e+01
2.253737660832386069e+01 7.661147586325064367e+02 7.105580470787503873e+04 3.103351312416930696e+01
2.253737660832386069e+01 7.661147586325064367e+02 7.105580470787503873e+04 3.103351312416930696e+01
2.253737660832386069e+01 7.661147586325064367e+02 7.105580470787503873e+04 3.103351312416930696e+01
2.199523624843235581e+01 7.657563452249689817e+02 6.316202339779946487e+04 3.471890096060834452e+01
2.189430245104387041e+01 7.647534557841531750e+02 6.174936847400398256e+04 3.285468319333852349e+01
2.189430245104387041e+01 7.647534557841531750e+02 6.174936847400398256e+04 3.285468319333852349e+01
2.189430245104387041e+01 7.647534557841531750e+02 6.174936847400398256e+04 3.285468319333852349e+01
2.189430245104387041e+01 7.647534557841531750e+02 6.174936847400398256e+04 3.285468319333852349e+01
2.189430245104387041e+01 7.647534557841531750e+02 6.174936847400398256e+04 3.285468319333852349e+01
2.189430245104387041e+01 7.647534557841531750e+02 6.174936847400398256e+04 3.285468319333852349e+01
2.189430245104387041e+01 7.647534557841531750e+02 6.174936847400398256e+04 3.285468319333852349e+01
2.189430245104387041e+01 7.647534557841531750e+02 6.174936847400398256e+04 3.285468319333852349e+01
2.189430245104387041e+01 7.647534557841531750e+02 6.174936847400398256e+04 3.285468319333852349e+01
2.189430245104387041e+01 7.647534557841531750e+02 6.174936847400398256e+04 3.285468319333852349e+01
2.189430245104387041e+01 7.647534557841531750e+02 6.174936847400398256e+04 3.285468319333852349e+01
2.189430245104387041e+01 7.647534557841531750e+02 6.174936847400398256e+04 3.285468319333852349e+01
2.189430245104387041e+01 7.647534557841531750e+02 6.174936847400398256e+04 3.285468319333852349e+01
2.189430245104387041e+01 7.647534557841531750e+02 6.174936847400398256e+04 3.285468319333852349e+01
2.189430245104387041e+01 7.647534557841531750e+02 6.174936847400398256e+04 3.285468319333852349e+01
2.189430245104387041e+01 7.647534557841531750e+02 6.174936847400398256e+04 3.285468319333852349e+01
2.189430245104387041e+01 7.647534557841531750e+02 6.174936847400398256e+04 3.285468319333852349e+01
2.189430245104387041e+01 7.647534557841531750e+02 6.174936847400398256e+04 3.285468319333852349e+01
2.189430245104387041e+01 7.647534557841531750e+02 6.174936847400398256e+04 3.285468319333852349e+01
2.189430245104387041e+01 7.647534557841531750e+02 6.174936847400398256e+04 3.285468319333852349e+01
2.189430245104387041e+01 7.647534557841531750e+02 6.174936847400398256e+04 3.285468319333852349e+01
2.189430245104387041e+01 7.647534557841531750e+02 6.174936847400398256e+04 3.285468319333852349e+01
2.261922084264551103e+01 7.575283282514757275e+02 5.067563657999930729e+04 3.523792748482814829e+01
2.272048268144972738e+01 7.621758549164838996e+02 5.061194762951280427e+04 3.368984049375372791e+01
2.272048268144972738e+01 7.621758549164838996e+02 5.061194762951280427e+04 3.368984049375372791e+01
2.262326107540197739e+01 7.612556361371375715e+02 5.049820350032173155e+04 3.103940423838849227e+01
2.262326107540197739e+01 7.612556361371375715e+02 5.049820350032173155e+04 3.103940423838849227e+01
2.223201367790353444e+01 7.587524189977491460e+02 5.002258914707006625e+04 3.097523683504785552e+01
2.223201367790353444e+01 7.587524189977491460e+02 5.002258914707006625e+04 3.097523683504785552e+01
2.223201367790353444e+01 7.587524189977491460e+02 5.002258914707006625e+04 3.097523683504785552e+01
2.223201367790353444e+01 7.587524189977491460e+02 5.002258914707006625e+04 3.097523683504785552e+01
2.293349582188656299e+01 7.628007630587554786e+02 4.304882166214767494e+04 3.163007293946731124e+01
2.293349582188656299e+01 7.628007630587554786e+02 4.304882166214767494e+04 3.163007293946731124e+01
2.245761285391279571e+01 7.663094723667907147e+02 4.221890473908882268e+04 3.115543680611399679e+01
2.245761285391279571e+01 7.663094723667907147e+02 4.221890473908882268e+04 3.115543680611399679e+01
2.250792386727767180e+01 7.662697810453411194e+02 4.129793193364509352e+04 3.148278695186414922e+01
2.349271387633522323e+01 7.546251038104265945e+02 2.832593551364723680e+04 3.844910467804798060e+01
2.219026943635797622e+01 7.541808213665940457e+02 2.650193857140219188e+04 3.842563478474910710e+01
2.267286703283665616e+01 7.561740374399752227e+02 2.528167256316229759e+04 3.800772921863912757e+01
2.267286703283665616e+01 7.561740374399752227e+02 2.528167256316229759e+04 3.800772921863912757e+01
2.242312408949086944e+01 7.565469579089070749e+02 1.371972749990998636e+04 4.076524033196413654e+01
2.242312408949086944e+01 7.565469579089070749e+02 1.371972749990998636e+04 4.076524033196413654e+01
2.242312408949086944e+01 7.565469579089070749e+02 1.371972749990998636e+04 4.076524033196413654e+01
2.242312408949086944e+01 7.565469579089070749e+02 1.371972749990998636e+04 4.076524033196413654e+01
2.227791077338495285e+01 7.529821774094561988e+02 8.874244014725360103e+03 4.853863519351622813e+01
2.167995700387984925e+01 7.539344080832916006e+02 8.421755834270114065e+03 3.889230682231927005e+01
2.167995700387984925e+01 7.539344080832916006e+02 8.421755834270114065e+03 3.889230682231927005e+01
2.228040791554439437e+01 7.511488090509242284e+02 6.772154752978766737e+03 4.461857506248855998e+01
2.224781022753526116e+01 7.497796646609214122e+02 6.167604274470106247e+03 4.098692176430729006e+01
2.224781022753526116e+01 7.497796646609214122e+02 6.167604274470106247e+03 4.098692176430729006e+01
2.224781022753526116e+01 7.497796646609214122e+02 6.167604274470106247e+03 4.098692176430729006e+01
2.179438329613215686e+01 7.487952946785843551e+02 4.101488310201330933e+03 5.528740463748064826e+01
2.230840802000825107e+01 7.520287460087411091e+02 4.405074081997642679e+03 4.501505778071322794e+01
2.212989897560392549e+01 7.527516645266625801e+02 2.663003752494220407e+03 5.478755628413350109e+01
2.178485818178964450e+01 7.511939465274139138e+02 3.012984347730252011e+03 4.729455025024716264e+01
2.178485818178964450e+01 7.511939465274139138e+02 3.012984347730252011e+03 4.729455025024716264e+01
2.178485818178964450e+01 7.511939465274139138e+02 3.012984347730252011e+03 4.729455025024716264e+01
2.170715264306285874e+01 7.491850690309616994e+02 2.989474445911450857e+03 4.712236159540068314e+01
2.170715264306285874e+01 7.491850690309616994e+02 2.989474445911450857e+03 4.712236159540068314e+01
2.221744967780397317e+01 7.494542280822463454e+02 2.563820764986772701e+03 4.773933134014588830e+01
2.221744967780397317e+01 7.494542280822463454e+02 2.563820764986772701e+03 4.773933134014588830e+01
2.194468513159585044e+01 7.449765269849938250e+02 2.310028052077659595e+03 5.213811231964906057e+01
2.199052378714253564e+01 7.491578938727832337e+02 2.261938421033085433e+03 5.106057201425224434e+01
2.181907164911208241e+01 7.456240294973176788e+02 2.217887242412316937e+03 5.053357506867534710e+01
2.181907164911208241e+01 7.456240294973176788e+02 2.217887242412316937e+03 5.053357506867534710e+01
2.181907164911208241e+01 7.456240294973176788e+02 2.217887242412316937e+03 5.053357506867534710e+01
2.181907164911208241e+01 7.456240294973176788e+02 2.217887242412316937e+03 5.053357506867534710e+01
2.181907164911208241e+01 7.456240294973176788e+02 2.217887242412316937e+03 5.053357506867534710e+01
2.181907164911208241e+01 7.456240294973176788e+02 2.217887242412316937e+03 5.053357506867534710e+01
2.129309871141492394e+01 7.463165712948061810e+02 2.083740742703398155e+03 5.231334435773187863e+01
2.194165186517230381e+01 7.467145564743234445e+02 1.565850953922740246e+03 4.829173998311733840e+01
2.194165186517230381e+01 7.467145564743234445e+02 1.565850953922740246e+03 4.829173998311733840e+01
2.194165186517230381e+01 7.467145564743234445e+02 1.565850953922740246e+03 4.829173998311733840e+01
2.163226213930986219e+01 7.479167762063436840e+02 1.495835316160571665e+03 3.924782947570092517e+01
2.161350342504150390e+01 7.418991995903834322e+02 1.397465407665609519e+03 3.894162271583079615e+01
2.205078351553692784e+01 7.467760235079648510e+02 8.082189480641529826e+02 3.519142499017385717e+01
2.205078351553692784e+01 7.467760235079648510e+02 8.082189480641529826e+02 3.519142499017385717e+01
2.223045287691700267e+01 7.444791482618363716e+02 5.932262023704371359e+02 3.358828773020539415e+01
2.223045287691700267e+01 7.444791482618363716e+02 5.932262023704371359e+02 3.358828773020539415e+01
2.223045287691700267e+01 7.444791482618363716e+02 5.932262023704371359e+02 3.358828773020539415e+01
2.223045287691700267e+01 7.444791482618363716e+02 5.932262023704371359e+02 3.358828773020539415e+01
2.223045287691700267e+01 7.444791482618363716e+02 5.932262023704371359e+02 3.358828773020539415e+01
2.223045287691700267e+01 7.444791482618363716e+02 5.932262023704371359e+02 3.358828773020539415e+01
2.141617085299935042e+01 7.433815458685666044e+02 5.678771159171958516e+02 3.401991362349782122e+01
2.146050413760152153e+01 7.426411026519820098e+02 5.567895235770806721e+02 3.158504257703385321e+01
2.146050413760152153e+01 7.426411026519820098e+02 5.567895235770806721e+02 3.158504257703385321e+01
2.146050413760152153e+01 7.426411026519820098e+02 5.567895235770806721e+02 3.158504257703385321e+01
2.162599836325362901e+01 7.427763722100331734e+02 5.363119198063288877e+02 3.208573537353859706e+01
2.162599836325362901e+01 7.427763722100331734e+02 5.363119198063288877e+02 3.208573537353859706e+01
2.162599836325362901e+01 7.427763722100331734e+02 5.363119198063288877e+02 3.208573537353859706e+01
2.162599836325362901e+01 7.427763722100331734e+02 5.363119198063288877e+02 3.208573537353859706e+01
2.162599836325362901e+01 7.427763722100331734e+02 5.363119198063288877e+02 3.208573537353859706e+01
2.162599836325362901e+01 7.427763722100331734e+02 5.363119198063288877e+02 3.208573537353859706e+01
2.162599836325362901e+01 7.427763722100331734e+02 5.363119198063288877e+02 3.208573537353859706e+01
2.162599836325362901e+01 7.427763722100331734e+02 5.363119198063288877e+02 3.208573537353859706e+01
2.162599836325362901e+01 7.427763722100331734e+02 5.363119198063288877e+02 3.208573537353859706e+01
2.162599836325362901e+01 7.427763722100331734e+02 5.363119198063288877e+02 3.208573537353859706e+01
2.162599836325362901e+01 7.427763722100331734e+02 5.363119198063288877e+02 3.208573537353859706e+01
2.162599836325362901e+01 7.427763722100331734e+02 5.363119198063288877e+02 3.208573537353859706e+01
2.162599836325362901e+01 7.427763722100331734e+02 5.363119198063288877e+02 3.208573537353859706e+01
2.162599836325362901e+01 7.427763722100331734e+02 5.363119198063288877e+02 3.208573537353859706e+01
2.162599836325362901e+01 7.427763722100331734e+02 5.363119198063288877e+02 3.208573537353859706e+01
2.162599836325362901e+01 7.427763722100331734e+02 5.363119198063288877e+02 3.208573537353859706e+01
2.175732490493416194e+01 7.446843688122385174e+02 5.422818516433336526e+02 3.039145347969154187e+01
2.175732490493416194e+01 7.446843688122385174e+02 5.422818516433336526e+02 3.039145347969154187e+01
2.238384160077949403e+01 7.438025266101516308e+02 3.570100427506278606e+02 2.983221675129540174e+01
2.238384160077949403e+01 7.438025266101516308e+02 3.570100427506278606e+02 2.983221675129540174e+01
2.238384160077949403e+01 7.438025266101516308e+02 3.570100427506278606e+02 2.983221675129540174e+01
2.238384160077949403e+01 7.438025266101516308e+02 3.570100427506278606e+02 2.983221675129540174e+01
2.238863734232602454e+01 7.427994977500076175e+02 3.150948178501266170e+02 2.990266772231309034e+01
2.238863734232602454e+01 7.427994977500076175e+02 3.150948178501266170e+02 2.990266772231309034e+01
2.238863734232602454e+01 7.427994977500076175e+02 3.150948178501266170e+02 2.990266772231309034e+01
2.238863734232602454e+01 7.427994977500076175e+02 3.150948178501266170e+02 2.990266772231309034e+01
2.238863734232602454e+01 7.427994977500076175e+02 3.150948178501266170e+02 2.990266772231309034e+01
2.238863734232602454e+01 7.427994977500076175e+02 3.150948178501266170e+02 2.990266772231309034e+01
2.238863734232602454e+01 7.427994977500076175e+02 3.150948178501266170e+02 2.990266772231309034e+01
2.238863734232602454e+01 7.427994977500076175e+02 3.150948178501266170e+02 2.990266772231309034e+01
2.185847250463231006e+01 7.396294871914952864e+02 3.141717250234697190e+02 2.910150610037933916e+01
2.185847250463231006e+01 7.396294871914952864e+02 3.141717250234697190e+02 2.910150610037933916e+01
2.185847250463231006e+01 7.396294871914952864e+02 3.141717250234697190e+02 2.910150610037933916e+01
2.185847250463231006e+01 7.396294871914952864e+02 3.141717250234697190e+02 2.910150610037933916e+01
2.185847250463231006e+01 7.396294871914952864e+02 3.141717250234697190e+02 2.910150610037933916e+01
2.185847250463231006e+01 7.396294871914952864e+02 3.141717250234697190e+02 2.910150610037933916e+01
2.185847250463231006e+01 7.396294871914952864e+02 3.141717250234697190e+02 2.910150610037933916e+01
2.185847250463231006e+01 7.396294871914952864e+02 3.141717250234697190e+02 2.910150610037933916e+01
2.185847250463231006e+01 7.396294871914952864e+02 3.141717250234697190e+02 2.910150610037933916e+01
2.185847250463231006e+01 7.396294871914952864e+02 3.141717250234697190e+02 2.910150610037933916e+01
2.185847250463231006e+01 7.396294871914952864e+02 3.141717250234697190e+02 2.910150610037933916e+01
2.185847250463231006e+01 7.396294871914952864e+02 3.141717250234697190e+02 2.910150610037933916e+01
2.185847250463231006e+01 7.396294871914952864e+02 3.141717250234697190e+02 2.910150610037933916e+01
2.185847250463231006e+01 7.396294871914952864e+02 3.141717250234697190e+02 2.910150610037933916e+01
2.185847250463231006e+01 7.396294871914952864e+02 3.141717250234697190e+02 2.910150610037933916e+01
2.185847250463231006e+01 7.396294871914952864e+02 3.141717250234697190e+02 2.910150610037933916e+01
2.185847250463231006e+01 7.396294871914952864e+02 3.141717250234697190e+02 2.910150610037933916e+01
2.185847250463231006e+01 7.396294871914952864e+02 3.141717250234697190e+02 2.910150610037933916e+01
2.185847250463231006e+01 7.396294871914952864e+02 3.141717250234697190e+02 2.910150610037933916e+01
2.185847250463231006e+01 7.396294871914952864e+02 3.141717250234697190e+02 2.910150610037933916e+01
2.190011613243921573e+01 7.410389447865509283e+02 3.066976591405422141e+02 2.704998735983487279e+01
2.218802554435718122e+01 7.388105395121946231e+02 2.864376552486784817e+02 2.668225224974996479e+01
2.218802554435718122e+01 7.388105395121946231e+02 2.864376552486784817e+02 2.668225224974996479e+01
2.218802554435718122e+01 7.388105395121946231e+02 2.864376552486784817e+02 2.668225224974996479e+01
2.218802554435718122e+01 7.388105395121946231e+02 2.864376552486784817e+02 2.668225224974996479e+01
2.218802554435718122e+01 7.388105395121946231e+02 2.864376552486784817e+02 2.668225224974996479e+01
2.218802554435718122e+01 7.388105395121946231e+02 2.864376552486784817e+02 2.668225224974996479e+01
2.218802554435718122e+01 7.388105395121946231e+02 2.864376552486784817e+02 2.668225224974996479e+01
2.218802554435718122e+01 7.388105395121946231e+02 2.864376552486784817e+02 2.668225224974996479e+01
2.218802554435718122e+01 7.388105395121946231e+02 2.864376552486784817e+02 2.668225224974996479e+01
2.219071343496486293e+01 7.375132948664186188e+02 2.609754950726467655e+02 2.662423606342063565e+01
2.219071343496486293e+01 7.375132948664186188e+02 2.609754950726467655e+02 2.662423606342063565e+01
2.219071343496486293e+01 7.375132948664186188e+02 2.609754950726467655e+02 2.662423606342063565e+01
2.219071343496486293e+01 7.375132948664186188e+02 2.609754950726467655e+02 2.662423606342063565e+01
2.219071343496486293e+01 7.375132948664186188e+02 2.609754950726467655e+02 2.662423606342063565e+01
2.219071343496486293e+01 7.375132948664186188e+02 2.609754950726467655e+02 2.662423606342063565e+01
2.219071343496486293e+01 7.375132948664186188e+02 2.609754950726467655e+02 2.662423606342063565e+01
2.219071343496486293e+01 7.375132948664186188e+02 2.609754950726467655e+02 2.662423606342063565e+01
2.219071343496486293e+01 7.375132948664186188e+02 2.609754950726467655e+02 2.662423606342063565e+01
2.219071343496486293e+01 7.375132948664186188e+02 2.609754950726467655e+02 2.662423606342063565e+01
2.219071343496486293e+01 7.375132948664186188e+02 2.609754950726467655e+02 2.662423606342063565e+01
2.219071343496486293e+01 7.375132948664186188e+02 2.609754950726467655e+02 2.662423606342063565e+01
2.219071343496486293e+01 7.375132948664186188e+02 2.609754950726467655e+02 2.662423606342063565e+01
2.219071343496486293e+01 7.375132948664186188e+02 2.609754950726467655e+02 2.662423606342063565e+01
2.219071343496486293e+01 7.375132948664186188e+02 2.609754950726467655e+02 2.662423606342063565e+01
2.219071343496486293e+01 7.375132948664186188e+02 2.609754950726467655e+02 2.662423606342063565e+01
2.219071343496486293e+01 7.375132948664186188e+02 2.609754950726467655e+02 2.662423606342063565e+01
2.219071343496486293e+01 7.375132948664186188e+02 2.609754950726467655e+02 2.662423606342063565e+01
2.219071343496486293e+01 7.375132948664186188e+02 2.609754950726467655e+02 2.662423606342063565e+01
2.219071343496486293e+01 7.375132948664186188e+02 2.609754950726467655e+02 2.662423606342063565e+01
2.219071343496486293e+01 7.375132948664186188e+02 2.609754950726467655e+02 2.662423606342063565e+01
2.219071343496486293e+01 7.375132948664186188e+02 2.609754950726467655e+02 2.662423606342063565e+01
2.219071343496486293e+01 7.375132948664186188e+02 2.609754950726467655e+02 2.662423606342063565e+01
2.219071343496486293e+01 7.375132948664186188e+02 2.609754950726467655e+02 2.662423606342063565e+01
2.219071343496486293e+01 7.375132948664186188e+02 2.609754950726467655e+02 2.662423606342063565e+01
2.219071343496486293e+01 7.375132948664186188e+02 2.609754950726467655e+02 2.662423606342063565e+01
2.219071343496486293e+01 7.375132948664186188e+02 2.609754950726467655e+02 2.662423606342063565e+01
2.219071343496486293e+01 7.375132948664186188e+02 2.609754950726467655e+02 2.662423606342063565e+01
2.219071343496486293e+01 7.375132948664186188e+02 2.609754950726467655e+02 2.662423606342063565e+01
2.219071343496486293e+01 7.375132948664186188e+02 2.609754950726467655e+02 2.662423606342063565e+01
2.219071343496486293e+01 7.375132948664186188e+02 2.609754950726467655e+02 2.662423606342063565e+01
2.219071343496486293e+01 7.375132948664186188e+02 2.609754950726467655e+02 2.662423606342063565e+01
2.219071343496486293e+01 7.375132948664186188e+02 2.609754950726467655e+02 2.662423606342063565e+01
2.219071343496486293e+01 7.375132948664186188e+02 2.609754950726467655e+02 2.662423606342063565e+01
2.219071343496486293e+01 7.375132948664186188e+02 2.609754950726467655e+02 2.662423606342063565e+01
2.219071343496486293e+01 7.375132948664186188e+02 2.609754950726467655e+02 2.662423606342063565e+01
2.219071343496486293e+01 7.375132948664186188e+02 2.609754950726467655e+02 2.662423606342063565e+01
2.189991886824221368e+01 7.400374966255571962e+02 2.668336322785038988e+02 2.492817342968090699e+01
2.189991886824221368e+01 7.400374966255571962e+02 2.668336322785038988e+02 2.492817342968090699e+01
2.189991886824221368e+01 7.400374966255571962e+02 2.668336322785038988e+02 2.492817342968090699e+01
2.189991886824221368e+01 7.400374966255571962e+02 2.668336322785038988e+02 2.492817342968090699e+01
2.189991886824221368e+01 7.400374966255571962e+02 2.668336322785038988e+02 2.492817342968090699e+01
2.189991886824221368e+01 7.400374966255571962e+02 2.668336322785038988e+02 2.492817342968090699e+01
2.189991886824221368e+01 7.400374966255571962e+02 2.668336322785038988e+02 2.492817342968090699e+01
2.189991886824221368e+01 7.400374966255571962e+02 2.668336322785038988e+02 2.492817342968090699e+01
2.189991886824221368e+01 7.400374966255571962e+02 2.668336322785038988e+02 2.492817342968090699e+01
2.189991886824221368e+01 7.400374966255571962e+02 2.668336322785038988e+02 2.492817342968090699e+01
2.189991886824221368e+01 7.400374966255571962e+02 2.668336322785038988e+02 2.492817342968090699e+01
2.189991886824221368e+01 7.400374966255571962e+02 2.668336322785038988e+02 2.492817342968090699e+01
2.189991886824221368e+01 7.400374966255571962e+02 2.668336322785038988e+02 2.492817342968090699e+01
2.189991886824221368e+01 7.400374966255571962e+02 2.668336322785038988e+02 2.492817342968090699e+01
2.189991886824221368e+01 7.400374966255571962e+02 2.668336322785038988e+02 2.492817342968090699e+01
2.189991886824221368e+01 7.400374966255571962e+02 2.668336322785038988e+02 2.492817342968090699e+01
2.189991886824221368e+01 7.400374966255571962e+02 2.668336322785038988e+02 2.492817342968090699e+01
2.189991886824221368e+01 7.400374966255571962e+02 2.668336322785038988e+02 2.492817342968090699e+01
2.189991886824221368e+01 7.400374966255571962e+02 2.668336322785038988e+02 2.492817342968090699e+01
2.189991886824221368e+01 7.400374966255571962e+02 2.668336322785038988e+02 2.492817342968090699e+01
2.189991886824221368e+01 7.400374966255571962e+02 2.668336322785038988e+02 2.492817342968090699e+01
2.189991886824221368e+01 7.400374966255571962e+02 2.668336322785038988e+02 2.492817342968090699e+01
2.189991886824221368e+01 7.400374966255571962e+02 2.668336322785038988e+02 2.492817342968090699e+01
2.189991886824221368e+01 7.400374966255571962e+02 2.668336322785038988e+02 2.492817342968090699e+01
2.189991886824221368e+01 7.400374966255571962e+02 2.668336322785038988e+02 2.492817342968090699e+01
2.189991886824221368e+01 7.400374966255571962e+02 2.668336322785038988e+02 2.492817342968090699e+01
2.189991886824221368e+01 7.400374966255571962e+02 2.668336322785038988e+02 2.492817342968090699e+01
2.163287957521213656e+01 7.381843865117677979e+02 2.641235710907190537e+02 2.554631375281307371e+01
2.163287957521213656e+01 7.381843865117677979e+02 2.641235710907190537e+02 2.554631375281307371e+01
2.163287957521213656e+01 7.381843865117677979e+02 2.641235710907190537e+02 2.554631375281307371e+01
2.163287957521213656e+01 7.381843865117677979e+02 2.641235710907190537e+02 2.554631375281307371e+01
2.163287957521213656e+01 7.381843865117677979e+02 2.641235710907190537e+02 2.554631375281307371e+01
2.163287957521213656e+01 7.381843865117677979e+02 2.641235710907190537e+02 2.554631375281307371e+01
2.163287957521213656e+01 7.381843865117677979e+02 2.641235710907190537e+02 2.554631375281307371e+01
2.163287957521213656e+01 7.381843865117677979e+02 2.641235710907190537e+02 2.554631375281307371e+01
2.163287957521213656e+01 7.381843865117677979e+02 2.641235710907190537e+02 2.554631375281307371e+01
2.163287957521213656e+01 7.381843865117677979e+02 2.641235710907190537e+02 2.554631375281307371e+01
2.163287957521213656e+01 7.381843865117677979e+02 2.641235710907190537e+02 2.554631375281307371e+01
2.163287957521213656e+01 7.381843865117677979e+02 2.641235710907190537e+02 2.554631375281307371e+01
2.163287957521213656e+01 7.381843865117677979e+02 2.641235710907190537e+02 2.554631375281307371e+01
2.163287957521213656e+01 7.381843865117677979e+02 2.641235710907190537e+02 2.554631375281307371e+01
2.163287957521213656e+01 7.381843865117677979e+02 2.641235710907190537e+02 2.554631375281307371e+01
2.163287957521213656e+01 7.381843865117677979e+02 2.641235710907190537e+02 2.554631375281307371e+01
2.163287957521213656e+01 7.381843865117677979e+02 2.641235710907190537e+02 2.554631375281307371e+01
2.163287957521213656e+01 7.381843865117677979e+02 2.641235710907190537e+02 2.554631375281307371e+01
2.163287957521213656e+01 7.381843865117677979e+02 2.641235710907190537e+02 2.554631375281307371e+01
2.163287957521213656e+01 7.381843865117677979e+02 2.641235710907190537e+02 2.554631375281307371e+01
2.163287957521213656e+01 7.381843865117677979e+02 2.641235710907190537e+02 2.554631375281307371e+01
2.163287957521213656e+01 7.381843865117677979e+02 2.641235710907190537e+02 2.554631375281307371e+01
2.163287957521213656e+01 7.381843865117677979e+02 2.641235710907190537e+02 2.554631375281307371e+01
2.163287957521213656e+01 7.381843865117677979e+02 2.641235710907190537e+02 2.554631375281307371e+01
2.163287957521213656e+01 7.381843865117677979e+02 2.641235710907190537e+02 2.554631375281307371e+01
2.163287957521213656e+01 7.381843865117677979e+02 2.641235710907190537e+02 2.554631375281307371e+01
2.163287957521213656e+01 7.381843865117677979e+02 2.641235710907190537e+02 2.554631375281307371e+01
2.163287957521213656e+01 7.381843865117677979e+02 2.641235710907190537e+02 2.554631375281307371e+01
2.163287957521213656e+01 7.381843865117677979e+02 2.641235710907190537e+02 2.554631375281307371e+01
2.155844896915623465e+01 7.368856673336313179e+02 2.598706563290283498e+02 2.556163088638190217e+01
2.155844896915623465e+01 7.368856673336313179e+02 2.598706563290283498e+02 2.556163088638190217e+01
2.155844896915623465e+01 7.368856673336313179e+02 2.598706563290283498e+02 2.556163088638190217e+01
2.155844896915623465e+01 7.368856673336313179e+02 2.598706563290283498e+02 2.556163088638190217e+01
2.155844896915623465e+01 7.368856673336313179e+02 2.598706563290283498e+02 2.556163088638190217e+01
2.155844896915623465e+01 7.368856673336313179e+02 2.598706563290283498e+02 2.556163088638190217e+01
2.155844896915623465e+01 7.368856673336313179e+02 2.598706563290283498e+02 2.556163088638190217e+01
2.155844896915623465e+01 7.368856673336313179e+02 2.598706563290283498e+02 2.556163088638190217e+01
2.155844896915623465e+01 7.368856673336313179e+02 2.598706563290283498e+02 2.556163088638190217e+01
2.155844896915623465e+01 7.368856673336313179e+02 2.598706563290283498e+02 2.556163088638190217e+01
2.155844896915623465e+01 7.368856673336313179e+02 2.598706563290283498e+02 2.556163088638190217e+01
2.155844896915623465e+01 7.368856673336313179e+02 2.598706563290283498e+02 2.556163088638190217e+01
2.155844896915623465e+01 7.368856673336313179e+02 2.598706563290283498e+02 2.556163088638190217e+01
2.155844896915623465e+01 7.368856673336313179e+02 2.598706563290283498e+02 2.556163088638190217e+01
2.155844896915623465e+01 7.368856673336313179e+02 2.598706563290283498e+02 2.556163088638190217e+01
2.155844896915623465e+01 7.368856673336313179e+02 2.598706563290283498e+02 2.556163088638190217e+01
2.155844896915623465e+01 7.368856673336313179e+02 2.598706563290283498e+02 2.556163088638190217e+01
2.155844896915623465e+01 7.368856673336313179e+02 2.598706563290283498e+02 2.556163088638190217e+01
2.155844896915623465e+01 7.368856673336313179e+02 2.598706563290283498e+02 2.556163088638190217e+01
2.155844896915623465e+01 7.368856673336313179e+02 2.598706563290283498e+02 2.556163088638190217e+01
2.155844896915623465e+01 7.368856673336313179e+02 2.598706563290283498e+02 2.556163088638190217e+01
2.155844896915623465e+01 7.368856673336313179e+02 2.598706563290283498e+02 2.556163088638190217e+01
2.155844896915623465e+01 7.368856673336313179e+02 2.598706563290283498e+02 2.556163088638190217e+01
2.155844896915623465e+01 7.368856673336313179e+02 2.598706563290283498e+02 2.556163088638190217e+01
2.155844896915623465e+01 7.368856673336313179e+02 2.598706563290283498e+02 2.556163088638190217e+01
2.155844896915623465e+01 7.368856673336313179e+02 2.598706563290283498e+02 2.556163088638190217e+01
2.155844896915623465e+01 7.368856673336313179e+02 2.598706563290283498e+02 2.556163088638190217e+01
2.155844896915623465e+01 7.368856673336313179e+02 2.598706563290283498e+02 2.556163088638190217e+01
2.155844896915623465e+01 7.368856673336313179e+02 2.598706563290283498e+02 2.556163088638190217e+01
2.155844896915623465e+01 7.368856673336313179e+02 2.598706563290283498e+02 2.556163088638190217e+01
2.155844896915623465e+01 7.368856673336313179e+02 2.598706563290283498e+02 2.556163088638190217e+01
2.155844896915623465e+01 7.368856673336313179e+02 2.598706563290283498e+02 2.556163088638190217e+01
2.155844896915623465e+01 7.368856673336313179e+02 2.598706563290283498e+02 2.556163088638190217e+01
2.155844896915623465e+01 7.368856673336313179e+02 2.598706563290283498e+02 2.556163088638190217e+01
2.155844896915623465e+01 7.368856673336313179e+02 2.598706563290283498e+02 2.556163088638190217e+01
2.155844896915623465e+01 7.368856673336313179e+02 2.598706563290283498e+02 2.556163088638190217e+01
2.155844896915623465e+01 7.368856673336313179e+02 2.598706563290283498e+02 2.556163088638190217e+01
2.155844896915623465e+01 7.368856673336313179e+02 2.598706563290283498e+02 2.556163088638190217e+01
2.155844896915623465e+01 7.368856673336313179e+02 2.598706563290283498e+02 2.556163088638190217e+01
2.155844896915623465e+01 7.368856673336313179e+02 2.598706563290283498e+02 2.556163088638190217e+01
2.155844896915623465e+01 7.368856673336313179e+02 2.598706563290283498e+02 2.556163088638190217e+01
2.155844896915623465e+01 7.368856673336313179e+02 2.598706563290283498e+02 2.556163088638190217e+01
2.155844896915623465e+01 7.368856673336313179e+02 2.598706563290283498e+02 2.556163088638190217e+01
2.155844896915623465e+01 7.368856673336313179e+02 2.598706563290283498e+02 2.556163088638190217e+01
2.155844896915623465e+01 7.368856673336313179e+02 2.598706563290283498e+02 2.556163088638190217e+01
2.155844896915623465e+01 7.368856673336313179e+02 2.598706563290283498e+02 2.556163088638190217e+01
2.155844896915623465e+01 7.368856673336313179e+02 2.598706563290283498e+02 2.556163088638190217e+01
2.155844896915623465e+01 7.368856673336313179e+02 2.598706563290283498e+02 2.556163088638190217e+01
2.155844896915623465e+01 7.368856673336313179e+02 2.598706563290283498e+02 2.556163088638190217e+01
2.155844896915623465e+01 7.368856673336313179e+02 2.598706563290283498e+02 2.556163088638190217e+01
2.155844896915623465e+01 7.368856673336313179e+02 2.598706563290283498e+02 2.556163088638190217e+01
2.155844896915623465e+01 7.368856673336313179e+02 2.598706563290283498e+02 2.556163088638190217e+01
2.155844896915623465e+01 7.368856673336313179e+02 2.598706563290283498e+02 2.556163088638190217e+01
2.155844896915623465e+01 7.368856673336313179e+02 2.598706563290283498e+02 2.556163088638190217e+01
2.155844896915623465e+01 7.368856673336313179e+02 2.598706563290283498e+02 2.556163088638190217e+01
2.155844896915623465e+01 7.368856673336313179e+02 2.598706563290283498e+02 2.556163088638190217e+01
2.155844896915623465e+01 7.368856673336313179e+02 2.598706563290283498e+02 2.556163088638190217e+01
2.155844896915623465e+01 7.368856673336313179e+02 2.598706563290283498e+02 2.556163088638190217e+01
2.155844896915623465e+01 7.368856673336313179e+02 2.598706563290283498e+02 2.556163088638190217e+01
2.155844896915623465e+01 7.368856673336313179e+02 2.598706563290283498e+02 2.556163088638190217e+01
2.155844896915623465e+01 7.368856673336313179e+02 2.598706563290283498e+02 2.556163088638190217e+01
2.155844896915623465e+01 7.368856673336313179e+02 2.598706563290283498e+02 2.556163088638190217e+01
2.155844896915623465e+01 7.368856673336313179e+02 2.598706563290283498e+02 2.556163088638190217e+01
2.155844896915623465e+01 7.368856673336313179e+02 2.598706563290283498e+02 2.556163088638190217e+01
2.155844896915623465e+01 7.368856673336313179e+02 2.598706563290283498e+02 2.556163088638190217e+01
2.155844896915623465e+01 7.368856673336313179e+02 2.598706563290283498e+02 2.556163088638190217e+01
2.155844896915623465e+01 7.368856673336313179e+02 2.598706563290283498e+02 2.556163088638190217e+01
2.155844896915623465e+01 7.368856673336313179e+02 2.598706563290283498e+02 2.556163088638190217e+01
2.155844896915623465e+01 7.368856673336313179e+02 2.598706563290283498e+02 2.556163088638190217e+01
2.155844896915623465e+01 7.368856673336313179e+02 2.598706563290283498e+02 2.556163088638190217e+01
2.155844896915623465e+01 7.368856673336313179e+02 2.598706563290283498e+02 2.556163088638190217e+01
2.155844896915623465e+01 7.368856673336313179e+02 2.598706563290283498e+02 2.556163088638190217e+01
2.155844896915623465e+01 7.368856673336313179e+02 2.598706563290283498e+02 2.556163088638190217e+01
2.155844896915623465e+01 7.368856673336313179e+02 2.598706563290283498e+02 2.556163088638190217e+01
2.155844896915623465e+01 7.368856673336313179e+02 2.598706563290283498e+02 2.556163088638190217e+01
2.155844896915623465e+01 7.368856673336313179e+02 2.598706563290283498e+02 2.556163088638190217e+01
2.155844896915623465e+01 7.368856673336313179e+02 2.598706563290283498e+02 2.556163088638190217e+01
2.155844896915623465e+01 7.368856673336313179e+02 2.598706563290283498e+02 2.556163088638190217e+01
2.155844896915623465e+01 7.368856673336313179e+02 2.598706563290283498e+02 2.556163088638190217e+01
2.155844896915623465e+01 7.368856673336313179e+02 2.598706563290283498e+02 2.556163088638190217e+01
2.155844896915623465e+01 7.368856673336313179e+02 2.598706563290283498e+02 2.556163088638190217e+01
2.155844896915623465e+01 7.368856673336313179e+02 2.598706563290283498e+02 2.556163088638190217e+01
2.155844896915623465e+01 7.368856673336313179e+02 2.598706563290283498e+02 2.556163088638190217e+01
2.155844896915623465e+01 7.368856673336313179e+02 2.598706563290283498e+02 2.556163088638190217e+01
2.155844896915623465e+01 7.368856673336313179e+02 2.598706563290283498e+02 2.556163088638190217e+01
2.155844896915623465e+01 7.368856673336313179e+02 2.598706563290283498e+02 2.556163088638190217e+01
2.155844896915623465e+01 7.368856673336313179e+02 2.598706563290283498e+02 2.556163088638190217e+01
2.155844896915623465e+01 7.368856673336313179e+02 2.598706563290283498e+02 2.556163088638190217e+01
2.155844896915623465e+01 7.368856673336313179e+02 2.598706563290283498e+02 2.556163088638190217e+01
2.155844896915623465e+01 7.368856673336313179e+02 2.598706563290283498e+02 2.556163088638190217e+01
2.155844896915623465e+01 7.368856673336313179e+02 2.598706563290283498e+02 2.556163088638190217e+01
2.155844896915623465e+01 7.368856673336313179e+02 2.598706563290283498e+02 2.556163088638190217e+01
2.155844896915623465e+01 7.368856673336313179e+02 2.598706563290283498e+02 2.556163088638190217e+01
2.155844896915623465e+01 7.368856673336313179e+02 2.598706563290283498e+02 2.556163088638190217e+01
2.155844896915623465e+01 7.368856673336313179e+02 2.598706563290283498e+02 2.556163088638190217e+01
2.155844896915623465e+01 7.368856673336313179e+02 2.598706563290283498e+02 2.556163088638190217e+01
2.155844896915623465e+01 7.368856673336313179e+02 2.598706563290283498e+02 2.556163088638190217e+01
2.155844896915623465e+01 7.368856673336313179e+02 2.598706563290283498e+02 2.556163088638190217e+01
2.155844896915623465e+01 7.368856673336313179e+02 2.598706563290283498e+02 2.556163088638190217e+01
2.155844896915623465e+01 7.368856673336313179e+02 2.598706563290283498e+02 2.556163088638190217e+01
2.155844896915623465e+01 7.368856673336313179e+02 2.598706563290283498e+02 2.556163088638190217e+01
2.155844896915623465e+01 7.368856673336313179e+02 2.598706563290283498e+02 2.556163088638190217e+01
2.155844896915623465e+01 7.368856673336313179e+02 2.598706563290283498e+02 2.556163088638190217e+01
2.155844896915623465e+01 7.368856673336313179e+02 2.598706563290283498e+02 2.556163088638190217e+01
2.155844896915623465e+01 7.368856673336313179e+02 2.598706563290283498e+02 2.556163088638190217e+01
2.155844896915623465e+01 7.368856673336313179e+02 2.598706563290283498e+02 2.556163088638190217e+01
2.155844896915623465e+01 7.368856673336313179e+02 2.598706563290283498e+02 2.556163088638190217e+01
2.155844896915623465e+01 7.368856673336313179e+02 2.598706563290283498e+02 2.556163088638190217e+01
2.155844896915623465e+01 7.368856673336313179e+02 2.598706563290283498e+02 2.556163088638190217e+01
2.155844896915623465e+01 7.368856673336313179e+02 2.598706563290283498e+02 2.556163088638190217e+01
2.155844896915623465e+01 7.368856673336313179e+02 2.598706563290283498e+02 2.556163088638190217e+01
2.155844896915623465e+01 7.368856673336313179e+02 2.598706563290283498e+02 2.556163088638190217e+01
2.155844896915623465e+01 7.368856673336313179e+02 2.598706563290283498e+02 2.556163088638190217e+01
2.155844896915623465e+01 7.368856673336313179e+02 2.598706563290283498e+02 2.556163088638190217e+01
2.155844896915623465e+01 7.368856673336313179e+02 2.598706563290283498e+02 2.556163088638190217e+01
2.155844896915623465e+01 7.368856673336313179e+02 2.598706563290283498e+02 2.556163088638190217e+01
2.155844896915623465e+01 7.368856673336313179e+02 2.598706563290283498e+02 2.556163088638190217e+01
2.155844896915623465e+01 7.368856673336313179e+02 2.598706563290283498e+02 2.556163088638190217e+01
2.155844896915623465e+01 7.368856673336313179e+02 2.598706563290283498e+02 2.556163088638190217e+01
2.155844896915623465e+01 7.368856673336313179e+02 2.598706563290283498e+02 2.556163088638190217e+01
2.155844896915623465e+01 7.368856673336313179e+02 2.598706563290283498e+02 2.556163088638190217e+01
2.155844896915623465e+01 7.368856673336313179e+02 2.598706563290283498e+02 2.556163088638190217e+01
2.155844896915623465e+01 7.368856673336313179e+02 2.598706563290283498e+02 2.556163088638190217e+01
2.155844896915623465e+01 7.368856673336313179e+02 2.598706563290283498e+02 2.556163088638190217e+01
2.155844896915623465e+01 7.368856673336313179e+02 2.598706563290283498e+02 2.556163088638190217e+01
2.155844896915623465e+01 7.368856673336313179e+02 2.598706563290283498e+02 2.556163088638190217e+01
2.155844896915623465e+01 7.368856673336313179e+02 2.598706563290283498e+02 2.556163088638190217e+01
2.155844896915623465e+01 7.368856673336313179e+02 2.598706563290283498e+02 2.556163088638190217e+01
2.155844896915623465e+01 7.368856673336313179e+02 2.598706563290283498e+02 2.556163088638190217e+01
2.155844896915623465e+01 7.368856673336313179e+02 2.598706563290283498e+02 2.556163088638190217e+01
2.155844896915623465e+01 7.368856673336313179e+02 2.598706563290283498e+02 2.556163088638190217e+01
2.155844896915623465e+01 7.368856673336313179e+02 2.598706563290283498e+02 2.556163088638190217e+01
2.155844896915623465e+01 7.368856673336313179e+02 2.598706563290283498e+02 2.556163088638190217e+01
2.155844896915623465e+01 7.368856673336313179e+02 2.598706563290283498e+02 2.556163088638190217e+01
2.155844896915623465e+01 7.368856673336313179e+02 2.598706563290283498e+02 2.556163088638190217e+01
2.155844896915623465e+01 7.368856673336313179e+02 2.598706563290283498e+02 2.556163088638190217e+01
2.155844896915623465e+01 7.368856673336313179e+02 2.598706563290283498e+02 2.556163088638190217e+01
2.155844896915623465e+01 7.368856673336313179e+02 2.598706563290283498e+02 2.556163088638190217e+01
2.155844896915623465e+01 7.368856673336313179e+02 2.598706563290283498e+02 2.556163088638190217e+01
2.155844896915623465e+01 7.368856673336313179e+02 2.598706563290283498e+02 2.556163088638190217e+01
