1.000000000000000000e+00 1.000000000000000000e+00 1.000000000000000000e+00 1.000000000000000000e+00
8.038297696591266694e-01 7.354067250772494679e-01 1.141353471015634568e+03 3.138829938885300680e-02
8.650060300558695126e-01 7.191451287345156373e-01 1.110975669219819338e+03 3.456114205710057036e-02
8.475720948617344597e-01 7.167661245008348780e-01 1.052587034355523656e+03 3.318391444797915563e-02
7.701911013017930241e-01 7.539732385575413920e-01 1.040160192502721202e+03 3.674857115400959745e-02
8.166659385787674585e-01 7.224564931765788955e-01 1.103408580171197627e+03 3.504674574644955215e-02
7.931314602034459371e-01 6.879944081027676850e-01 1.009070074800980478e+03 4.268725076078542374e-02
7.479237948679791081e-01 7.512023004871900556e-01 9.684791022715888857e+02 3.307474957071749461e-02
5.309540704937861788e-01 6.777126477533085280e-01 9.691930461311822000e+02 3.322737601720556627e-02
5.433522390868688046e-01 6.446146940138612891e-01 9.435534867342507823e+02 3.527211856100980619e-02
5.408287418311569228e-01 6.872316061147987210e-01 8.887615918363010223e+02 3.776559381930114784e-02
4.941006947663219573e-01 6.235719592058893701e-01 9.583239963500487875e+02 3.407013104991704622e-02
5.075838166808229746e-01 6.808148114280362373e-01 8.975921490708750525e+02 3.345270333643247940e-02
4.763914788490962171e-01 7.204102935191437629e-01 8.939269860115082338e+02 3.195121675384306886e-02
5.030249323640292314e-01 6.852814103585590511e-01 9.151915015762740495e+02 3.141363759844219283e-02
5.096069523630519793e-01 7.141111903528372107e-01 8.881130761085012182e+02 3.237796183775937253e-02
4.861010353312828491e-01 7.119232703194606771e-01 8.638715086115560098e+02 3.619537954391376794e-02
4.335536745865731234e-01 6.709361401951825510e-01 8.578820401815287369e+02 3.266866565069518474e-02
4.285346514415143693e-01 6.486157012126699817e-01 8.864393664375285198e+02 3.437981472068525612e-02
4.523728624501357487e-01 6.701938922413670507e-01 8.694222149075167181e+02 3.545077330534116000e-02
4.339193010434087006e-01 6.118852533910322800e-01 8.624448071818164863e+02 3.159378087908563254e-02
4.392808248533087156e-01 6.284837401057103978e-01 8.370399004534274354e+02 3.277885975961505882e-02
4.484994842009509264e-01 6.401916911897737039e-01 8.416707351863311715e+02 3.494854697287123890e-02
4.611895703866952800e-01 6.796570568894033659e-01 7.600454034992827701e+02 3.202327083579682016e-02
4.611239243690583023e-01 6.103084395109737992e-01 7.983912890574483754e+02 3.619533525969099996e-02
4.671267806181255144e-01 6.116623987078125824e-01 8.216631871794591007e+02 3.389163275008339610e-02
4.110142734670583775e-01 6.444821254480002093e-01 8.394808954045703331e+02 3.729117406083867076e-02
3.695241439804516359e-01 6.321775219911729415e-01 7.637646360942095498e+02 3.403236765481446741e-02
2.816907933937397579e-01 6.242328949142093020e-01 6.926579351837441436e+02 3.168697720495521758e-02
2.706345456358024149e-01 5.635266263006700749e-01 6.758539854460062770e+02 3.459231575883234960e-02
2.782914343878916119e-01 5.241307499810363701e-01 6.928528299047718519e+02 3.584062431402610521e-02
2.784677442009496073e-01 4.986865110542946788e-01 7.395284836404284761e+02 3.216315993267324785e-02
1.933836707841963820e-01 5.279538544357477159e-01 6.104353920816745358e+02 3.772098151926308457e-02
1.958687142592542840e-01 5.703070324307387695e-01 6.488639466127143578e+02 3.460181380420099262e-02
1.504345577894777297e-01 3.296659340355951873e-01 6.243458703637628560e+02 3.651054347753846657e-02
1.554850265522734754e-01 3.238180479551442392e-01 6.084254963189756609e+02 3.591618227071303321e-02
1.571312260554081908e-01 2.992764570458871232e-01 6.740260321811696258e+02 3.790722915878412536e-02
1.544597194380194494e-01 3.264318569590246577e-01 7.133381586302442656e+02 3.960071859157161811e-02
1.548072761358406657e-01 2.990679575387416578e-01 6.092304783989783346e+02 3.816936371454910520e-02
1.420948108014911115e-01 2.640425976690730092e-01 5.889684829807580400e+02 3.874126984524318279e-02
1.526845413018231845e-01 2.590446285176463692e-01 6.349907911739489919e+02 4.034788774369639508e-02
1.584661313779104075e-01 2.893971524336404477e-01 5.404974213999819312e+02 3.818510784184739326e-02
1.476720568480998363e-01 2.773031515620001386e-01 5.801178480461211393e+02 3.498688165090847041e-02
1.669674176974534074e-01 2.631427548892497637e-01 6.337296833670851584e+02 3.462148703778118036e-02
1.600412825286818830e-01 2.688996230853564762e-01 5.576070141643069746e+02 3.673564804868399009e-02
1.509441956330013768e-01 2.568968519292818553e-01 6.067007745821382514e+02 3.358301878881311126e-02
1.115512166951646011e-01 2.901996468743115454e-01 5.208430697155296230e+02 3.621242878682764954e-02
1.014094782472840656e-01 2.535034251268115102e-01 5.303622288809591510e+02 3.882809882650256617e-02
1.009163230255777921e-01 2.717565901921104032e-01 4.588679642845128228e+02 4.287423274400406492e-02
1.107524188735696663e-01 3.010853316140162939e-01 4.472506225858234075e+02 4.475653581435872636e-02
1.124166357746751860e-01 2.822433564869700207e-01 4.981170768202775889e+02 4.791551588165608722e-02
1.093431574936665068e-01 2.863706962188806715e-01 4.522280398261401615e+02 4.767001455469094956e-02
1.042089400270942989e-01 2.917627996100073950e-01 4.819260085391255757e+02 4.311656325529149292e-02
1.278625078218138533e-01 2.710302780657918298e-01 5.580392856048092654e+02 4.214724408677570505e-02
1.023474895339800406e-01 2.746879448597831508e-01 4.353152764526068950e+02 4.269878108825665708e-02
9.142769316644414057e-02 2.754052155541275027e-01 4.133356155787197963e+02 4.371669479390545565e-02
1.054023459478195673e-01 2.517881965283670920e-01 4.410711371528628320e+02 4.186274390994226824e-02
1.122803090550673344e-01 2.619363362265441642e-01 4.717522667205111588e+02 4.157465472932323630e-02
1.090660333196175891e-01 1.937252311324347831e-01 3.768750652624701729e+02 4.607675862878170270e-02
9.046245487690048048e-02 1.514589604974489745e-01 3.925647757132198876e+02 4.448551536036671195e-02
8.826064868046626377e-02 1.276850621897147597e-01 3.044292565497225951e+02 5.630757966771325618e-02
6.874986748271928738e-02 1.173973919428364793e-01 2.570606728597745132e+02 5.565133829651607023e-02
6.755840308246412185e-02 1.113629580103206035e-01 2.349022922559404094e+02 6.888703015356935355e-02
8.136087008319727032e-02 8.419315833193519172e-02 2.790585629408494128e+02 5.618676539436746886e-02
7.328700626044837296e-02 8.633655473608708997e-02 2.937165758201583117e+02 6.254935870663937136e-02
7.964752328018229188e-02 8.389741388492491514e-02 2.748881516316474745e+02 4.774097272216647203e-02
6.565554408486655447e-02 7.569272639061147556e-02 2.303821420779626123e+02 6.894297281886690998e-02
6.024130384103081048e-02 7.005967467745154165e-02 2.384552288295127767e+02 7.722564893766256655e-02
6.147836373259925324e-02 7.489964582410374438e-02 2.437478974034005716e+02 7.731433325191236494e-02
5.794479668592205507e-02 7.351590979062896936e-02 2.420117731521500559e+02 7.365786849758521049e-02
6.146205938652105072e-02 7.724221684167979773e-02 2.416109492428894612e+02 6.496492218602001323e-02
5.549451698739138461e-02 7.410934799964512265e-02 2.488939411897201808e+02 7.752247503440386212e-02
6.707179323469895926e-02 8.143798039753176454e-02 2.467754942947466645e+02 7.507350257950588801e-02
6.365028332495097085e-02 7.234029630311533676e-02 2.188524975393937666e+02 7.285473978995321565e-02
6.553227011493047149e-02 8.330798119427117177e-02 2.416214444846248455e+02 7.510830139915665449e-02
6.472638351650006339e-02 7.680530009375022282e-02 2.471490085355274289e+02 7.336362025008412446e-02
5.397996423744036432e-02 9.744196727542220327e-02 2.111786432742754869e+02 7.490454322057207848e-02
5.437841107034553645e-02 9.029116446939004781e-02 2.019857999607836803e+02 6.679625053886312225e-02
5.595942281436277338e-02 9.887957764146861062e-02 2.075137700713301285e+02 7.050713126738218650e-02
5.337200405616056992e-02 9.231762733630657913e-02 1.981171292976943334e+02 7.074201606622479432e-02
4.663391273605108772e-02 1.049510763537146035e-01 1.373686231237792015e+02 9.278493388973689526e-02
4.123153908143360746e-02 1.088872517485850316e-01 1.371525650618351619e+02 7.967920583746609942e-02
4.288806519823211427e-02 1.077869322461262741e-01 1.479881004993952729e+02 7.402997967838824411e-02
4.085696993589772036e-02 1.151322335660927010e-01 1.470490276469813580e+02 8.160281099976894603e-02
4.516883070862924565e-02 1.298786342268464511e-01 1.393843905906411180e+02 7.227494662833720829e-02
4.191795311460502077e-02 1.183644219033584549e-01 1.595287163663329579e+02 7.509234286646063183e-02
4.043234434989297771e-02 1.112322261941776913e-01 1.461927651696747432e+02 7.584027335653882596e-02
4.181891244582845030e-02 1.095237290438293015e-01 1.491951745806393319e+02 6.958859953725407554e-02
4.542031914685663169e-02 1.121900284016634358e-01 1.397243304262409538e+02 7.228207394356381266e-02
4.574902817525141469e-02 9.751629957939425553e-02 1.601577127580899855e+02 7.751613174689665764e-02
4.710646362917976504e-02 1.022269498841548302e-01 1.638498503990490747e+02 6.841423139776807438e-02
4.632316021260914074e-02 9.885153987663063135e-02 1.830289749952686122e+02 6.878371847721427568e-02
4.530036880385970161e-02 1.048714104476434344e-01 1.477969109933996776e+02 7.737263392093342296e-02
4.124564165686833012e-02 8.924585237610020705e-02 1.197003206439309082e+02 7.989715675673746131e-02
4.121111251264455294e-02 8.324828013690804829e-02 1.362869433060162407e+02 7.950437206626774500e-02
4.426347707271745258e-02 8.591161880566969278e-02 1.351520290287617456e+02 8.177214472344666862e-02
4.556256949307307264e-02 8.840827705417117488e-02 1.144523796743069681e+02 7.741730618168683742e-02
4.505941444685666875e-02 8.307226071748902152e-02 1.238113933493929864e+02 8.205952384453628345e-02
4.375270628994946259e-02 8.557342189178379632e-02 1.179445397578939065e+02 7.888563429064895938e-02
4.361941924124614067e-02 8.290482948317337564e-02 1.267763269273908406e+02 7.103841811454035537e-02
4.055431013135136348e-02 8.425676950586312441e-02 1.250929819263486280e+02 7.715886661241370958e-02
4.456521689624336202e-02 8.467562018371715959e-02 1.288679483413439470e+02 8.230786044270564650e-02
5.209238413863260392e-02 8.817879002496947782e-02 1.176367833233087623e+02 7.637570366421214674e-02
4.290597983237514484e-02 8.236818671153328664e-02 1.270899223362941797e+02 8.235927726776952340e-02
4.686885204185761017e-02 9.966814756182623691e-02 1.401353353657446803e+02 8.095549701198147263e-02
4.162841412343295383e-02 8.751233075292691455e-02 1.297177807904235749e+02 7.242364481717840363e-02
4.624492288544108931e-02 7.951130485763255318e-02 1.190088707878327057e+02 7.510774703031053434e-02
4.628833379590988062e-02 8.777634308898682458e-02 1.254577727484812328e+02 7.570124758465257564e-02
4.394261469351284227e-02 9.448398695132137481e-02 1.101168675091629581e+02 8.306587505599150045e-02
4.557050492097586281e-02 8.791645970496404783e-02 1.287586245509311027e+02 8.193503291132724076e-02
4.379977374743387192e-02 9.482150093444061123e-02 1.271651252756254564e+02 8.094942010226556517e-02
4.427827592398045353e-02 8.392364375633103168e-02 1.177083537904064343e+02 7.717765430331940957e-02
4.956879408341614140e-02 9.371983523727130116e-02 1.250544418957390747e+02 7.415157864479254846e-02
4.289462741778776733e-02 8.665685577611183243e-02 1.274782793262613723e+02 7.726451250706406482e-02
4.353111845801491131e-02 9.114569511911096988e-02 1.134438876693866973e+02 7.508052384124051792e-02
3.697892768926286378e-02 8.958856993032476845e-02 1.039855979876570444e+02 6.422025468638387080e-02
3.926973577526388093e-02 8.721216956794171360e-02 1.280794796820119643e+02 6.721051990592802339e-02
4.154865971430558858e-02 8.741728148861103997e-02 1.026781423914846272e+02 6.555559021391726970e-02
4.465530850830641552e-02 8.495240134219701755e-02 1.261105892598601486e+02 8.083003758549839324e-02
4.243133010472856237e-02 9.199549843809352867e-02 1.128075205125242206e+02 7.384842546577806421e-02
4.079176955548516337e-02 8.280774434646909210e-02 1.296769380022341238e+02 6.685046685116372012e-02
4.360451457303998746e-02 9.222207878149120408e-02 1.079712786088825709e+02 7.041699990659908148e-02
4.056380904038516672e-02 8.675112445368374225e-02 1.242593260423318924e+02 6.892880185772863599e-02
4.445628395985595088e-02 9.381401263921419764e-02 1.056955426754635567e+02 6.950946627638639186e-02
4.016736204813137895e-02 8.934068010444473629e-02 1.145950397424895044e+02 7.215804361055958016e-02
4.558366522255142411e-02 9.079350770716529406e-02 1.258537729719244709e+02 6.607034834156157166e-02
4.143135292461756075e-02 8.963628129148960844e-02 1.110344958585300503e+02 7.062547489968352965e-02
4.651352221120920449e-02 8.617041670632309691e-02 1.223619976078272344e+02 7.624855332005660291e-02
4.244680797595707517e-02 9.332579979371175005e-02 1.230184021297435635e+02 7.642371819585642989e-02
4.246560994803695588e-02 8.963091972012186825e-02 1.126116723802992965e+02 7.074138392982505519e-02
4.220290624365415771e-02 8.579117221426757478e-02 1.242674747832902113e+02 7.393154004444449368e-02
4.224372818741850555e-02 7.917036669443092145e-02 1.242592485729768015e+02 7.323575489828214324e-02
4.323804888658641654e-02 8.772930308664923793e-02 1.266398730688687095e+02 6.606819549733543295e-02
4.127464330320573804e-02 9.682887380900023766e-02 1.255968826785835262e+02 7.713999159977408260e-02
4.160100034847120237e-02 8.821589481045483128e-02 1.205495994162145763e+02 7.863304807533538776e-02
3.788493561954973249e-02 9.184705892891950607e-02 1.304821394956422864e+02 6.790339399621515837e-02
3.822580097535658444e-02 8.668371290003361318e-02 1.131490665064165597e+02 7.427853433884645806e-02
4.045750942409942486e-02 1.032480593200783142e-01 1.192216166185766326e+02 7.480296415190006154e-02
4.234646871174342631e-02 8.557870957634690356e-02 1.076328458528655858e+02 6.631207838581026914e-02
4.450786191877505182e-02 8.484321404333666772e-02 1.265064950581067649e+02 7.234895777272618012e-02
4.317178183169043115e-02 8.837616264367596786e-02 1.152145116315035551e+02 7.081581293358563123e-02
4.147897077122501136e-02 9.115618245508640138e-02 1.175399234220129188e+02 6.794050546595759021e-02
4.118096951259812843e-02 8.820055800272393054e-02 1.198135304134584089e+02 6.850048630518565385e-02
4.142734005003961828e-02 9.079946791634167791e-02 1.146061187027549693e+02 7.165691459957249099e-02
4.076213474632518069e-02 8.944760973303558793e-02 1.252441700524749137e+02 7.384485830078311996e-02
4.377982511329927412e-02 8.563156855951127577e-02 1.139474183272193955e+02 6.696867743285206398e-02
4.777884683872891253e-02 8.986482864719939900e-02 1.100660315428634703e+02 7.273851014614686472e-02
3.695751991565198596e-02 8.799977932600012986e-02 1.178058915118976699e+02 7.363384954730814447e-02
4.232624724727490628e-02 8.479648406268271155e-02 1.102327390771979765e+02 6.903560630108145080e-02
4.318143882944584094e-02 8.417645785795901947e-02 1.222483427259859923e+02 7.880408344953415689e-02
4.060430192235199576e-02 9.641307137714924536e-02 1.191580903382724870e+02 7.483102840360537911e-02
3.799950657486656641e-02 9.334652305614729584e-02 1.232546624406712823e+02 7.232816413862275251e-02
4.088582042790755294e-02 8.974868851204684250e-02 1.186323205406386592e+02 6.821918082847294729e-02
4.450517916658305179e-02 9.073111757340159012e-02 1.141986810473432143e+02 7.244873245816967067e-02
4.204378502555197045e-02 8.826064096659055891e-02 1.124117986312051585e+02 7.227558976560757853e-02
4.507431113887963581e-02 8.194305112203081887e-02 1.342749188176734378e+02 7.337218148143180574e-02
4.504643416113251336e-02 1.009897506638814391e-01 1.241596615694353574e+02 7.025571244206324506e-02
4.355792904543279165e-02 9.067066775713716886e-02 1.123054868152435404e+02 7.446683742273800533e-02
4.419425352539849833e-02 8.608613786745107632e-02 1.220495987781348930e+02 6.901531133728158740e-02
4.284322059919953851e-02 8.822712772133321779e-02 1.241206915282287753e+02 6.481451834691011327e-02
4.075455317368838898e-02 8.716900323795882810e-02 1.237182578344855841e+02 6.738217297556789442e-02
4.606872710288104772e-02 8.907273065607253237e-02 1.158526807713994629e+02 7.791385978349110730e-02
4.111703989051745251e-02 8.652042390054204279e-02 1.201205845738318487e+02 7.791404521849810971e-02
3.846114482661081024e-02 8.579436309404663008e-02 1.189053096176910174e+02 6.912020054407662373e-02
4.296617479582534593e-02 9.410186003288587009e-02 1.232109054983947658e+02 7.822991467995328574e-02
4.561974955252952324e-02 8.816606723152993486e-02 1.285815881189749916e+02 8.311309849009643202e-02
3.915114259483910147e-02 9.300741854651220497e-02 1.144394597200382293e+02 7.504825341059158383e-02
4.580851329880332445e-02 8.614776383004320304e-02 1.224727730138098138e+02 6.839218151143919289e-02
3.989071097905252244e-02 9.033068368296232054e-02 1.115361547935824689e+02 6.886977369538113680e-02
4.501742596399527230e-02 1.007025704106375291e-01 1.309646591915809779e+02 7.582051962182324856e-02
3.876767472701070361e-02 9.115827486473007668e-02 1.135396753384643915e+02 7.699508348634585830e-02
4.183579146114583397e-02 8.684817609204227573e-02 1.173369448028307716e+02 7.269258590443705703e-02
4.219300048723582941e-02 8.342010958088122430e-02 1.141399090104063703e+02 7.426924741521044593e-02
4.096149944044445712e-02 9.219113014424151764e-02 1.111762524841765867e+02 7.440607286088878058e-02
4.154150702914179843e-02 8.629727537605105803e-02 1.264362799536110060e+02 7.415040703336550632e-02
4.245135950266554908e-02 9.583796665840441098e-02 1.209080413922120840e+02 6.801249918941154604e-02
3.976063398842216712e-02 8.848986827477574313e-02 1.287726913368927626e+02 7.410922555738234940e-02
3.677490502946027806e-02 8.927836348170468950e-02 1.180355888459236979e+02 7.427013236968724175e-02
3.844685010018807775e-02 8.702560171804570033e-02 1.128327423797025091e+02 7.203486946154423476e-02
4.058695265908707217e-02 8.366850342864497192e-02 1.118043911810770794e+02 7.384963695615365253e-02
4.133263680989683608e-02 9.182822308170804360e-02 1.251036229374911670e+02 6.560964490882226219e-02
4.054189819939121864e-02 9.157018108860705274e-02 1.175700543974462136e+02 7.161208257968691704e-02
3.879356225439218459e-02 8.094999947208732227e-02 1.184074213888906257e+02 6.730775823731477425e-02
4.835444646558859777e-02 8.702285123505457132e-02 1.207910492823642556e+02 6.804780470812936410e-02
4.070002927850110280e-02 8.618899064483885597e-02 1.264097469018336568e+02 7.796841778126768763e-02
4.286628212306252406e-02 9.389894113395035047e-02 1.184936738026731859e+02 7.277036628243735428e-02
4.172709459914017427e-02 8.427340022059773283e-02 1.175490318147134019e+02 7.033221352310299601e-02
4.025977879274923038e-02 9.170428206415483230e-02 1.340851255856841249e+02 6.910607672393498380e-02
4.716770875613168074e-02 8.721493355376994105e-02 1.299295809694618526e+02 7.130890936775166611e-02
4.257067279657579528e-02 8.863734637437331587e-02 1.167386383899938238e+02 7.601194399556598924e-02
4.036865963754937559e-02 8.698238453042149432e-02 1.251946612191833879e+02 7.624297546226452282e-02
3.585790311461017205e-02 9.484090632138472698e-02 1.256920192886255023e+02 7.092246307954888640e-02
4.115385939917273056e-02 8.674765593197029945e-02 1.166648443009827218e+02 7.197556380098185658e-02
4.489022597833577932e-02 8.985100339189837360e-02 1.181092941882866256e+02 7.434727013527542283e-02
4.142030813893421426e-02 9.537159155368556129e-02 1.188990619907084465e+02 6.474846894443936351e-02
4.246570905135590990e-02 9.807216901460016900e-02 1.155812898003434697e+02 6.740001535520445675e-02
4.096181337790893995e-02 8.730218995835634099e-02 1.209836232245743446e+02 6.553744973838686316e-02
4.569337522312068300e-02 9.684057659101087678e-02 1.215104793227416025e+02 7.494391299342947899e-02
4.146510593370390796e-02 9.762534256634552987e-02 1.226679561597776740e+02 7.044329356815387522e-02
4.199869068621624874e-02 8.116705499421364434e-02 1.115129904332952435e+02 7.503185415737939623e-02
3.923205959697743245e-02 8.507606120259428306e-02 1.226334474781191801e+02 6.874082056147659547e-02
4.007814432354615819e-02 9.596622940803048452e-02 1.256819060948118789e+02 7.255487229447994679e-02
4.256889544816894883e-02 8.951495570611978092e-02 1.278806091965846150e+02 7.508573244261751434e-02
4.110988618353097340e-02 9.436128810782362653e-02 1.224266915162847198e+02 6.930251246326420145e-02
4.711147300533423399e-02 9.023221027291512819e-02 1.114851976828274616e+02 7.216383392040423561e-02
4.409437839384594549e-02 9.329362194830721766e-02 1.168633724556342770e+02 6.966320375233457651e-02
4.298022870994515354e-02 8.419115118358379279e-02 1.181961602686125303e+02 6.835503261200535918e-02
4.517228188293583024e-02 8.476766174391167641e-02 1.292587546486086296e+02 7.006105933544347353e-02
4.159417087261577800e-02 8.762999297757827211e-02 1.161719308846421796e+02 7.346496708156557975e-02
4.398739321293864551e-02 8.824743841872891015e-02 1.212452116263253430e+02 7.520060924096440280e-02
4.299781371695750309e-02 8.904026782632440407e-02 1.130001752328145983e+02 7.844131795374811866e-02
4.221989878773455690e-02 9.009579735422303115e-02 1.214185014313192994e+02 7.714944520675336148e-02
4.280001530631069584e-02 8.686654993634576605e-02 1.220387432407956823e+02 7.058986602668783361e-02
4.298243486836677424e-02 7.995537266332156112e-02 1.158258420232224495e+02 7.710436915454604856e-02
4.301475772067222397e-02 9.014390230796338888e-02 1.243232969228273390e+02 6.779097609043391315e-02
4.726776511539409337e-02 9.300250573635550355e-02 1.154144276743473227e+02 7.512005327135107269e-02
3.856148189691774308e-02 9.114655893565137834e-02 1.315178942862472411e+02 7.570953476130491688e-02
4.413682764890391325e-02 8.735074808324798379e-02 1.215646481899970439e+02 6.974913113264880060e-02
4.340528194289636904e-02 8.793815034907033479e-02 1.125988953295083803e+02 6.993449716005742389e-02
3.936857444642339471e-02 8.855970942874251406e-02 1.200030407430294304e+02 7.492922728719098036e-02
3.732927693398387786e-02 8.999004843100370798e-02 1.191228182362228125e+02 7.410040086015014238e-02
4.205872243776447722e-02 9.138963266939062469e-02 1.342865597143486411e+02 7.783590362624392966e-02
3.983793286178057003e-02 9.013629187321163527e-02 1.290126335229956283e+02 6.797963611800407480e-02
4.378900563989907013e-02 8.311285629924970719e-02 1.167500880288428249e+02 7.368159731639929710e-02
3.980952112073068982e-02 8.453999807175860415e-02 1.212819117041838126e+02 6.674167982663720133e-02
3.833327954497035839e-02 9.282333992825422819e-02 1.207696451403054141e+02 7.357642453919113756e-02
4.272886998582064999e-02 8.082576865893487117e-02 1.308836376814569746e+02 7.307456578687136772e-02
4.139929459585461186e-02 8.308083059721502184e-02 1.154602035362226644e+02 6.507041303374670738e-02
4.278621700900656077e-02 9.029792744493428391e-02 1.251299652336783623e+02 7.832575730560990823e-02
3.880985599974987738e-02 8.503644197647217129e-02 1.176375657827027368e+02 6.833825623076018874e-02
3.958362359933221414e-02 8.395182975772214062e-02 1.053186601125469224e+02 7.305381233895576198e-02
4.243738335284746865e-02 9.537281976299127884e-02 1.125018208091574223e+02 7.261234384715119228e-02
3.973294628170534470e-02 8.293432701781455751e-02 1.170145043683295967e+02 7.135889228040946664e-02
4.436591701012028433e-02 8.804788392378791462e-02 1.283751903289066263e+02 7.212933238095083077e-02
4.554565417428865781e-02 8.745269633584869251e-02 1.155874066113447896e+02 7.269869600204316440e-02
3.998396402294016744e-02 8.450353282328451621e-02 1.187373091538315037e+02 7.734645951432624067e-02
3.989577505035375032e-02 9.284215742213165756e-02 1.242649814671084698e+02 6.892713029662134172e-02
4.471016973132247579e-02 8.445934783043802796e-02 1.153720410951067663e+02 6.855424167513450573e-02
4.616414897794902938e-02 9.153733145294848383e-02 1.354346155640997438e+02 7.594219100870487626e-02
4.094125457141795099e-02 8.921629801119612679e-02 1.140115048852535864e+02 7.658937995102903240e-02
4.345687585748701787e-02 8.171260252651099676e-02 1.143805062664972638e+02 6.666338212592916312e-02
4.385253802719385474e-02 9.241545926103546249e-02 1.176948714019026454e+02 7.489839881516248410e-02
4.036113683176519029e-02 8.524763885403298380e-02 1.109112052004002749e+02 7.668334939969824460e-02
4.412897515741885657e-02 8.978522912097604280e-02 1.199599617273212004e+02 6.734222437646852910e-02
3.970973138471531327e-02 8.538203956487093460e-02 1.096881756707465314e+02 6.643437499222948350e-02
4.410892554025973300e-02 8.735714401782852800e-02 1.148581954534696621e+02 6.506474200523171270e-02
4.472493890848272535e-02 8.163143721982298040e-02 1.198718135147640140e+02 6.916789390385921776e-02
4.282440890758280883e-02 8.461169521529920967e-02 1.202426051696921689e+02 7.000156519428103741e-02
4.011080561660039512e-02 8.556836990828206591e-02 1.194462629951841706e+02 6.437255811991623999e-02
4.185662962290988970e-02 8.462644100143663917e-02 1.115638025503534863e+02 7.208621823591061795e-02
4.512875655687822313e-02 8.441460226549839241e-02 1.161920652704382064e+02 7.445505581742692391e-02
4.593371505624187917e-02 8.968494672113384858e-02 1.162355137552461315e+02 6.336869078289675272e-02
3.915216636000059397e-02 8.965534175091170732e-02 1.144615735686974887e+02 7.121212732302194259e-02
4.170471122214106097e-02 9.348009355096366380e-02 1.190922624314385700e+02 7.084119185299216082e-02
4.160358715056159534e-02 8.637236882031840146e-02 1.267187397160744950e+02 7.178743261693773525e-02
4.064503465115626435e-02 8.893545990660840783e-02 1.244476077778024319e+02 7.782687403259158643e-02
4.032258421200722587e-02 9.627444316551203585e-02 1.217037782036843510e+02 7.452621909594675520e-02
4.416372809279871942e-02 8.335940327066146405e-02 1.210052055386591690e+02 7.010374584946654775e-02
4.322872438913947374e-02 9.145829280778786097e-02 1.280613429990197289e+02 7.244451911039162528e-02
4.133616291701354417e-02 8.226409633018995360e-02 1.183245006168209414e+02 7.259348586239008916e-02
4.291621314701844769e-02 8.325002509003991136e-02 1.277081617249481837e+02 6.634963850707141508e-02
3.876970856100179358e-02 9.312261943481872639e-02 1.254451645457776578e+02 6.995007828526629556e-02
3.916695469947695241e-02 9.202449333644834029e-02 1.432868322836818891e+02 7.531737846683501936e-02
4.963155475230051489e-02 8.478948017058265951e-02 1.171840802665980732e+02 7.985461826085762937e-02
4.433290801926289409e-02 8.486416486171842466e-02 1.173416366553163357e+02 7.284983285742380188e-02
4.011447788993745267e-02 9.339095244749609503e-02 1.360665068160947442e+02 7.003683212210794207e-02
4.300902734311929515e-02 8.898037151683198254e-02 1.156194083580363099e+02 7.375157466548379337e-02
3.911516664240828611e-02 9.025687695684952994e-02 1.122095043875313394e+02 6.912032772286740012e-02
4.600998956902332959e-02 9.902437037693105626e-02 1.163169314429976424e+02 7.652354863263530205e-02
4.315776381003209178e-02 8.770457732518546767e-02 1.184259204508715300e+02 7.290528917411329135e-02
4.225030959884729098e-02 8.528882281867590509e-02 1.263429376032357965e+02 7.294618581402188828e-02
4.389272870851473884e-02 9.038460675409160094e-02 1.239695700629931991e+02 7.558232124561996279e-02
4.210772951551566140e-02 8.361189496820022049e-02 1.258820688299501853e+02 6.404387022958794862e-02
4.136237175737508820e-02 9.223351768756052338e-02 1.142307742024424186e+02 6.647606562816357756e-02
4.296060585408034010e-02 8.438803646070165698e-02 1.120711858942758710e+02 7.326831218085071151e-02
4.320496680913282067e-02 9.260248934076793781e-02 1.167112219266433755e+02 6.521140664679402066e-02
4.185967687214937893e-02 8.473419316530340917e-02 1.242226627954027407e+02 7.647073226749938335e-02
3.938814338752884975e-02 8.567079487768225476e-02 1.181338863316396299e+02 6.803363601796851012e-02
4.279914813179057365e-02 8.812404773228509069e-02 1.189968367681978663e+02 6.998458886413498614e-02
4.189323323890641743e-02 9.952426197231908911e-02 1.169475785553819094e+02 6.885002502568988991e-02
4.174370292138493421e-02 8.929223174897292503e-02 1.097602966911105398e+02 7.510307165317342548e-02
4.401843776893072518e-02 8.494217584822705280e-02 1.138977887709908856e+02 6.746195477538871610e-02
4.023272931214964127e-02 8.301435221845940293e-02 1.295176840371979381e+02 7.122920720627677615e-02
4.452384063293628180e-02 8.834077687597187423e-02 1.157662832427319870e+02 7.006649711968197802e-02
4.266321588555720135e-02 8.576761030553373133e-02 1.161128665709412928e+02 7.809425640774533828e-02
4.438826985243499862e-02 8.202483813052682815e-02 1.206474021824538170e+02 6.709689292588927323e-02
4.051236487775374678e-02 9.580563542092310203e-02 1.197796080563641397e+02 6.694881810418185086e-02
3.638469359893262145e-02 8.023406721793756302e-02 1.057112772845456306e+02 7.673015405637909070e-02
4.300236381959109816e-02 8.171394659578801178e-02 1.162412423160113519e+02 7.472654578504046852e-02
4.103475762727190612e-02 8.677200282336895720e-02 1.168142407677248400e+02 7.177272345788160424e-02
4.493144055955578670e-02 9.131481963051733819e-02 1.255751923255382820e+02 7.166997147792780742e-02
4.669647778734389160e-02 8.818154039083114792e-02 1.120609940951252526e+02 6.870158828495989689e-02
3.960486904942318170e-02 8.599527988609663443e-02 1.149729291120870016e+02 7.137367760660237592e-02
4.078881411702055260e-02 9.124085120180176756e-02 1.065900114789049837e+02 7.272102602860541776e-02
4.789158992175070184e-02 8.214732731530312304e-02 1.246548376417878075e+02 7.134036830872690638e-02
4.208947987984647948e-02 9.667552358443384786e-02 1.192342569107337624e+02 7.318172205737709379e-02
4.137693316141646815e-02 8.232087995132113256e-02 1.222419880192704937e+02 7.111082244997499191e-02
4.409690977965390751e-02 8.716343569512528811e-02 1.268789044216467374e+02 6.707166805128204901e-02
4.266058205055501401e-02 8.380233119783619955e-02 1.192561372285374546e+02 7.310067262659764031e-02
4.149363823381829047e-02 9.065777821028753181e-02 1.151425540540244015e+02 7.247986986621617056e-02
