2.935906932680962456e+01 4.180125163905038903e+02 2.018004238631052722e+05 1.664141644283639323e+02
2.876775659403646301e+01 3.976964212715419649e+02 1.815351483075137658e+05 1.674045969838028611e+02
2.420941137236265561e+01 4.760602708537504668e+02 1.790545152428375441e+05 1.296646337913130083e+02
2.253669851151246917e+01 4.969620163639005455e+02 1.798404745280833158e+05 9.484946388905848380e+01
2.295889281486709521e+01 5.136209695813120106e+02 1.703977846830107737e+05 7.475627094598084454e+01
2.295889281486709521e+01 5.136209695813120106e+02 1.703977846830107737e+05 7.475627094598084454e+01
2.295889281486709521e+01 5.136209695813120106e+02 1.703977846830107737e+05 7.475627094598084454e+01
2.270917308953702118e+01 5.209889325281380934e+02 1.667938230160152016e+05 7.264343488985322494e+01
2.271889709522512391e+01 5.100451397866172556e+02 1.548314286852847144e+05 7.817266141195487705e+01
2.190816403822327985e+01 5.036180865058714744e+02 1.517978079145790834e+05 7.663204870786444189e+01
2.106825736780528402e+01 5.448495846455095943e+02 1.363230023577981337e+05 6.607464624706641132e+01
2.088872766258334934e+01 5.438522116634715076e+02 1.303257736933886335e+05 6.652022925862341651e+01
2.088872766258334934e+01 5.438522116634715076e+02 1.303257736933886335e+05 6.652022925862341651e+01
2.018066312010388330e+01 5.361264946958798419e+02 1.253227091796143795e+05 6.814913482177848891e+01
2.018066312010388330e+01 5.361264946958798419e+02 1.253227091796143795e+05 6.814913482177848891e+01
2.018066312010388330e+01 5.361264946958798419e+02 1.253227091796143795e+05 6.814913482177848891e+01
2.018066312010388330e+01 5.361264946958798419e+02 1.253227091796143795e+05 6.814913482177848891e+01
2.018066312010388330e+01 5.361264946958798419e+02 1.253227091796143795e+05 6.814913482177848891e+01
2.018066312010388330e+01 5.361264946958798419e+02 1.253227091796143795e+05 6.814913482177848891e+01
2.018066312010388330e+01 5.361264946958798419e+02 1.253227091796143795e+05 6.814913482177848891e+01
2.018066312010388330e+01 5.361264946958798419e+02 1.253227091796143795e+05 6.814913482177848891e+01
2.018066312010388330e+01 5.361264946958798419e+02 1.253227091796143795e+05 6.814913482177848891e+01
2.018066312010388330e+01 5.361264946958798419e+02 1.253227091796143795e+05 6.814913482177848891e+01
2.018066312010388330e+01 5.361264946958798419e+02 1.253227091796143795e+05 6.814913482177848891e+01
2.018066312010388330e+01 5.361264946958798419e+02 1.253227091796143795e+05 6.814913482177848891e+01
2.018066312010388330e+01 5.361264946958798419e+02 1.253227091796143795e+05 6.814913482177848891e+01
2.018066312010388330e+01 5.361264946958798419e+02 1.253227091796143795e+05 6.814913482177848891e+01
2.018066312010388330e+01 5.361264946958798419e+02 1.253227091796143795e+05 6.814913482177848891e+01
2.018066312010388330e+01 5.361264946958798419e+02 1.253227091796143795e+05 6.814913482177848891e+01
2.018066312010388330e+01 5.361264946958798419e+02 1.253227091796143795e+05 6.814913482177848891e+01
2.018066312010388330e+01 5.361264946958798419e+02 1.253227091796143795e+05 6.814913482177848891e+01
2.018066312010388330e+01 5.361264946958798419e+02 1.253227091796143795e+05 6.814913482177848891e+01
2.028824622497807084e+01 5.439718568098190872e+02 1.256353014404744754e+05 6.499067694625465208e+01
2.028824622497807084e+01 5.439718568098190872e+02 1.256353014404744754e+05 6.499067694625465208e+01
2.028824622497807084e+01 5.439718568098190872e+02 1.256353014404744754e+05 6.499067694625465208e+01
2.028824622497807084e+01 5.439718568098190872e+02 1.256353014404744754e+05 6.499067694625465208e+01
2.028824622497807084e+01 5.439718568098190872e+02 1.256353014404744754e+05 6.499067694625465208e+01
2.028824622497807084e+01 5.439718568098190872e+02 1.256353014404744754e+05 6.499067694625465208e+01
2.028824622497807084e+01 5.439718568098190872e+02 1.256353014404744754e+05 6.499067694625465208e+01
2.028824622497807084e+01 5.439718568098190872e+02 1.256353014404744754e+05 6.499067694625465208e+01
2.022153772583488873e+01 5.103300729167305008e+02 9.131687761650991160e+04 8.541105570646134026e+01
2.022153772583488873e+01 5.103300729167305008e+02 9.131687761650991160e+04 8.541105570646134026e+01
2.022153772583488873e+01 5.103300729167305008e+02 9.131687761650991160e+04 8.541105570646134026e+01
2.022153772583488873e+01 5.103300729167305008e+02 9.131687761650991160e+04 8.541105570646134026e+01
2.022153772583488873e+01 5.103300729167305008e+02 9.131687761650991160e+04 8.541105570646134026e+01
2.022153772583488873e+01 5.103300729167305008e+02 9.131687761650991160e+04 8.541105570646134026e+01
2.074045683733944045e+01 5.360724502713133006e+02 8.712112635350068740e+04 7.677834146604455157e+01
2.068644697989224213e+01 5.306902526126132216e+02 8.233748763456895540e+04 7.932558201066679260e+01
2.050541564888227342e+01 5.220947092178313369e+02 7.557213222249376122e+04 8.246805139285589803e+01
2.040039954898153951e+01 5.181345927394871751e+02 7.358359096059638250e+04 8.271510402866304901e+01
2.040039954898153951e+01 5.181345927394871751e+02 7.358359096059638250e+04 8.271510402866304901e+01
2.040039954898153951e+01 5.181345927394871751e+02 7.358359096059638250e+04 8.271510402866304901e+01
2.040039954898153951e+01 5.181345927394871751e+02 7.358359096059638250e+04 8.271510402866304901e+01
2.040039954898153951e+01 5.181345927394871751e+02 7.358359096059638250e+04 8.271510402866304901e+01
2.040039954898153951e+01 5.181345927394871751e+02 7.358359096059638250e+04 8.271510402866304901e+01
2.011741743798488002e+01 5.171154259558629747e+02 7.384359932451309578e+04 8.297462698603375486e+01
2.011741743798488002e+01 5.171154259558629747e+02 7.384359932451309578e+04 8.297462698603375486e+01
2.011741743798488002e+01 5.171154259558629747e+02 7.384359932451309578e+04 8.297462698603375486e+01
2.011741743798488002e+01 5.171154259558629747e+02 7.384359932451309578e+04 8.297462698603375486e+01
1.956217664205006201e+01 5.077921204393775838e+02 5.260253121221451147e+04 9.980335424742307282e+01
1.885924477519154863e+01 5.028734019164372171e+02 4.699487318054823118e+04 9.796295136364236100e+01
1.880532904598038257e+01 5.078082876476905767e+02 4.067448266558223986e+04 1.029020419322964699e+02
1.818377514878735468e+01 5.144798790435340834e+02 4.116349923064051109e+04 1.002526659426093829e+02
1.752791964931670776e+01 5.143053741081076851e+02 4.013738901536653430e+04 9.932126540116631475e+01
1.752791964931670776e+01 5.143053741081076851e+02 4.013738901536653430e+04 9.932126540116631475e+01
1.752791964931670776e+01 5.143053741081076851e+02 4.013738901536653430e+04 9.932126540116631475e+01
1.752791964931670776e+01 5.143053741081076851e+02 4.013738901536653430e+04 9.932126540116631475e+01
1.752791964931670776e+01 5.143053741081076851e+02 4.013738901536653430e+04 9.932126540116631475e+01
1.752791964931670776e+01 5.143053741081076851e+02 4.013738901536653430e+04 9.932126540116631475e+01
1.752791964931670776e+01 5.143053741081076851e+02 4.013738901536653430e+04 9.932126540116631475e+01
1.752791964931670776e+01 5.143053741081076851e+02 4.013738901536653430e+04 9.932126540116631475e+01
1.752791964931670776e+01 5.143053741081076851e+02 4.013738901536653430e+04 9.932126540116631475e+01
1.752791964931670776e+01 5.143053741081076851e+02 4.013738901536653430e+04 9.932126540116631475e+01
1.752791964931670776e+01 5.143053741081076851e+02 4.013738901536653430e+04 9.932126540116631475e+01
1.752791964931670776e+01 5.143053741081076851e+02 4.013738901536653430e+04 9.932126540116631475e+01
1.752791964931670776e+01 5.143053741081076851e+02 4.013738901536653430e+04 9.932126540116631475e+01
1.768988953845893164e+01 5.154380966762793150e+02 3.922495727080640063e+04 9.828730138546488604e+01
1.768988953845893164e+01 5.154380966762793150e+02 3.922495727080640063e+04 9.828730138546488604e+01
1.768988953845893164e+01 5.154380966762793150e+02 3.922495727080640063e+04 9.828730138546488604e+01
1.768988953845893164e+01 5.154380966762793150e+02 3.922495727080640063e+04 9.828730138546488604e+01
1.768988953845893164e+01 5.154380966762793150e+02 3.922495727080640063e+04 9.828730138546488604e+01
1.768988953845893164e+01 5.154380966762793150e+02 3.922495727080640063e+04 9.828730138546488604e+01
1.768988953845893164e+01 5.154380966762793150e+02 3.922495727080640063e+04 9.828730138546488604e+01
1.768988953845893164e+01 5.154380966762793150e+02 3.922495727080640063e+04 9.828730138546488604e+01
1.768988953845893164e+01 5.154380966762793150e+02 3.922495727080640063e+04 9.828730138546488604e+01
1.768988953845893164e+01 5.154380966762793150e+02 3.922495727080640063e+04 9.828730138546488604e+01
1.768988953845893164e+01 5.154380966762793150e+02 3.922495727080640063e+04 9.828730138546488604e+01
1.768988953845893164e+01 5.154380966762793150e+02 3.922495727080640063e+04 9.828730138546488604e+01
1.768988953845893164e+01 5.154380966762793150e+02 3.922495727080640063e+04 9.828730138546488604e+01
1.768988953845893164e+01 5.154380966762793150e+02 3.922495727080640063e+04 9.828730138546488604e+01
1.768988953845893164e+01 5.154380966762793150e+02 3.922495727080640063e+04 9.828730138546488604e+01
1.768988953845893164e+01 5.154380966762793150e+02 3.922495727080640063e+04 9.828730138546488604e+01
1.777885282278462142e+01 5.181835921075618216e+02 4.180398963689531956e+04 9.107401530916108356e+01
1.772412519135485809e+01 5.172825493426366847e+02 4.123642206163381343e+04 9.324988560979804220e+01
1.772412519135485809e+01 5.172825493426366847e+02 4.123642206163381343e+04 9.324988560979804220e+01
1.772412519135485809e+01 5.172825493426366847e+02 4.123642206163381343e+04 9.324988560979804220e+01
1.793479826455142145e+01 5.145380874915629192e+02 4.097042786077741039e+04 9.324190404722337178e+01
1.849115430636957669e+01 5.114657296584099981e+02 3.975081546370737487e+04 9.350109681254527061e+01
1.755351375289861338e+01 5.051815792748201943e+02 3.898222289830218506e+04 9.373045564922249184e+01
1.802134985177472970e+01 5.186361424974313650e+02 3.689479941962045268e+04 8.715491301005414471e+01
1.802134985177472970e+01 5.186361424974313650e+02 3.689479941962045268e+04 8.715491301005414471e+01
1.802134985177472970e+01 5.186361424974313650e+02 3.689479941962045268e+04 8.715491301005414471e+01
1.802134985177472970e+01 5.186361424974313650e+02 3.689479941962045268e+04 8.715491301005414471e+01
1.802134985177472970e+01 5.186361424974313650e+02 3.689479941962045268e+04 8.715491301005414471e+01
1.802134985177472970e+01 5.186361424974313650e+02 3.689479941962045268e+04 8.715491301005414471e+01
1.802134985177472970e+01 5.186361424974313650e+02 3.689479941962045268e+04 8.715491301005414471e+01
1.802134985177472970e+01 5.186361424974313650e+02 3.689479941962045268e+04 8.715491301005414471e+01
1.802134985177472970e+01 5.186361424974313650e+02 3.689479941962045268e+04 8.715491301005414471e+01
1.802134985177472970e+01 5.186361424974313650e+02 3.689479941962045268e+04 8.715491301005414471e+01
1.802134985177472970e+01 5.186361424974313650e+02 3.689479941962045268e+04 8.715491301005414471e+01
1.802134985177472970e+01 5.186361424974313650e+02 3.689479941962045268e+04 8.715491301005414471e+01
1.802134985177472970e+01 5.186361424974313650e+02 3.689479941962045268e+04 8.715491301005414471e+01
1.802134985177472970e+01 5.186361424974313650e+02 3.689479941962045268e+04 8.715491301005414471e+01
1.802134985177472970e+01 5.186361424974313650e+02 3.689479941962045268e+04 8.715491301005414471e+01
1.802134985177472970e+01 5.186361424974313650e+02 3.689479941962045268e+04 8.715491301005414471e+01
1.802134985177472970e+01 5.186361424974313650e+02 3.689479941962045268e+04 8.715491301005414471e+01
1.802134985177472970e+01 5.186361424974313650e+02 3.689479941962045268e+04 8.715491301005414471e+01
1.802134985177472970e+01 5.186361424974313650e+02 3.689479941962045268e+04 8.715491301005414471e+01
1.802134985177472970e+01 5.186361424974313650e+02 3.689479941962045268e+04 8.715491301005414471e+01
1.802134985177472970e+01 5.186361424974313650e+02 3.689479941962045268e+04 8.715491301005414471e+01
1.802134985177472970e+01 5.186361424974313650e+02 3.689479941962045268e+04 8.715491301005414471e+01
1.802134985177472970e+01 5.186361424974313650e+02 3.689479941962045268e+04 8.715491301005414471e+01
1.802134985177472970e+01 5.186361424974313650e+02 3.689479941962045268e+04 8.715491301005414471e+01
1.802134985177472970e+01 5.186361424974313650e+02 3.689479941962045268e+04 8.715491301005414471e+01
1.781837611428402468e+01 5.084657441200790231e+02 3.209522129468065032e+04 1.003371053667049466e+02
1.829418109864548470e+01 5.020625657263632320e+02 3.166152608735776812e+04 9.622132142140087296e+01
1.829418109864548470e+01 5.020625657263632320e+02 3.166152608735776812e+04 9.622132142140087296e+01
1.829418109864548470e+01 5.020625657263632320e+02 3.166152608735776812e+04 9.622132142140087296e+01
1.758354343113133211e+01 5.042878507988438628e+02 3.164379632868202316e+04 9.583593721381438968e+01
1.758354343113133211e+01 5.042878507988438628e+02 3.164379632868202316e+04 9.583593721381438968e+01
1.758354343113133211e+01 5.042878507988438628e+02 3.164379632868202316e+04 9.583593721381438968e+01
1.804528749232167684e+01 5.104050351194028963e+02 3.143048972737631266e+04 9.175207729747994279e+01
1.804528749232167684e+01 5.104050351194028963e+02 3.143048972737631266e+04 9.175207729747994279e+01
1.804528749232167684e+01 5.104050351194028963e+02 3.143048972737631266e+04 9.175207729747994279e+01
1.788424669714938275e+01 5.154001838622689320e+02 3.089668665720709760e+04 8.933330861892410724e+01
1.785474145754913877e+01 5.155288208237581102e+02 3.128930908753287804e+04 8.723284173010017639e+01
1.769573952454738119e+01 5.186978363827888643e+02 3.096439300495351199e+04 8.575108428894027668e+01
1.806323389817982772e+01 5.206152410340782808e+02 3.043409314273015480e+04 8.528410131770598923e+01
1.823511221492098144e+01 5.273893525136045355e+02 3.056376675007414815e+04 8.263678399121364748e+01
1.823511221492098144e+01 5.273893525136045355e+02 3.056376675007414815e+04 8.263678399121364748e+01
1.829321218269452842e+01 5.289687151924628097e+02 2.998791291568582528e+04 8.279466329292330329e+01
1.826090964879309908e+01 5.040752398925581019e+02 3.108668551750811821e+04 8.336321259486248891e+01
1.812252538071892971e+01 4.983824349611886646e+02 3.205620232233590286e+04 8.059655132330476590e+01
1.798215140506005483e+01 5.048489748898016956e+02 3.083561525879933106e+04 8.193157167853205181e+01
1.798215140506005483e+01 5.048489748898016956e+02 3.083561525879933106e+04 8.193157167853205181e+01
1.798215140506005483e+01 5.048489748898016956e+02 3.083561525879933106e+04 8.193157167853205181e+01
1.798215140506005483e+01 5.048489748898016956e+02 3.083561525879933106e+04 8.193157167853205181e+01
1.798215140506005483e+01 5.048489748898016956e+02 3.083561525879933106e+04 8.193157167853205181e+01
1.818594321273406322e+01 5.154399880133037186e+02 2.966313519811497099e+04 8.043872863788749328e+01
1.818594321273406322e+01 5.154399880133037186e+02 2.966313519811497099e+04 8.043872863788749328e+01
1.818594321273406322e+01 5.154399880133037186e+02 2.966313519811497099e+04 8.043872863788749328e+01
1.818594321273406322e+01 5.154399880133037186e+02 2.966313519811497099e+04 8.043872863788749328e+01
1.818594321273406322e+01 5.154399880133037186e+02 2.966313519811497099e+04 8.043872863788749328e+01
1.818594321273406322e+01 5.154399880133037186e+02 2.966313519811497099e+04 8.043872863788749328e+01
1.818594321273406322e+01 5.154399880133037186e+02 2.966313519811497099e+04 8.043872863788749328e+01
1.818594321273406322e+01 5.154399880133037186e+02 2.966313519811497099e+04 8.043872863788749328e+01
1.818594321273406322e+01 5.154399880133037186e+02 2.966313519811497099e+04 8.043872863788749328e+01
1.818594321273406322e+01 5.154399880133037186e+02 2.966313519811497099e+04 8.043872863788749328e+01
1.818594321273406322e+01 5.154399880133037186e+02 2.966313519811497099e+04 8.043872863788749328e+01
1.818594321273406322e+01 5.154399880133037186e+02 2.966313519811497099e+04 8.043872863788749328e+01
1.836728152621454058e+01 5.147104117369239020e+02 3.027491924695085982e+04 7.676514834326400205e+01
1.836728152621454058e+01 5.147104117369239020e+02 3.027491924695085982e+04 7.676514834326400205e+01
1.836728152621454058e+01 5.147104117369239020e+02 3.027491924695085982e+04 7.676514834326400205e+01
1.836728152621454058e+01 5.147104117369239020e+02 3.027491924695085982e+04 7.676514834326400205e+01
1.836728152621454058e+01 5.147104117369239020e+02 3.027491924695085982e+04 7.676514834326400205e+01
1.904705303572497499e+01 5.184316978887702589e+02 2.969018528409690407e+04 7.407023076684021134e+01
1.930736615015676350e+01 5.176929076444733937e+02 2.970612310094650093e+04 7.189278763706778363e+01
1.930736615015676350e+01 5.176929076444733937e+02 2.970612310094650093e+04 7.189278763706778363e+01
1.859039563972392273e+01 5.134933216011579589e+02 2.851301595377510603e+04 7.449035857713846553e+01
1.859039563972392273e+01 5.134933216011579589e+02 2.851301595377510603e+04 7.449035857713846553e+01
1.802019545398664846e+01 5.037447300002542647e+02 2.983275444645039897e+04 7.500114973964052467e+01
1.802019545398664846e+01 5.037447300002542647e+02 2.983275444645039897e+04 7.500114973964052467e+01
1.802019545398664846e+01 5.037447300002542647e+02 2.983275444645039897e+04 7.500114973964052467e+01
1.861928926708030474e+01 4.836235018030627089e+02 2.796652000449015031e+04 7.877862544120492316e+01
1.797152449987721567e+01 4.852599327912092804e+02 2.842169506280925270e+04 7.771503065484921535e+01
1.797152449987721567e+01 4.852599327912092804e+02 2.842169506280925270e+04 7.771503065484921535e+01
1.797152449987721567e+01 4.852599327912092804e+02 2.842169506280925270e+04 7.771503065484921535e+01
1.840769187580516331e+01 4.887077156880769166e+02 2.969182347297496381e+04 6.679851712503572969e+01
1.840769187580516331e+01 4.887077156880769166e+02 2.969182347297496381e+04 6.679851712503572969e+01
1.840769187580516331e+01 4.887077156880769166e+02 2.969182347297496381e+04 6.679851712503572969e+01
1.840769187580516331e+01 4.887077156880769166e+02 2.969182347297496381e+04 6.679851712503572969e+01
1.840769187580516331e+01 4.887077156880769166e+02 2.969182347297496381e+04 6.679851712503572969e+01
1.840769187580516331e+01 4.887077156880769166e+02 2.969182347297496381e+04 6.679851712503572969e+01
1.875112477727553895e+01 4.662814982784930748e+02 2.317182707088625466e+04 7.359935132121155732e+01
1.874247706553343917e+01 4.566731650158193929e+02 2.130941139070995996e+04 6.853790100899887250e+01
1.815476890025480827e+01 4.552798975747353438e+02 2.100637641605942190e+04 6.908619434278797655e+01
1.815476890025480827e+01 4.552798975747353438e+02 2.100637641605942190e+04 6.908619434278797655e+01
1.846284431508354729e+01 4.511346465563010497e+02 2.000893470035763676e+04 6.946918827674778640e+01
1.828222589769884721e+01 4.559182107468795948e+02 1.993032685426849639e+04 6.923850645628314737e+01
1.828222589769884721e+01 4.559182107468795948e+02 1.993032685426849639e+04 6.923850645628314737e+01
1.828222589769884721e+01 4.559182107468795948e+02 1.993032685426849639e+04 6.923850645628314737e+01
1.873556976409282271e+01 4.504693548983094615e+02 1.976188001610779247e+04 6.810844970918557806e+01
1.867999358798133258e+01 4.369723883028273690e+02 2.035391132401124196e+04 6.878142139014860845e+01
1.867999358798133258e+01 4.369723883028273690e+02 2.035391132401124196e+04 6.878142139014860845e+01
1.867999358798133258e+01 4.369723883028273690e+02 2.035391132401124196e+04 6.878142139014860845e+01
1.848228055235263412e+01 4.511178707722688728e+02 1.946076047515879691e+04 6.695654569136465284e+01
1.843004916450350450e+01 4.508357539595755838e+02 1.980101799491998827e+04 6.505976340172382777e+01
1.843004916450350450e+01 4.508357539595755838e+02 1.980101799491998827e+04 6.505976340172382777e+01
1.843004916450350450e+01 4.508357539595755838e+02 1.980101799491998827e+04 6.505976340172382777e+01
1.843004916450350450e+01 4.508357539595755838e+02 1.980101799491998827e+04 6.505976340172382777e+01
1.843004916450350450e+01 4.508357539595755838e+02 1.980101799491998827e+04 6.505976340172382777e+01
1.882917787821813249e+01 4.431428353662831228e+02 1.748418315076144063e+04 6.970581134012920188e+01
1.888972387445307888e+01 4.315066157145539592e+02 1.573021424868927534e+04 6.747927646782999034e+01
1.888972387445307888e+01 4.315066157145539592e+02 1.573021424868927534e+04 6.747927646782999034e+01
1.856893044476488797e+01 4.291320010106104519e+02 1.578703135466069944e+04 6.817613642444950983e+01
1.903941518947315359e+01 4.328913052285378171e+02 1.570420769126600499e+04 6.572579225126763447e+01
1.903941518947315359e+01 4.328913052285378171e+02 1.570420769126600499e+04 6.572579225126763447e+01
1.903941518947315359e+01 4.328913052285378171e+02 1.570420769126600499e+04 6.572579225126763447e+01
1.903941518947315359e+01 4.328913052285378171e+02 1.570420769126600499e+04 6.572579225126763447e+01
1.903941518947315359e+01 4.328913052285378171e+02 1.570420769126600499e+04 6.572579225126763447e+01
1.903941518947315359e+01 4.328913052285378171e+02 1.570420769126600499e+04 6.572579225126763447e+01
1.886461112962896536e+01 4.263990604790913608e+02 1.573630269157702605e+04 6.523869181902304604e+01
1.968532132522303613e+01 4.203197580750712632e+02 1.442714624395299870e+04 6.479842115327745944e+01
1.968532132522303613e+01 4.203197580750712632e+02 1.442714624395299870e+04 6.479842115327745944e+01
1.968532132522303613e+01 4.203197580750712632e+02 1.442714624395299870e+04 6.479842115327745944e+01
1.968532132522303613e+01 4.203197580750712632e+02 1.442714624395299870e+04 6.479842115327745944e+01
1.968532132522303613e+01 4.203197580750712632e+02 1.442714624395299870e+04 6.479842115327745944e+01
1.968532132522303613e+01 4.203197580750712632e+02 1.442714624395299870e+04 6.479842115327745944e+01
1.968532132522303613e+01 4.203197580750712632e+02 1.442714624395299870e+04 6.479842115327745944e+01
1.913533650258464291e+01 4.238070394355912640e+02 1.428452610204422308e+04 6.612734479648750607e+01
1.913533650258464291e+01 4.238070394355912640e+02 1.428452610204422308e+04 6.612734479648750607e+01
1.913533650258464291e+01 4.238070394355912640e+02 1.428452610204422308e+04 6.612734479648750607e+01
1.913533650258464291e+01 4.238070394355912640e+02 1.428452610204422308e+04 6.612734479648750607e+01
1.913533650258464291e+01 4.238070394355912640e+02 1.428452610204422308e+04 6.612734479648750607e+01
1.867651265979394637e+01 4.220162943739848060e+02 1.436260117146541415e+04 6.711301992209955358e+01
1.867651265979394637e+01 4.220162943739848060e+02 1.436260117146541415e+04 6.711301992209955358e+01
1.867651265979394637e+01 4.220162943739848060e+02 1.436260117146541415e+04 6.711301992209955358e+01
1.867651265979394637e+01 4.220162943739848060e+02 1.436260117146541415e+04 6.711301992209955358e+01
1.867651265979394637e+01 4.220162943739848060e+02 1.436260117146541415e+04 6.711301992209955358e+01
1.867651265979394637e+01 4.220162943739848060e+02 1.436260117146541415e+04 6.711301992209955358e+01
1.867651265979394637e+01 4.220162943739848060e+02 1.436260117146541415e+04 6.711301992209955358e+01
1.867651265979394637e+01 4.220162943739848060e+02 1.436260117146541415e+04 6.711301992209955358e+01
1.885333217176559373e+01 4.232147663157348916e+02 1.437280533269990519e+04 6.626333025545328326e+01
1.885333217176559373e+01 4.232147663157348916e+02 1.437280533269990519e+04 6.626333025545328326e+01
1.885333217176559373e+01 4.232147663157348916e+02 1.437280533269990519e+04 6.626333025545328326e+01
1.885333217176559373e+01 4.232147663157348916e+02 1.437280533269990519e+04 6.626333025545328326e+01
1.885333217176559373e+01 4.232147663157348916e+02 1.437280533269990519e+04 6.626333025545328326e+01
1.885333217176559373e+01 4.232147663157348916e+02 1.437280533269990519e+04 6.626333025545328326e+01
1.885333217176559373e+01 4.232147663157348916e+02 1.437280533269990519e+04 6.626333025545328326e+01
1.885333217176559373e+01 4.232147663157348916e+02 1.437280533269990519e+04 6.626333025545328326e+01
1.885333217176559373e+01 4.232147663157348916e+02 1.437280533269990519e+04 6.626333025545328326e+01
1.825239309652634745e+01 4.192283971215843508e+02 1.389062586631700105e+04 7.124047190494928827e+01
1.921660123764836570e+01 4.180116490882472817e+02 1.387777625965261359e+04 6.777376579927599209e+01
1.916865285923756446e+01 4.173059264347609769e+02 1.396804019501069706e+04 6.646291529618169136e+01
1.883749799086676191e+01 4.122782497413812735e+02 1.393307913967336026e+04 6.639597532007380210e+01
1.894642004981804462e+01 4.149148312813453003e+02 1.393683414850761983e+04 6.518665109664907220e+01
1.894642004981804462e+01 4.149148312813453003e+02 1.393683414850761983e+04 6.518665109664907220e+01
1.894642004981804462e+01 4.149148312813453003e+02 1.393683414850761983e+04 6.518665109664907220e+01
1.894642004981804462e+01 4.149148312813453003e+02 1.393683414850761983e+04 6.518665109664907220e+01
1.894642004981804462e+01 4.149148312813453003e+02 1.393683414850761983e+04 6.518665109664907220e+01
1.894642004981804462e+01 4.149148312813453003e+02 1.393683414850761983e+04 6.518665109664907220e+01
1.894642004981804462e+01 4.149148312813453003e+02 1.393683414850761983e+04 6.518665109664907220e+01
1.894642004981804462e+01 4.149148312813453003e+02 1.393683414850761983e+04 6.518665109664907220e+01
1.877476053138359191e+01 4.159852199008151388e+02 1.383285010393550692e+04 6.401560426157227823e+01
1.877476053138359191e+01 4.159852199008151388e+02 1.383285010393550692e+04 6.401560426157227823e+01
1.877476053138359191e+01 4.159852199008151388e+02 1.383285010393550692e+04 6.401560426157227823e+01
1.877476053138359191e+01 4.159852199008151388e+02 1.383285010393550692e+04 6.401560426157227823e+01
1.877476053138359191e+01 4.159852199008151388e+02 1.383285010393550692e+04 6.401560426157227823e+01
1.877476053138359191e+01 4.159852199008151388e+02 1.383285010393550692e+04 6.401560426157227823e+01
1.877476053138359191e+01 4.159852199008151388e+02 1.383285010393550692e+04 6.401560426157227823e+01
1.944313729195782514e+01 4.152195438497356577e+02 1.276047900132374707e+04 6.289742663704921455e+01
1.944313729195782514e+01 4.152195438497356577e+02 1.276047900132374707e+04 6.289742663704921455e+01
1.944313729195782514e+01 4.152195438497356577e+02 1.276047900132374707e+04 6.289742663704921455e+01
1.968842609792694276e+01 4.068132807709645817e+02 1.273331974957790590e+04 6.312217612067579608e+01
1.813859048702306609e+01 4.218637154363899526e+02 1.257505082369822230e+04 6.481404685144924827e+01
1.873680324086063465e+01 4.097916383968442346e+02 1.136479188322930167e+04 6.869296614640271059e+01
1.873680324086063465e+01 4.097916383968442346e+02 1.136479188322930167e+04 6.869296614640271059e+01
1.840749100094054569e+01 4.058860728530921733e+02 1.133929949466681319e+04 6.865808020724419691e+01
1.857586190552042282e+01 4.244507650511076235e+02 1.119291453403991363e+04 6.316286411583518401e+01
1.857586190552042282e+01 4.244507650511076235e+02 1.119291453403991363e+04 6.316286411583518401e+01
1.873917153046308570e+01 4.167827418453194355e+02 1.132123459507611187e+04 6.036874765536982324e+01
1.835863309709442959e+01 4.064613902866547051e+02 1.033820234720775989e+04 6.628046649322962480e+01
1.835863309709442959e+01 4.064613902866547051e+02 1.033820234720775989e+04 6.628046649322962480e+01
1.834097319580327579e+01 4.134138294257178359e+02 9.975721334494162875e+03 6.485167886560954287e+01
1.834097319580327579e+01 4.134138294257178359e+02 9.975721334494162875e+03 6.485167886560954287e+01
1.821190198376872971e+01 4.094774455285157160e+02 9.870217683677476089e+03 6.525794946883107173e+01
1.821190198376872971e+01 4.094774455285157160e+02 9.870217683677476089e+03 6.525794946883107173e+01
1.821190198376872971e+01 4.094774455285157160e+02 9.870217683677476089e+03 6.525794946883107173e+01
1.821190198376872971e+01 4.094774455285157160e+02 9.870217683677476089e+03 6.525794946883107173e+01
1.821190198376872971e+01 4.094774455285157160e+02 9.870217683677476089e+03 6.525794946883107173e+01
1.821190198376872971e+01 4.094774455285157160e+02 9.870217683677476089e+03 6.525794946883107173e+01
1.883805135161811606e+01 4.168785650631323847e+02 9.114224771914807206e+03 6.357150429538103253e+01
1.885656864605084237e+01 4.131460393578831827e+02 9.101714157451498977e+03 6.342249292336504141e+01
1.885656864605084237e+01 4.131460393578831827e+02 9.101714157451498977e+03 6.342249292336504141e+01
1.885656864605084237e+01 4.131460393578831827e+02 9.101714157451498977e+03 6.342249292336504141e+01
1.885656864605084237e+01 4.131460393578831827e+02 9.101714157451498977e+03 6.342249292336504141e+01
1.885656864605084237e+01 4.131460393578831827e+02 9.101714157451498977e+03 6.342249292336504141e+01
1.855383505641083985e+01 4.103388188777652203e+02 9.073010794110645293e+03 6.477324295965043177e+01
1.855383505641083985e+01 4.103388188777652203e+02 9.073010794110645293e+03 6.477324295965043177e+01
1.780950426264422859e+01 4.102193508160617625e+02 9.069576709531182132e+03 6.358921461212423765e+01
1.780950426264422859e+01 4.102193508160617625e+02 9.069576709531182132e+03 6.358921461212423765e+01
1.780950426264422859e+01 4.102193508160617625e+02 9.069576709531182132e+03 6.358921461212423765e+01
1.780950426264422859e+01 4.102193508160617625e+02 9.069576709531182132e+03 6.358921461212423765e+01
1.780950426264422859e+01 4.102193508160617625e+02 9.069576709531182132e+03 6.358921461212423765e+01
1.780950426264422859e+01 4.102193508160617625e+02 9.069576709531182132e+03 6.358921461212423765e+01
1.780950426264422859e+01 4.102193508160617625e+02 9.069576709531182132e+03 6.358921461212423765e+01
1.840575088830009776e+01 4.075507448342989960e+02 8.054027274984645373e+03 6.624397352959599061e+01
1.840575088830009776e+01 4.075507448342989960e+02 8.054027274984645373e+03 6.624397352959599061e+01
1.929890986116830121e+01 3.988812237708789326e+02 7.866436539508302303e+03 6.472666474452326213e+01
1.929890986116830121e+01 3.988812237708789326e+02 7.866436539508302303e+03 6.472666474452326213e+01
1.929890986116830121e+01 3.988812237708789326e+02 7.866436539508302303e+03 6.472666474452326213e+01
1.929890986116830121e+01 3.988812237708789326e+02 7.866436539508302303e+03 6.472666474452326213e+01
1.922956077866157187e+01 4.002434051497784822e+02 7.772658964545011258e+03 6.519145564883835675e+01
1.922956077866157187e+01 4.002434051497784822e+02 7.772658964545011258e+03 6.519145564883835675e+01
1.860406929972903001e+01 4.050552145974515383e+02 7.758717050527906395e+03 6.144988976895228205e+01
1.788621594329761422e+01 4.040130520734025481e+02 7.954944551616538774e+03 6.274922200615084478e+01
1.788621594329761422e+01 4.040130520734025481e+02 7.954944551616538774e+03 6.274922200615084478e+01
1.788621594329761422e+01 4.040130520734025481e+02 7.954944551616538774e+03 6.274922200615084478e+01
1.788621594329761422e+01 4.040130520734025481e+02 7.954944551616538774e+03 6.274922200615084478e+01
1.788621594329761422e+01 4.040130520734025481e+02 7.954944551616538774e+03 6.274922200615084478e+01
1.875330794423875247e+01 4.001632858603172735e+02 7.574122175089351003e+03 6.201904130398252590e+01
1.875330794423875247e+01 4.001632858603172735e+02 7.574122175089351003e+03 6.201904130398252590e+01
1.875330794423875247e+01 4.001632858603172735e+02 7.574122175089351003e+03 6.201904130398252590e+01
1.875330794423875247e+01 4.001632858603172735e+02 7.574122175089351003e+03 6.201904130398252590e+01
1.875330794423875247e+01 4.001632858603172735e+02 7.574122175089351003e+03 6.201904130398252590e+01
1.875330794423875247e+01 4.001632858603172735e+02 7.574122175089351003e+03 6.201904130398252590e+01
1.875330794423875247e+01 4.001632858603172735e+02 7.574122175089351003e+03 6.201904130398252590e+01
1.834178630397122234e+01 3.978197935161838927e+02 7.448605561327219220e+03 6.382014980663616655e+01
1.927930647429882072e+01 3.937037303696748154e+02 7.621722789126774842e+03 5.906001364894130035e+01
1.927930647429882072e+01 3.937037303696748154e+02 7.621722789126774842e+03 5.906001364894130035e+01
1.927930647429882072e+01 3.937037303696748154e+02 7.621722789126774842e+03 5.906001364894130035e+01
1.927930647429882072e+01 3.937037303696748154e+02 7.621722789126774842e+03 5.906001364894130035e+01
1.851336378286889683e+01 3.962940012260689286e+02 7.656835164381643153e+03 6.008861866835282939e+01
1.851336378286889683e+01 3.962940012260689286e+02 7.656835164381643153e+03 6.008861866835282939e+01
1.851336378286889683e+01 3.962940012260689286e+02 7.656835164381643153e+03 6.008861866835282939e+01
1.851336378286889683e+01 3.962940012260689286e+02 7.656835164381643153e+03 6.008861866835282939e+01
1.851336378286889683e+01 3.962940012260689286e+02 7.656835164381643153e+03 6.008861866835282939e+01
1.851336378286889683e+01 3.962940012260689286e+02 7.656835164381643153e+03 6.008861866835282939e+01
1.851336378286889683e+01 3.962940012260689286e+02 7.656835164381643153e+03 6.008861866835282939e+01
1.851336378286889683e+01 3.962940012260689286e+02 7.656835164381643153e+03 6.008861866835282939e+01
1.851336378286889683e+01 3.962940012260689286e+02 7.656835164381643153e+03 6.008861866835282939e+01
1.851336378286889683e+01 3.962940012260689286e+02 7.656835164381643153e+03 6.008861866835282939e+01
1.851336378286889683e+01 3.962940012260689286e+02 7.656835164381643153e+03 6.008861866835282939e+01
1.851336378286889683e+01 3.962940012260689286e+02 7.656835164381643153e+03 6.008861866835282939e+01
1.851336378286889683e+01 3.962940012260689286e+02 7.656835164381643153e+03 6.008861866835282939e+01
1.851336378286889683e+01 3.962940012260689286e+02 7.656835164381643153e+03 6.008861866835282939e+01
1.851336378286889683e+01 3.962940012260689286e+02 7.656835164381643153e+03 6.008861866835282939e+01
1.851336378286889683e+01 3.962940012260689286e+02 7.656835164381643153e+03 6.008861866835282939e+01
1.851336378286889683e+01 3.962940012260689286e+02 7.656835164381643153e+03 6.008861866835282939e+01
1.851336378286889683e+01 3.962940012260689286e+02 7.656835164381643153e+03 6.008861866835282939e+01
1.839824022721144203e+01 3.987988348897663968e+02 7.348304592426565250e+03 6.237270198780250752e+01
1.839824022721144203e+01 3.987988348897663968e+02 7.348304592426565250e+03 6.237270198780250752e+01
1.839824022721144203e+01 3.987988348897663968e+02 7.348304592426565250e+03 6.237270198780250752e+01
1.839824022721144203e+01 3.987988348897663968e+02 7.348304592426565250e+03 6.237270198780250752e+01
1.839824022721144203e+01 3.987988348897663968e+02 7.348304592426565250e+03 6.237270198780250752e+01
1.875478502205300657e+01 4.083735074230535247e+02 7.512240027845205987e+03 5.560158165925703599e+01
1.875478502205300657e+01 4.083735074230535247e+02 7.512240027845205987e+03 5.560158165925703599e+01
1.875478502205300657e+01 4.083735074230535247e+02 7.512240027845205987e+03 5.560158165925703599e+01
1.875478502205300657e+01 4.083735074230535247e+02 7.512240027845205987e+03 5.560158165925703599e+01
1.875478502205300657e+01 4.083735074230535247e+02 7.512240027845205987e+03 5.560158165925703599e+01
1.875478502205300657e+01 4.083735074230535247e+02 7.512240027845205987e+03 5.560158165925703599e+01
1.875478502205300657e+01 4.083735074230535247e+02 7.512240027845205987e+03 5.560158165925703599e+01
1.875478502205300657e+01 4.083735074230535247e+02 7.512240027845205987e+03 5.560158165925703599e+01
1.875478502205300657e+01 4.083735074230535247e+02 7.512240027845205987e+03 5.560158165925703599e+01
1.875478502205300657e+01 4.083735074230535247e+02 7.512240027845205987e+03 5.560158165925703599e+01
1.875478502205300657e+01 4.083735074230535247e+02 7.512240027845205987e+03 5.560158165925703599e+01
1.875478502205300657e+01 4.083735074230535247e+02 7.512240027845205987e+03 5.560158165925703599e+01
1.875478502205300657e+01 4.083735074230535247e+02 7.512240027845205987e+03 5.560158165925703599e+01
1.875478502205300657e+01 4.083735074230535247e+02 7.512240027845205987e+03 5.560158165925703599e+01
1.875478502205300657e+01 4.083735074230535247e+02 7.512240027845205987e+03 5.560158165925703599e+01
1.875478502205300657e+01 4.083735074230535247e+02 7.512240027845205987e+03 5.560158165925703599e+01
1.875478502205300657e+01 4.083735074230535247e+02 7.512240027845205987e+03 5.560158165925703599e+01
1.875478502205300657e+01 4.083735074230535247e+02 7.512240027845205987e+03 5.560158165925703599e+01
1.875478502205300657e+01 4.083735074230535247e+02 7.512240027845205987e+03 5.560158165925703599e+01
1.875478502205300657e+01 4.083735074230535247e+02 7.512240027845205987e+03 5.560158165925703599e+01
1.875478502205300657e+01 4.083735074230535247e+02 7.512240027845205987e+03 5.560158165925703599e+01
1.847646375057136581e+01 4.063116374951974876e+02 7.337773410204227730e+03 5.568311005648662615e+01
1.847646375057136581e+01 4.063116374951974876e+02 7.337773410204227730e+03 5.568311005648662615e+01
1.847646375057136581e+01 4.063116374951974876e+02 7.337773410204227730e+03 5.568311005648662615e+01
1.847646375057136581e+01 4.063116374951974876e+02 7.337773410204227730e+03 5.568311005648662615e+01
1.847646375057136581e+01 4.063116374951974876e+02 7.337773410204227730e+03 5.568311005648662615e+01
1.847646375057136581e+01 4.063116374951974876e+02 7.337773410204227730e+03 5.568311005648662615e+01
1.847646375057136581e+01 4.063116374951974876e+02 7.337773410204227730e+03 5.568311005648662615e+01
1.847646375057136581e+01 4.063116374951974876e+02 7.337773410204227730e+03 5.568311005648662615e+01
1.847646375057136581e+01 4.063116374951974876e+02 7.337773410204227730e+03 5.568311005648662615e+01
1.847646375057136581e+01 4.063116374951974876e+02 7.337773410204227730e+03 5.568311005648662615e+01
1.847646375057136581e+01 4.063116374951974876e+02 7.337773410204227730e+03 5.568311005648662615e+01
1.847646375057136581e+01 4.063116374951974876e+02 7.337773410204227730e+03 5.568311005648662615e+01
1.847646375057136581e+01 4.063116374951974876e+02 7.337773410204227730e+03 5.568311005648662615e+01
1.847646375057136581e+01 4.063116374951974876e+02 7.337773410204227730e+03 5.568311005648662615e+01
1.847646375057136581e+01 4.063116374951974876e+02 7.337773410204227730e+03 5.568311005648662615e+01
1.847646375057136581e+01 4.063116374951974876e+02 7.337773410204227730e+03 5.568311005648662615e+01
1.847646375057136581e+01 4.063116374951974876e+02 7.337773410204227730e+03 5.568311005648662615e+01
1.847646375057136581e+01 4.063116374951974876e+02 7.337773410204227730e+03 5.568311005648662615e+01
1.847646375057136581e+01 4.063116374951974876e+02 7.337773410204227730e+03 5.568311005648662615e+01
1.847646375057136581e+01 4.063116374951974876e+02 7.337773410204227730e+03 5.568311005648662615e+01
1.847646375057136581e+01 4.063116374951974876e+02 7.337773410204227730e+03 5.568311005648662615e+01
1.847646375057136581e+01 4.063116374951974876e+02 7.337773410204227730e+03 5.568311005648662615e+01
1.847646375057136581e+01 4.063116374951974876e+02 7.337773410204227730e+03 5.568311005648662615e+01
1.847646375057136581e+01 4.063116374951974876e+02 7.337773410204227730e+03 5.568311005648662615e+01
1.847646375057136581e+01 4.063116374951974876e+02 7.337773410204227730e+03 5.568311005648662615e+01
1.847646375057136581e+01 4.063116374951974876e+02 7.337773410204227730e+03 5.568311005648662615e+01
1.847646375057136581e+01 4.063116374951974876e+02 7.337773410204227730e+03 5.568311005648662615e+01
1.847646375057136581e+01 4.063116374951974876e+02 7.337773410204227730e+03 5.568311005648662615e+01
1.890813334462002970e+01 4.054577087157157393e+02 7.346681298089170014e+03 5.429971417513585408e+01
1.890813334462002970e+01 4.054577087157157393e+02 7.346681298089170014e+03 5.429971417513585408e+01
1.858135192455784335e+01 4.035792624470593069e+02 7.120404719780904088e+03 5.554334581988788955e+01
1.858135192455784335e+01 4.035792624470593069e+02 7.120404719780904088e+03 5.554334581988788955e+01
1.858135192455784335e+01 4.035792624470593069e+02 7.120404719780904088e+03 5.554334581988788955e+01
1.858135192455784335e+01 4.035792624470593069e+02 7.120404719780904088e+03 5.554334581988788955e+01
1.858135192455784335e+01 4.035792624470593069e+02 7.120404719780904088e+03 5.554334581988788955e+01
1.858135192455784335e+01 4.035792624470593069e+02 7.120404719780904088e+03 5.554334581988788955e+01
1.892116771399480513e+01 4.071918736362640630e+02 7.012576693009494193e+03 5.459257743711211930e+01
1.892117223355510802e+01 4.037189040129039199e+02 7.007569130699061134e+03 5.498526134260281850e+01
1.892117223355510802e+01 4.037189040129039199e+02 7.007569130699061134e+03 5.498526134260281850e+01
1.885736460799131109e+01 4.037808587926713813e+02 6.999425921613735227e+03 5.526294189428855219e+01
1.863771535554407066e+01 4.023607260288642919e+02 7.022346085849758310e+03 5.459818520429539035e+01
1.863771535554407066e+01 4.023607260288642919e+02 7.022346085849758310e+03 5.459818520429539035e+01
1.845048428005270935e+01 4.033015641002779716e+02 7.083749738466553936e+03 5.456744140963015610e+01
1.845048428005270935e+01 4.033015641002779716e+02 7.083749738466553936e+03 5.456744140963015610e+01
1.837169803488672315e+01 4.031417187684704118e+02 7.009277862504178302e+03 5.463764346333606881e+01
1.913257986537734467e+01 4.089330312142802200e+02 6.991256330154707939e+03 5.206984192034769166e+01
1.877587911291984923e+01 4.014163011739196918e+02 6.670688838750026662e+03 5.617162763208708753e+01
1.892999754764933940e+01 4.020167110099874321e+02 6.620811166743231297e+03 5.473450834839255918e+01
1.928539373651585009e+01 3.972356974808609493e+02 6.613655531125446032e+03 5.404298870083962214e+01
1.919787287068756143e+01 4.032495227392871584e+02 6.426735357851865047e+03 5.412273485896037784e+01
1.919787287068756143e+01 4.032495227392871584e+02 6.426735357851865047e+03 5.412273485896037784e+01
1.924113389291671794e+01 4.053068911363529310e+02 6.481788887802150384e+03 5.264396870313542820e+01
1.851681498447161545e+01 4.049132703999212595e+02 6.521874827968001227e+03 5.340125145340144286e+01
1.851067969736496011e+01 4.040578427666453081e+02 6.253548792436974509e+03 5.313521229604261009e+01
1.851067969736496011e+01 4.040578427666453081e+02 6.253548792436974509e+03 5.313521229604261009e+01
1.851067969736496011e+01 4.040578427666453081e+02 6.253548792436974509e+03 5.313521229604261009e+01
1.830639216661857915e+01 4.007793727729708166e+02 6.232721053759443748e+03 5.410927631693009232e+01
1.830639216661857915e+01 4.007793727729708166e+02 6.232721053759443748e+03 5.410927631693009232e+01
1.830639216661857915e+01 4.007793727729708166e+02 6.232721053759443748e+03 5.410927631693009232e+01
1.830639216661857915e+01 4.007793727729708166e+02 6.232721053759443748e+03 5.410927631693009232e+01
1.830639216661857915e+01 4.007793727729708166e+02 6.232721053759443748e+03 5.410927631693009232e+01
1.830639216661857915e+01 4.007793727729708166e+02 6.232721053759443748e+03 5.410927631693009232e+01
1.818580951495520992e+01 4.021244654947014396e+02 6.244997950619147559e+03 5.427705370170906463e+01
1.818580951495520992e+01 4.021244654947014396e+02 6.244997950619147559e+03 5.427705370170906463e+01
1.818580951495520992e+01 4.021244654947014396e+02 6.244997950619147559e+03 5.427705370170906463e+01
1.818580951495520992e+01 4.021244654947014396e+02 6.244997950619147559e+03 5.427705370170906463e+01
1.818580951495520992e+01 4.021244654947014396e+02 6.244997950619147559e+03 5.427705370170906463e+01
1.882891467762643245e+01 3.934398500488978812e+02 5.988856349162748302e+03 5.474806105851837401e+01
1.831006052913200577e+01 3.950567586859176572e+02 5.998635634622642101e+03 5.358544272058874469e+01
1.831006052913200577e+01 3.950567586859176572e+02 5.998635634622642101e+03 5.358544272058874469e+01
1.831006052913200577e+01 3.950567586859176572e+02 5.998635634622642101e+03 5.358544272058874469e+01
1.831006052913200577e+01 3.950567586859176572e+02 5.998635634622642101e+03 5.358544272058874469e+01
1.831006052913200577e+01 3.950567586859176572e+02 5.998635634622642101e+03 5.358544272058874469e+01
1.831006052913200577e+01 3.950567586859176572e+02 5.998635634622642101e+03 5.358544272058874469e+01
1.831006052913200577e+01 3.950567586859176572e+02 5.998635634622642101e+03 5.358544272058874469e+01
1.831006052913200577e+01 3.950567586859176572e+02 5.998635634622642101e+03 5.358544272058874469e+01
1.831006052913200577e+01 3.950567586859176572e+02 5.998635634622642101e+03 5.358544272058874469e+01
1.831006052913200577e+01 3.950567586859176572e+02 5.998635634622642101e+03 5.358544272058874469e+01
1.831006052913200577e+01 3.950567586859176572e+02 5.998635634622642101e+03 5.358544272058874469e+01
1.820418741861923451e+01 3.947961300496150443e+02 6.024990855781571554e+03 5.329320598188379421e+01
1.820418741861923451e+01 3.947961300496150443e+02 6.024990855781571554e+03 5.329320598188379421e+01
1.820418741861923451e+01 3.947961300496150443e+02 6.024990855781571554e+03 5.329320598188379421e+01
1.820418741861923451e+01 3.947961300496150443e+02 6.024990855781571554e+03 5.329320598188379421e+01
1.820418741861923451e+01 3.947961300496150443e+02 6.024990855781571554e+03 5.329320598188379421e+01
1.820418741861923451e+01 3.947961300496150443e+02 6.024990855781571554e+03 5.329320598188379421e+01
1.820418741861923451e+01 3.947961300496150443e+02 6.024990855781571554e+03 5.329320598188379421e+01
1.820418741861923451e+01 3.947961300496150443e+02 6.024990855781571554e+03 5.329320598188379421e+01
1.820418741861923451e+01 3.947961300496150443e+02 6.024990855781571554e+03 5.329320598188379421e+01
1.820418741861923451e+01 3.947961300496150443e+02 6.024990855781571554e+03 5.329320598188379421e+01
1.820418741861923451e+01 3.947961300496150443e+02 6.024990855781571554e+03 5.329320598188379421e+01
1.820418741861923451e+01 3.947961300496150443e+02 6.024990855781571554e+03 5.329320598188379421e+01
1.820418741861923451e+01 3.947961300496150443e+02 6.024990855781571554e+03 5.329320598188379421e+01
1.820418741861923451e+01 3.947961300496150443e+02 6.024990855781571554e+03 5.329320598188379421e+01
1.820418741861923451e+01 3.947961300496150443e+02 6.024990855781571554e+03 5.329320598188379421e+01
1.820418741861923451e+01 3.947961300496150443e+02 6.024990855781571554e+03 5.329320598188379421e+01
1.820418741861923451e+01 3.947961300496150443e+02 6.024990855781571554e+03 5.329320598188379421e+01
1.820418741861923451e+01 3.947961300496150443e+02 6.024990855781571554e+03 5.329320598188379421e+01
1.820418741861923451e+01 3.947961300496150443e+02 6.024990855781571554e+03 5.329320598188379421e+01
1.820418741861923451e+01 3.947961300496150443e+02 6.024990855781571554e+03 5.329320598188379421e+01
1.820418741861923451e+01 3.947961300496150443e+02 6.024990855781571554e+03 5.329320598188379421e+01
1.820418741861923451e+01 3.947961300496150443e+02 6.024990855781571554e+03 5.329320598188379421e+01
1.820418741861923451e+01 3.947961300496150443e+02 6.024990855781571554e+03 5.329320598188379421e+01
1.850702786956104262e+01 3.964704364371011138e+02 5.839241799436566907e+03 5.406117533220172788e+01
1.850702786956104262e+01 3.964704364371011138e+02 5.839241799436566907e+03 5.406117533220172788e+01
1.850702786956104262e+01 3.964704364371011138e+02 5.839241799436566907e+03 5.406117533220172788e+01
1.824305388754283896e+01 3.946823218107876414e+02 5.834008249683417489e+03 5.318491021560483745e+01
1.824305388754283896e+01 3.946823218107876414e+02 5.834008249683417489e+03 5.318491021560483745e+01
1.824305388754283896e+01 3.946823218107876414e+02 5.834008249683417489e+03 5.318491021560483745e+01
1.824305388754283896e+01 3.946823218107876414e+02 5.834008249683417489e+03 5.318491021560483745e+01
1.824305388754283896e+01 3.946823218107876414e+02 5.834008249683417489e+03 5.318491021560483745e+01
1.824305388754283896e+01 3.946823218107876414e+02 5.834008249683417489e+03 5.318491021560483745e+01
1.824305388754283896e+01 3.946823218107876414e+02 5.834008249683417489e+03 5.318491021560483745e+01
1.824305388754283896e+01 3.946823218107876414e+02 5.834008249683417489e+03 5.318491021560483745e+01
1.824305388754283896e+01 3.946823218107876414e+02 5.834008249683417489e+03 5.318491021560483745e+01
1.824305388754283896e+01 3.946823218107876414e+02 5.834008249683417489e+03 5.318491021560483745e+01
1.824305388754283896e+01 3.946823218107876414e+02 5.834008249683417489e+03 5.318491021560483745e+01
1.824305388754283896e+01 3.946823218107876414e+02 5.834008249683417489e+03 5.318491021560483745e+01
1.824305388754283896e+01 3.946823218107876414e+02 5.834008249683417489e+03 5.318491021560483745e+01
1.824305388754283896e+01 3.946823218107876414e+02 5.834008249683417489e+03 5.318491021560483745e+01
1.824305388754283896e+01 3.946823218107876414e+02 5.834008249683417489e+03 5.318491021560483745e+01
1.824305388754283896e+01 3.946823218107876414e+02 5.834008249683417489e+03 5.318491021560483745e+01
1.878103691322009894e+01 3.912039547836238853e+02 5.696950366944184680e+03 5.327826603311288522e+01
1.837223467710657587e+01 3.997024354785722267e+02 5.528151517690275796e+03 5.352365122048573198e+01
1.837223467710657587e+01 3.997024354785722267e+02 5.528151517690275796e+03 5.352365122048573198e+01
1.837223467710657587e+01 3.997024354785722267e+02 5.528151517690275796e+03 5.352365122048573198e+01
1.861500288107522039e+01 3.950790278697036797e+02 5.499679704294891962e+03 5.220412609838556506e+01
1.861500288107522039e+01 3.950790278697036797e+02 5.499679704294891962e+03 5.220412609838556506e+01
1.861500288107522039e+01 3.950790278697036797e+02 5.499679704294891962e+03 5.220412609838556506e+01
1.861500288107522039e+01 3.950790278697036797e+02 5.499679704294891962e+03 5.220412609838556506e+01
1.861500288107522039e+01 3.950790278697036797e+02 5.499679704294891962e+03 5.220412609838556506e+01
1.861500288107522039e+01 3.950790278697036797e+02 5.499679704294891962e+03 5.220412609838556506e+01
1.863137410903058466e+01 3.929858481561396388e+02 5.476434935632779343e+03 5.167931953049163241e+01
1.863137410903058466e+01 3.929858481561396388e+02 5.476434935632779343e+03 5.167931953049163241e+01
1.863137410903058466e+01 3.929858481561396388e+02 5.476434935632779343e+03 5.167931953049163241e+01
