1.000000000000000000e+00 1.000000000000000000e+00 1.000000000000000000e+00 1.000000000000000000e+00
4.009948456492142377e+00 3.182412619050497771e+00 2.332696269415104780e+03 3.259411134716894837e-02
3.888134328176219068e+00 3.095354666757046846e+00 2.288436481724376790e+03 3.193782464614309397e-02
4.162528873309122801e+00 3.026441272084627876e+00 2.601904933259894733e+03 3.696116187876766213e-02
4.066939152447476502e+00 2.795976885833932002e+00 2.402148745036884520e+03 3.174694390875969219e-02
4.134080372002430614e+00 2.881177139008143318e+00 2.291445281772455019e+03 3.594937884485194940e-02
3.858728807592231913e+00 2.754340978220929159e+00 2.361633402381196447e+03 3.584914993856531951e-02
3.835835179595640021e+00 2.553028800269431020e+00 2.164991858235673135e+03 3.268337631081372902e-02
3.033209287555355349e+00 2.414680781526642228e+00 2.028968336552695973e+03 3.584804406013118033e-02
3.234209180285942953e+00 2.211773992510419173e+00 1.779142389562398421e+03 3.420113935708685854e-02
2.785742889269523737e+00 2.217288994175218519e+00 1.732793235592668225e+03 3.449562483043206590e-02
2.928716913910019759e+00 2.359182830048637047e+00 1.711772240146521199e+03 3.184040360848029716e-02
2.890072200711714778e+00 2.324379616666689685e+00 1.670952845645831985e+03 3.375141946039648261e-02
2.921104647375467600e+00 1.873669775329540599e+00 1.676737425856779055e+03 3.459112896696862893e-02
3.173038095548213366e+00 2.014994191844784677e+00 1.663256967493559387e+03 3.615367159142465758e-02
2.782773336544735354e+00 2.264245548944445741e+00 1.666669774224803405e+03 3.394666018817323744e-02
2.315956159711390239e+00 2.011002153719937180e+00 1.411946835135132915e+03 3.257592854634969171e-02
2.623181316826561194e+00 1.959665128136729217e+00 1.714808676907726976e+03 3.481541143582488063e-02
2.535023730645037165e+00 2.019948078702989758e+00 1.627155922476416663e+03 3.498375905825803350e-02
2.476893928483510976e+00 1.958707635710793760e+00 1.604893266912396939e+03 3.667460473637993573e-02
2.634536946055844098e+00 2.039049717265503325e+00 1.534886576671160128e+03 3.440322693468102905e-02
2.647074467896370908e+00 2.025111369441590536e+00 1.481754342684378798e+03 3.295911236209626144e-02
2.255830441485215943e+00 1.804574376287981119e+00 1.388099976318586187e+03 3.334337718098383252e-02
2.206398581869727149e+00 1.643677305890413054e+00 1.380801809246916036e+03 3.440022534281688554e-02
1.586290299453519737e+00 1.527419385490823789e+00 1.230066049874254531e+03 3.206605892141896341e-02
1.569042444506482115e+00 1.712683788413520203e+00 1.269186647749201711e+03 3.258168907309064860e-02
1.238688922354572286e+00 1.200768497436934368e+00 9.700837192321404245e+02 3.815291670316013628e-02
1.054170321035097224e+00 1.236736780873795682e+00 9.063877464964177761e+02 3.609310605735995686e-02
6.203832724378129937e-01 1.172612616750763559e+00 7.522300694276815420e+02 4.304448083699405347e-02
6.413075362849717242e-01 1.105695276847903363e+00 6.675916287414200951e+02 3.359311447520730437e-02
5.010502357621905434e-01 1.113787272332525058e+00 6.500059238044671019e+02 3.802586798262598544e-02
5.476703176992291366e-01 1.032296932112431120e+00 6.048332270565456383e+02 3.580527439642193499e-02
5.615609340872891320e-01 1.116458130846296859e+00 6.925416867138319503e+02 3.530753200602960995e-02
2.466446648653706220e-01 9.654913253533125017e-01 4.146414584129350942e+02 4.550457826954660417e-02
1.999847807234433339e-01 1.048859802185944545e+00 4.435362610303337760e+02 4.554717405362392058e-02
1.658292697012628547e-01 9.355064386615959959e-01 4.045477924880473211e+02 5.323105657428166965e-02
1.606546642602341701e-01 9.427320728378880688e-01 3.456896139860330663e+02 5.057910428250936286e-02
1.588003940439901562e-01 9.992516115633450768e-01 3.454550314754181954e+02 4.631659516465435472e-02
1.132245547026529825e-01 9.969050227005922249e-01 3.100611541332925185e+02 5.732085978105450064e-02
8.768444564093867688e-02 1.029764052217234438e+00 3.183029074268820864e+02 5.695081905443178522e-02
7.512135147089284148e-02 9.771808430688394553e-01 2.983380496979639815e+02 5.447580365655563250e-02
4.535313364490054650e-02 9.359915513362172534e-01 1.498079016212614647e+02 6.971701471525554306e-02
4.905097824989398947e-02 1.085351850978617305e+00 1.617403321849907911e+02 7.485084404085851073e-02
4.803126429558154248e-02 1.010340860912477767e+00 1.625430436389893885e+02 7.346008409200956157e-02
4.418360509295741340e-02 9.343542240535577248e-01 1.704808004471170477e+02 7.080156620191699335e-02
4.644984710130754813e-02 1.068729358902869242e+00 1.491696632242710905e+02 6.763892742111542178e-02
3.947690797708095639e-02 1.071804596338941096e+00 1.475289118703794031e+02 7.670719800803936506e-02
3.742572782764341105e-02 1.010169092840861982e+00 1.346946937943274065e+02 7.578598453849022532e-02
3.535223847730887409e-02 1.091595896391214904e+00 1.328812709681853903e+02 8.204531344357154921e-02
3.756335860381811859e-02 9.606851389824587750e-01 1.323647961131933357e+02 7.657663146355767059e-02
4.214735464349338850e-02 1.013981301476766683e+00 1.367839041863167040e+02 8.096493071895845273e-02
3.686361682480503860e-02 1.009643167404425279e+00 1.473614048672235697e+02 8.057673021984364248e-02
3.696968618314323135e-02 1.033457511295252651e+00 1.401408447752040161e+02 7.444053520342037988e-02
3.988561470551548610e-02 1.038058823703778666e+00 1.371459756387286859e+02 7.631680857400859053e-02
3.757490905002711101e-02 9.915816762087463765e-01 1.285867947733271990e+02 7.683839004063086620e-02
3.659176874058095441e-02 1.046619140751124055e+00 1.307240921101496269e+02 8.599438524922634053e-02
3.806367704805561913e-02 9.970598821600813455e-01 1.241945425200273405e+02 8.244200303043296152e-02
3.779012314602622075e-02 1.006454452875910732e+00 5.783886231099091191e+01 1.185021251791479324e-01
2.938060748660114435e-02 1.049801673080541731e+00 5.356825734697357433e+01 1.203026711900029022e-01
3.249489787260963908e-02 1.031061802510597758e+00 4.306969851232462076e+01 1.316385469047688106e-01
3.527573428619069917e-02 1.066048597147690957e+00 4.019186445563132537e+01 1.278518882676570323e-01
2.925133410508804280e-02 1.086578246156051808e+00 2.538630106013922472e+01 1.600438222333500360e-01
3.147663111358742216e-02 9.941973257932706920e-01 2.574257856935541966e+01 1.647155506700881955e-01
3.402945304511948571e-02 1.080619248949274525e+00 2.462126045823661613e+01 1.553422410741969184e-01
3.374975556393036702e-02 1.048011775056055361e+00 8.240127609507517548e+00 1.763063528531964019e-01
3.172876145982311824e-02 1.109589194230582665e+00 7.315189159083012704e+00 1.699789608159472665e-01
3.519891293673847038e-02 1.110857770223578900e+00 7.234833180093303007e+00 1.865275786417582293e-01
3.381261095238096565e-02 9.662246563573488878e-01 4.016534828522821954e+00 2.045720949716666182e-01
3.097050513560304502e-02 1.105069420538396630e+00 3.808379336094825707e+00 1.927555976376154057e-01
3.227703268450026614e-02 9.777883910552889191e-01 2.154099614739584556e+00 1.723470615506334791e-01
3.219792950485322880e-02 1.017182404833959275e+00 1.579089456130510882e+00 2.295001072791290897e-01
3.175793814192338915e-02 1.041818922236469547e+00 1.557059493614851631e+00 2.111721895028484397e-01
2.976327841812152417e-02 1.100729840686221594e+00 1.383572157890806231e+00 1.904868841495123699e-01
3.054586120404420221e-02 9.208505806067766031e-01 1.364961261242482404e+00 1.981002781027383919e-01
2.999842275837260111e-02 1.009411212497668631e+00 1.383169277792234642e+00 1.913139936020132881e-01
3.069270493040356443e-02 1.024215485671819525e+00 1.349825423100694755e+00 1.817609630906948104e-01
3.016086984752690964e-02 1.055652680030211066e+00 1.325431067930382012e+00 1.835560701944081996e-01
3.063230911325422537e-02 1.002711249690760198e+00 1.359922055592903245e+00 1.952987648732763815e-01
3.197078994351535558e-02 9.299482483512629960e-01 1.308688792742235263e+00 1.797149465426181036e-01
3.155545880743965137e-02 1.058557009485024514e+00 1.555945284490022784e+00 1.822098104175590982e-01
2.956738318119018008e-02 1.029794952653274587e+00 1.307452493678996408e+00 2.045970967611888125e-01
3.154201167067160333e-02 9.962898436506618660e-01 1.357740974249333821e+00 2.013782646853047587e-01
3.151669386872067019e-02 9.990886288094132928e-01 1.387410611560242035e+00 1.907027365488603299e-01
3.235494361012504483e-02 9.655744481851156191e-01 1.524657367999071367e+00 1.818332086761705602e-01
3.160878266579429663e-02 9.180107276286364471e-01 1.264478515583729257e+00 1.894889718006649848e-01
2.772817860490116304e-02 9.737899493434062359e-01 1.401812049247273206e+00 1.799098812264047220e-01
2.950100662778179852e-02 1.078456078639648430e+00 1.521743214821830614e+00 1.987174229093644218e-01
2.873928092139269724e-02 9.548041756843992367e-01 1.392552147582525102e+00 2.042705529915065932e-01
3.289502594872801416e-02 1.009795216594239875e+00 1.324429815928248599e+00 2.091203526079341291e-01
3.243979013969983116e-02 1.055512569465099526e+00 1.239780668757476612e+00 2.024359882676691202e-01
3.222290259939815382e-02 9.837207533182735775e-01 1.094027284673488642e+00 2.280590626509619856e-01
3.083051523985311237e-02 1.003644498712345401e+00 1.081081334609702571e+00 1.890156402941633174e-01
3.212731277390264845e-02 1.010861596430693066e+00 1.034658503411665764e+00 1.810619180249923299e-01
3.053657829399757453e-02 1.054579796098427558e+00 1.082338555920933754e+00 2.041794365745716877e-01
3.508987822304625998e-02 1.068370279798568578e+00 1.050168746669792208e+00 1.927046074773771100e-01
3.287455261135164425e-02 9.525290868294460367e-01 1.080907867997636940e+00 1.818097126545976105e-01
2.992410488075312666e-02 9.251121154029136040e-01 9.492915069491082436e-01 1.705613900572902353e-01
3.203320391318664750e-02 9.076462132756321077e-01 1.021605905552052107e+00 2.028284760887497096e-01
2.867480526664894017e-02 9.864796579793899678e-01 1.061388336835678015e+00 1.937746290497505131e-01
3.150615176674655127e-02 9.302328455796406992e-01 9.559528497453877449e-01 1.945387727541622314e-01
3.391571745244151975e-02 9.701659295944885519e-01 9.973060920500668169e-01 1.786675417756251882e-01
3.051730382154348858e-02 9.546486958077879947e-01 1.002835973330435948e+00 2.098216779744459248e-01
3.018760030945931774e-02 1.016513868060656689e+00 9.011443761944684105e-01 1.900519102340968991e-01
2.958254229366332963e-02 9.230025807565465090e-01 1.003063804506156842e+00 2.020669892512208521e-01
3.013469526424666228e-02 9.505283558090693585e-01 9.955198842167931605e-01 2.011442324389279279e-01
2.874780475629629822e-02 1.030425675315704837e+00 9.151479861903010216e-01 1.838038339435472401e-01
3.122692608861000335e-02 9.310230510818161553e-01 8.505090863105687626e-01 2.072220745076595594e-01
3.213946263349583971e-02 9.555984959527212830e-01 6.333670782339047012e-01 1.951405201315769833e-01
2.915883625288453670e-02 1.080195244519390529e+00 5.955378699805997655e-01 2.013035658876316525e-01
2.780177942420864606e-02 1.091457547155517238e+00 6.144054086310567486e-01 2.000876219792970256e-01
3.106401171908591136e-02 1.067191807228595080e+00 6.317164162569770536e-01 1.949521662753785634e-01
2.961472173568458280e-02 1.098457996912420853e+00 6.461217513825094905e-01 1.904338248580206006e-01
3.309551223745466064e-02 9.817806438059242247e-01 6.185305858487190056e-01 1.921775341330769216e-01
2.862435851515674964e-02 9.721798379179052985e-01 6.143091816490006130e-01 1.915378370512419437e-01
2.985808163105668767e-02 1.089616828766828638e+00 6.295686668548197140e-01 1.899518277162486890e-01
3.291814289196927368e-02 9.281310024600681885e-01 6.775708567018886574e-01 1.955859301734158284e-01
2.928312514678233294e-02 1.003169653716563303e+00 6.169759296042750529e-01 1.737094528245634595e-01
2.873948574471680076e-02 1.141676770674831642e+00 6.352412118099551863e-01 1.893045000953463841e-01
2.747503851787366780e-02 1.066253234193467847e+00 6.205955803532090531e-01 1.790720675709932541e-01
2.812112422346003948e-02 1.025432304442096765e+00 6.422095778690213308e-01 1.956269747807376502e-01
3.182552178422964895e-02 9.322829455278565103e-01 6.574486192922910366e-01 1.832043444708210123e-01
3.182612040688761329e-02 1.039148312067266433e+00 6.193899620262411920e-01 2.056233611148081397e-01
3.275698870661560014e-02 1.009633680532546096e+00 5.906862860948144389e-01 1.945573100687484069e-01
2.874094941199951264e-02 1.026702219732945176e+00 6.737791217809473432e-01 2.089181334616880548e-01
2.813580853026357437e-02 1.055410575172899712e+00 5.913919103441240832e-01 1.955957753736233817e-01
3.093352130958240687e-02 9.779471998891986484e-01 6.066539847301459787e-01 1.945854589877912544e-01
2.809813308507356014e-02 1.030715981695917050e+00 5.777219073209427513e-01 1.922339935999573812e-01
2.687590658764417786e-02 9.880331054876161367e-01 6.377406365164816071e-01 1.796874499003923431e-01
3.157711059799356290e-02 1.027755124171352064e+00 6.568796098733447053e-01 1.867626387177735992e-01
3.106917996398847123e-02 9.848658746437755074e-01 5.814542415317700552e-01 1.857434956857704211e-01
3.181173639372548989e-02 1.023325696365502413e+00 6.220024832620839605e-01 1.861625082017511479e-01
2.877075136580370049e-02 1.079535552576484037e+00 6.044898153915330141e-01 1.906015841275119915e-01
3.101933920839731670e-02 1.008818203176959916e+00 6.683360675894705061e-01 1.802312202691468968e-01
3.155498477017237152e-02 1.120717231649026369e+00 6.081806570139226542e-01 1.987990869535405936e-01
3.024266497487999167e-02 1.003708594206474736e+00 6.222538343903694091e-01 1.923993465590630725e-01
3.172184452774710200e-02 1.066558034242940822e+00 6.486082753571517090e-01 1.814831671644770716e-01
2.898096920554105518e-02 1.056612917111971806e+00 6.092362424290097556e-01 1.927846798153615704e-01
3.196764666544506250e-02 1.013509710355377846e+00 5.817034971278793876e-01 1.962661360352723761e-01
2.879918038774556890e-02 1.088373114049749013e+00 6.187950625580415087e-01 1.943930360943329494e-01
2.979090062492910362e-02 1.091799137250282881e+00 5.575421161248023116e-01 1.911870431946324222e-01
3.249470946416953276e-02 9.896822518526329215e-01 5.623698784369141057e-01 2.120410620639844312e-01
3.025759777759564478e-02 9.044509731479615233e-01 6.165874535714715998e-01 1.895105067867209336e-01
3.025122425258094591e-02 1.075566899200545157e+00 6.104791924795655023e-01 1.866633531830892700e-01
3.126550779388001522e-02 9.916958694079223147e-01 6.126666812952072938e-01 1.816635437721856872e-01
3.308232606700901857e-02 1.021263357148147977e+00 5.556126008250538151e-01 1.789100238485839267e-01
2.933810372813228443e-02 1.094860841461125833e+00 5.650066033035421320e-01 1.841851656442693996e-01
3.132733318605158274e-02 1.036330751925474525e+00 5.610421491139724326e-01 1.844812835963837161e-01
2.922968230171223147e-02 9.637882793152551253e-01 5.721965700655050613e-01 1.792235192910764940e-01
2.784513733607742528e-02 1.033077650422124183e+00 7.023717049778881449e-01 1.877594098863810401e-01
3.010187652942025033e-02 8.851952914342752221e-01 6.065120553156203576e-01 1.863731433845673413e-01
2.987454217717698188e-02 1.036830616784840009e+00 6.018897543156088714e-01 1.745449339686299395e-01
3.146198257470716325e-02 1.005779386914249063e+00 5.987041461611678494e-01 1.791590143264591983e-01
2.901753414734564371e-02 1.052262342250267713e+00 6.222196176529464218e-01 1.774820250622522466e-01
3.227080891159100212e-02 9.977638287459974498e-01 6.448819735789338425e-01 2.143766440944516183e-01
2.956808195569685105e-02 9.797120764067274168e-01 6.365723257432288618e-01 1.770016106128057820e-01
2.984818368835968558e-02 9.322260785400410255e-01 5.952205984023068996e-01 2.062217583392373932e-01
3.162089824857173409e-02 9.627789780551273546e-01 6.010823798479141278e-01 1.727479113430669122e-01
3.027411772169380857e-02 1.029305694156308348e+00 6.060372654722905317e-01 1.875597062130169579e-01
3.082307778508787052e-02 9.720212568447983426e-01 6.125176205473482627e-01 1.893012345208510971e-01
2.703205917768936040e-02 1.004217295044593561e+00 6.289029268894749114e-01 1.817150024428213773e-01
2.789031049987896957e-02 9.794560133434794258e-01 6.305404516237783641e-01 1.670370910879446780e-01
2.856985747364930439e-02 1.057347779183175351e+00 5.512947221862396496e-01 1.892641067431592716e-01
2.995456206462497953e-02 9.277522575832305440e-01 6.136373779063313272e-01 2.208342228294487009e-01
2.953146488582340107e-02 9.399957824205601442e-01 6.004605489030071519e-01 1.789676396441641226e-01
3.122782764783353995e-02 9.827561064609782182e-01 6.055881188902357826e-01 2.032925630525904692e-01
3.122146496511076993e-02 1.005638317092400147e+00 5.920978504281292354e-01 2.027283339211996827e-01
2.816423664125317083e-02 9.396771003137249778e-01 5.265520808876303915e-01 1.804737376631517232e-01
2.771125501766748267e-02 9.508215839616550591e-01 5.554007970087504464e-01 1.925900037603068271e-01
2.748677138849925372e-02 1.083358329991858993e+00 6.154545949920178227e-01 1.974658462637298717e-01
2.824268586065220230e-02 1.087028714546513397e+00 6.346442122240272266e-01 1.899355906122703885e-01
2.907441623534177608e-02 9.801634475546913139e-01 5.935155015204035545e-01 1.788663279619686075e-01
2.913654708017428610e-02 9.983750894475464932e-01 6.078894298142684116e-01 1.922414256857161718e-01
2.955963866520243746e-02 9.501001368014294624e-01 5.235545046544117787e-01 1.992585150935700378e-01
3.095871290773405740e-02 1.055543419365265301e+00 5.641457770219142631e-01 1.900273192398298228e-01
3.125154260482800733e-02 1.006140785219219902e+00 5.795983037539088611e-01 1.721160724151114263e-01
3.278810330465010969e-02 9.391324819376714039e-01 5.080963254027752729e-01 1.853483753560127012e-01
2.927039227855410264e-02 9.758547063050329040e-01 5.298001093265710670e-01 1.858501131071043644e-01
2.869290383462564167e-02 9.944928248840665397e-01 5.916728677153818561e-01 1.892962827709451235e-01
3.027157066155327855e-02 1.036603379592151875e+00 5.929357514864235235e-01 1.813495129423853269e-01
3.020752839498384509e-02 1.037212706908449356e+00 5.617295612530648352e-01 2.006994669529809650e-01
3.125143568352021367e-02 9.154354633449074408e-01 6.329909934712801833e-01 1.873854197476091665e-01
3.092086862769926475e-02 1.046860940484529046e+00 6.093614349136842190e-01 2.048972380219306333e-01
2.891668899327146797e-02 1.073563949818130192e+00 5.564221312487143134e-01 1.996718240274622247e-01
2.873069402067384218e-02 9.883664750672934707e-01 6.413610550938680932e-01 1.892081287828508707e-01
3.364044211062403034e-02 1.016391540696989670e+00 5.894598009856925058e-01 1.781871282309065441e-01
2.803253404560381370e-02 9.998102124539206548e-01 5.708982047606594445e-01 1.973698334833817181e-01
2.961689231320737206e-02 9.580366182067575620e-01 5.085901535124103257e-01 1.881639136133560208e-01
3.037625900170155130e-02 1.051128345970592237e+00 5.700626959946023531e-01 2.190456079520583521e-01
3.250004483095611518e-02 1.007893998953069969e+00 5.669133308340532640e-01 1.938207737769616634e-01
3.202366014457957988e-02 1.093679616113012232e+00 6.008091941201129105e-01 1.983439908478244473e-01
2.799966336718416604e-02 9.579382405278242807e-01 6.007483121576326912e-01 1.758088203403836702e-01
3.178001037483323132e-02 1.017676354978304554e+00 6.052745583441145882e-01 1.652566901229829133e-01
2.948230331250315667e-02 1.043197545582648322e+00 5.498234540469592035e-01 1.900523236086910650e-01
3.114666001350946054e-02 1.063641096276757292e+00 5.643626719356088506e-01 1.884430560627430862e-01
2.702637219239576935e-02 1.058981462618196367e+00 5.948866440725864013e-01 1.858811786900209650e-01
2.965636891130403810e-02 1.046131264767286906e+00 6.337081636202629431e-01 1.876632475080057816e-01
2.960976440240945667e-02 1.009894817300687864e+00 6.387565199530796933e-01 1.965538078916226339e-01
2.748387546416262636e-02 9.186698294855967228e-01 6.244037304244191011e-01 1.834495334480163165e-01
2.957787038438218497e-02 8.737369620404042969e-01 6.392536945751611244e-01 2.007862889601600420e-01
2.908534087889514883e-02 9.705834658265399817e-01 5.456369350923565564e-01 1.881203635498863158e-01
3.315792035264766846e-02 9.677818443978011276e-01 6.186063061896029946e-01 1.906391579635087763e-01
2.775024863672740164e-02 9.541056455144013571e-01 6.116059999370130340e-01 1.917421259412061818e-01
3.158833525888422172e-02 9.403837786192386083e-01 5.774613414733023031e-01 1.924869101282408734e-01
3.027627464906866225e-02 1.072691141439941154e+00 5.961354111480106077e-01 1.921804528447439708e-01
3.026068441568854558e-02 9.575544996032913092e-01 5.920453627784677542e-01 1.808842960567992042e-01
3.255163598305905320e-02 9.725785042855059626e-01 6.331673824085116697e-01 1.883050120076642797e-01
3.158810196546266852e-02 9.594828186026082006e-01 5.998168384250979202e-01 1.930673708765132668e-01
2.961808865710497535e-02 1.086583439508815196e+00 5.677289376170194801e-01 1.909486495442297982e-01
2.833257711792703387e-02 9.843789044439030800e-01 5.783731209599911605e-01 1.912185090052007097e-01
2.780051723481217693e-02 9.715494991539578296e-01 5.563603409441454373e-01 1.906341180429654281e-01
3.207654325489133623e-02 9.186415222023799343e-01 5.869178913695711763e-01 1.879947457220959295e-01
3.101846160089475821e-02 9.891063708017339140e-01 5.926396122391551780e-01 2.055210865241337281e-01
2.838829157648070645e-02 9.690985651861934169e-01 5.633556517520118545e-01 1.798912511973339290e-01
2.923628167686572257e-02 9.937171841397171024e-01 6.046332303909599526e-01 1.887998932421917908e-01
2.701415239818052635e-02 9.828122791395776936e-01 6.052420537166525172e-01 1.858669453788376613e-01
2.972903530039485570e-02 9.624688109595751495e-01 6.408477617571896046e-01 1.962038370473246363e-01
3.095570442019100060e-02 9.915405303427959893e-01 5.983661517576892575e-01 1.947096330544215992e-01
2.871744041626980368e-02 9.855030362105534625e-01 5.729558852419968096e-01 1.926966937835701554e-01
3.027165628792439361e-02 9.996014751189601366e-01 6.335428554754469754e-01 1.889126510498745082e-01
3.091187767444326592e-02 9.613519939124388625e-01 5.729810210482160215e-01 1.899454441530729620e-01
3.040666936602789971e-02 1.050909293220469554e+00 5.857442609086217500e-01 1.866613885548781826e-01
3.172917858702625077e-02 1.058937515722201850e+00 6.570243555907530064e-01 1.896239033841463917e-01
3.023902622035367846e-02 9.640739345963250662e-01 5.943128910573024504e-01 1.821777624142359442e-01
3.038538974782906479e-02 9.828007878382087892e-01 6.393130168422257453e-01 1.877973209448088321e-01
3.126007314553620048e-02 9.997078431709214286e-01 6.520074448044227422e-01 1.770465657542303894e-01
2.880361350892487668e-02 1.070522365243677498e+00 5.785595201107670560e-01 2.017169710723735465e-01
2.986440921812030455e-02 9.340851205922341416e-01 6.176967683577615498e-01 1.960068957153493219e-01
3.199628099711811918e-02 1.055248630427095824e+00 5.872805865763781608e-01 2.007269045193651735e-01
2.870718289790755856e-02 1.074559632208397897e+00 5.812789562843714286e-01 1.841212082570479747e-01
2.766349387324383222e-02 1.055918949219794900e+00 6.142488320655381528e-01 2.014980710771140104e-01
3.148574594687603145e-02 1.055393245161070137e+00 6.223378929003455795e-01 1.863487181276156646e-01
2.835055286157767140e-02 1.089312458735141487e+00 5.679878409265119998e-01 1.816095791119099190e-01
2.892124501762457361e-02 9.503110964036466379e-01 5.850378379332188405e-01 1.874651643410612245e-01
3.137165342730317830e-02 9.106734096421132962e-01 6.103985907823714641e-01 1.867305554696012115e-01
3.214621378297326942e-02 9.396206540518905470e-01 5.864893203957870504e-01 1.995429123537700300e-01
3.150693087868844389e-02 9.952253907942921751e-01 5.851348147874787520e-01 1.953596841359158676e-01
3.131493130875882824e-02 1.040366883464789227e+00 5.717156609010631829e-01 1.928982831006292586e-01
2.859290731908465874e-02 9.414790960706637124e-01 5.679019352001829501e-01 2.074037281158822021e-01
3.101969467659170324e-02 1.086697250462623776e+00 5.499971991819949668e-01 1.999900484063178441e-01
3.194407484742882442e-02 1.068550976882327808e+00 5.470805174992283693e-01 1.813693599283356661e-01
3.102730246364301947e-02 1.030729948159980314e+00 5.674919261475197541e-01 1.895354096919379949e-01
2.789814016504104169e-02 1.068975395564407238e+00 5.468891099998895999e-01 2.006199902548514991e-01
2.838493637786666107e-02 1.018298912113402510e+00 5.798358645658638899e-01 1.997937138373773736e-01
2.955634610615744812e-02 9.774677360080784583e-01 5.918171515204899702e-01 1.956543347103556207e-01
3.040410628560558104e-02 9.926565702690093307e-01 6.007469518961080501e-01 1.873705300135849183e-01
2.992002532865705236e-02 9.984921432930035090e-01 5.862670833792126279e-01 1.816825067226637280e-01
3.038795536772099723e-02 1.090115523431492761e+00 6.073781615210964713e-01 1.802607635290647270e-01
3.095249985145095972e-02 9.912233259688348896e-01 5.710204820831812356e-01 1.711182200602391068e-01
2.768758100494578961e-02 1.062335624905343723e+00 5.339629234190899076e-01 2.015643067205932226e-01
3.081894686839622630e-02 9.143476685741956933e-01 6.397279146474522671e-01 1.785846364451851020e-01
3.150015393684514609e-02 9.856401982285739605e-01 6.235428604309288803e-01 1.932706065045987076e-01
3.073572492163441708e-02 9.413214173129684781e-01 5.506201418480122234e-01 1.978198753133360854e-01
3.051598678114311389e-02 9.971399355584246171e-01 5.840964298574071734e-01 1.728027913229449319e-01
3.016894918539203552e-02 9.822264814545974554e-01 5.892695842675411688e-01 2.067292142570780755e-01
2.979172993840088768e-02 9.684693836785268628e-01 5.871922509987135275e-01 1.752908186923894385e-01
3.125512962032486741e-02 9.911866717719318709e-01 6.338467158679383928e-01 1.989561306432440779e-01
3.496359059250258444e-02 9.857058145926663739e-01 5.932373383862875604e-01 1.847979895806635686e-01
2.916819022392352911e-02 1.081186664190919133e+00 5.674986434759921039e-01 1.692980816531232391e-01
2.766485028801100171e-02 1.006874549770088390e+00 5.870336691132518325e-01 1.867759959410257020e-01
3.109633162148683905e-02 1.043385576904910739e+00 5.748340935089661929e-01 1.923930555547214982e-01
2.922706386564499770e-02 9.415921547949621662e-01 6.535799552290365577e-01 1.787822175066360042e-01
2.926751862745133673e-02 1.021792430071370772e+00 5.804523234038453383e-01 1.902594177309306911e-01
2.997025616211655349e-02 1.078654547486512350e+00 6.257674850855839965e-01 1.863523640534348325e-01
2.706017707679395437e-02 9.146490338090521588e-01 6.110123803520928210e-01 2.032465715738323853e-01
3.067913189314151398e-02 9.913095365677634385e-01 5.496239625098238157e-01 1.899548412012660725e-01
3.178637699646708059e-02 9.173686685513521288e-01 5.855867138012293971e-01 1.756947844227082223e-01
2.975447300734817765e-02 1.022587264100639715e+00 5.853843280870381083e-01 1.749671188932207799e-01
2.953287853603824703e-02 9.307908398692896768e-01 6.555045775601385794e-01 2.126318724393509996e-01
2.844999435328200710e-02 1.023765544896910518e+00 5.993138715095764901e-01 1.920326035016980681e-01
3.050922660929650948e-02 9.637579873694878119e-01 5.631726797945589835e-01 1.999380549307306909e-01
2.987601301014285171e-02 9.543818643805281887e-01 6.188439755684849164e-01 1.877361656114860389e-01
3.061705905006246314e-02 1.036459278330314815e+00 6.194315431725739840e-01 1.852335543815981644e-01
3.177420416011281223e-02 9.654289725454436866e-01 5.429983803324904823e-01 1.894645854226013060e-01
3.025381305687606728e-02 9.901380523950248369e-01 5.774038680655667610e-01 1.800012259335666276e-01
3.160730185627335515e-02 9.659987732694168550e-01 6.044816765346238130e-01 1.759887316279264424e-01
2.813346211977750186e-02 1.013267738482104496e+00 5.954882137584021073e-01 1.793047739189094769e-01
2.935813965764496117e-02 1.057217064829343967e+00 5.993004826119813222e-01 1.694049187316733762e-01
3.032405466038362585e-02 8.696165092013328213e-01 5.784325992959344909e-01 1.995999772346236378e-01
3.089626211577263179e-02 1.139158881180645011e+00 5.600871809387192313e-01 1.846134494572486962e-01
2.837516140490186148e-02 9.756600439590848994e-01 5.660398553654780729e-01 1.827534445117063311e-01
2.899903225670249704e-02 9.865045542165004067e-01 5.729775818332222270e-01 1.878025795809810938e-01
3.035591862455035497e-02 1.004905962927645779e+00 5.935243314382396829e-01 2.058248927268553075e-01
2.933951891205393084e-02 9.097078195699270786e-01 5.992007463849897686e-01 1.891889494528980753e-01
3.230056674386906634e-02 9.636391636526380200e-01 5.640080648940470898e-01 1.934822877187437062e-01
2.918721417134206852e-02 9.419123439027227151e-01 5.574733877324817843e-01 1.839633426329842503e-01
3.025285496483677561e-02 1.011024998171710543e+00 6.225153579750570820e-01 1.723604981668634684e-01
3.198857311213599425e-02 1.059147754638501082e+00 6.383102841593827348e-01 2.086036255742416967e-01
3.358443445333977873e-02 1.044924723415898704e+00 6.048623495298816044e-01 1.865735583011397247e-01
2.988933577590993651e-02 9.961962126272851936e-01 5.716501555308390881e-01 1.657100783719067105e-01
3.184436842220814134e-02 1.012127030615628920e+00 6.054223879540453490e-01 1.856114100513670817e-01
3.257017427908969615e-02 1.083873545018926965e+00 5.109401005384547334e-01 1.882707315284017358e-01
3.085016207472596542e-02 1.102276164756057941e+00 5.833445921292154113e-01 1.862737175848033777e-01
3.043509649344919993e-02 9.763826665883746925e-01 5.949636864189861152e-01 1.919007974069683597e-01
2.962022577181352284e-02 9.007861404901176261e-01 5.619414013932564345e-01 1.791392779530096291e-01
3.010569111064424763e-02 1.078876193010453122e+00 5.281524701170503544e-01 1.881756811450079336e-01
2.925152802270443789e-02 9.747405622434504036e-01 6.010932141963263309e-01 1.710439810485652190e-01
3.171355803843237814e-02 1.025622557881515684e+00 5.447330374766625738e-01 1.755739226038755818e-01
2.975104876554464720e-02 9.815644549947080133e-01 6.265208585411282671e-01 1.816802445843815061e-01
3.181636458739505596e-02 1.008478418474252569e+00 5.831191423896655568e-01 1.867162438240453082e-01
3.042132025944400617e-02 1.068534067236837304e+00 5.820864498962600164e-01 1.970485161041632127e-01
3.095674548333433862e-02 1.032131367088094942e+00 6.357717433067396895e-01 1.729661355750268803e-01
3.108226335840804863e-02 1.040503347026757952e+00 6.487245756869411961e-01 1.779897594639831271e-01
3.009143602109401461e-02 9.573660547547448996e-01 5.979160114624421096e-01 1.782683782235502667e-01
2.874979027851217242e-02 1.174455289386296286e+00 5.894438657130676162e-01 1.992569805638686464e-01
2.975143555990469174e-02 9.806586795176785998e-01 5.499571990502734042e-01 1.817254396487496815e-01
2.951582415579853333e-02 1.043770483676017768e+00 6.233395078718005911e-01 1.859259277277732769e-01
2.862117826630536724e-02 1.165000879907241327e+00 6.086621850070158546e-01 1.737053536273227838e-01
3.111023310689488980e-02 1.000094097855990904e+00 5.707899653207108015e-01 1.622359310325224291e-01
3.440666178780980161e-02 9.486544472995623867e-01 5.579001764428026533e-01 1.725781110873919333e-01
2.921947795792902494e-02 9.907264370632081762e-01 5.982334879090026591e-01 1.953113693932093942e-01
2.865376931883131459e-02 9.819080670806941136e-01 5.712927468446908907e-01 1.909467231437608215e-01
2.997585063710140815e-02 9.868065607925473604e-01 6.109594665544205716e-01 1.857803532121312384e-01
3.193983707342535477e-02 1.016557477408988941e+00 5.272342097167340702e-01 1.691877372806390167e-01
3.000138837210943737e-02 9.707414368925137982e-01 6.082584465853526634e-01 1.882096060981368058e-01
2.894018549981165755e-02 1.029835454884838297e+00 5.481301998340322168e-01 1.725137408612411605e-01
3.232250685240103949e-02 9.222641097776077546e-01 5.787723415476281330e-01 1.709845230798295590e-01
2.962274900013936452e-02 1.025597373640879439e+00 5.700687785132748653e-01 1.826171687340622796e-01
2.895724353486308147e-02 9.663941429446193387e-01 6.415002850251781963e-01 1.972110784620429158e-01
3.021748576349451987e-02 1.007329410775390732e+00 5.545525203679951831e-01 1.678727627084967144e-01
3.183247684896003266e-02 1.017061164421677821e+00 5.725428949316211380e-01 2.034061472499402723e-01
3.039574908131151276e-02 1.048505215735105356e+00 6.539553469909868966e-01 1.913824276843991701e-01
2.742476122477332037e-02 1.005500847179793267e+00 5.847288161275531193e-01 1.897385900047717233e-01
3.066547469795698547e-02 1.083345450285424727e+00 5.842084896839470076e-01 1.804432241106768697e-01
3.298075351857202714e-02 1.044838424927328591e+00 5.970811243721823036e-01 1.849551523965839994e-01
3.127134230004590537e-02 9.946485291018068997e-01 6.304612275167295055e-01 1.822247755764513089e-01
3.389740095492014410e-02 1.056427085712366543e+00 5.694436984366234578e-01 1.787354956359591407e-01
2.969896087393420966e-02 1.029681607366773610e+00 5.964779324027852381e-01 1.681163667019857921e-01
2.881163420882057111e-02 1.004444614078009446e+00 6.112104359487133820e-01 1.697725682666366420e-01
2.949371760875768231e-02 1.064057799880423927e+00 5.669270642208730226e-01 1.752439404800140987e-01
3.038251725420489102e-02 9.807043878656880320e-01 5.955056614738669651e-01 1.963339153105274903e-01
2.883570146444667734e-02 1.094412149008828994e+00 5.703984900880273434e-01 1.816288572441218385e-01
3.228173545896240171e-02 1.024322026682678244e+00 6.316078598545189493e-01 1.707874029079579359e-01
3.005122225035388936e-02 9.757320619976693754e-01 5.505492852227974465e-01 1.635930364140023574e-01
2.971732290174372917e-02 1.101777689372774649e+00 5.998479834353120932e-01 1.783166309520279880e-01
3.127716066588617783e-02 9.807363900629633147e-01 5.618562209002192498e-01 1.964361499727076410e-01
3.126034171396981781e-02 1.027246641553847262e+00 5.396095033342181990e-01 1.682304405452606511e-01
3.233178116495677434e-02 1.012113965954912764e+00 5.724418433437353793e-01 1.906617405964805279e-01
2.994713564076385837e-02 9.364331032419785927e-01 6.118001221388110755e-01 1.847796262704292647e-01
3.009181789180249283e-02 9.920341086430833899e-01 6.783187898755261847e-01 1.682879807954298923e-01
3.216956718220146533e-02 1.016589030462645704e+00 6.129944852503296238e-01 1.714145760916251648e-01
3.019934591902146900e-02 9.899310221520898345e-01 5.859679256520292645e-01 1.740466801104444960e-01
2.907631434783220989e-02 1.053912125035896263e+00 6.233396434407835196e-01 1.839302962475085901e-01
2.914098901247152290e-02 9.751674667920620099e-01 5.792299247295449316e-01 1.895378190606950841e-01
2.853398172245997372e-02 9.532017923086169020e-01 5.824236737364888450e-01 1.888840868738325129e-01
2.745393918162401109e-02 9.876820711431997246e-01 6.399558732571337671e-01 1.789669788633671543e-01
3.202378460630700419e-02 1.018619881628821888e+00 5.738873943163453895e-01 1.820894650270753756e-01
3.083592709859236253e-02 9.747235456821259358e-01 6.049876803101885692e-01 1.733923164938427075e-01
2.824622875986010015e-02 1.073203504061767566e+00 6.371487621917913957e-01 1.842402309305641028e-01
3.140295030245938285e-02 1.034454561810441264e+00 6.218165603032131949e-01 1.602484296093036331e-01
2.867129815272433796e-02 1.068420680643293652e+00 5.827501933988107341e-01 1.880437662693369150e-01
2.884391036371705339e-02 9.573680270272300064e-01 5.978494627609738377e-01 1.729301182052135621e-01
3.070729001082438472e-02 1.035185232405525069e+00 6.061251734139775360e-01 1.784932882197716175e-01
3.095046998540216393e-02 9.395019315859967080e-01 6.021229935824494728e-01 1.940969376042033789e-01
2.932896130694425535e-02 1.006950572292944823e+00 5.977285874279101296e-01 1.762011892236778343e-01
2.879579899525981299e-02 9.977722524359392553e-01 5.933774596514168609e-01 1.855547074107662953e-01
3.405260995584768330e-02 1.107152127812254694e+00 5.961727463477345390e-01 1.892233154436899489e-01
2.989224391385546589e-02 9.663874408157885343e-01 5.853419856694223045e-01 1.661064899737472733e-01
2.980018505178090929e-02 1.058912833420453614e+00 5.488223670527530018e-01 1.810786263899966109e-01
2.973089121609882521e-02 9.592285678630307899e-01 6.339931351175625007e-01 1.906660280854493572e-01
2.805906795667895484e-02 9.858182287214505291e-01 5.665440247526207784e-01 1.800035651497182421e-01
2.990611727358827646e-02 9.989397120255657514e-01 5.724013209895770782e-01 1.805004511478978946e-01
3.022555255791065792e-02 8.974826360709872164e-01 5.788265038963646969e-01 1.795066347246975502e-01
3.276264116145997246e-02 9.616555702685206652e-01 5.480594004432849387e-01 1.815933439565594609e-01
3.149265542332620182e-02 1.070410441312808381e+00 5.551463574133197465e-01 1.728097500180046098e-01
2.894857326870980269e-02 9.169494878869626220e-01 6.180940217651800239e-01 1.803719588254773798e-01
3.116081623379817617e-02 1.015121303947664311e+00 5.739680378389896420e-01 2.008334476026240878e-01
2.954341509869079854e-02 1.012369925326235709e+00 6.059140296880469734e-01 1.883870408423177767e-01
2.838982196671779520e-02 1.101388585156538369e+00 5.627761200625993609e-01 1.899505516186819065e-01
3.081770297194696626e-02 9.509949113050487624e-01 6.705126709200253110e-01 1.637237412756457344e-01
3.159308384142339721e-02 1.081447108556334413e+00 6.438583972219246165e-01 1.679328780838149071e-01
3.110729419721830827e-02 1.015072443656408474e+00 6.087251937811694047e-01 1.694304190013754818e-01
2.843019976925020495e-02 1.095941880886179165e+00 5.594622343681405763e-01 1.894018297817382235e-01
2.918345909340996913e-02 9.601714043241341701e-01 5.864694075412381080e-01 1.851623776648682329e-01
2.967405018154591068e-02 9.263315167148173934e-01 6.164728974933809669e-01 1.862928040946747188e-01
3.207472519940089001e-02 8.873370706880379100e-01 5.543491296614158070e-01 1.777639759876692149e-01
3.056282077911536346e-02 1.094734314176600165e+00 5.733312894826358974e-01 1.843193339214439785e-01
3.110497626742998387e-02 9.790841287490159583e-01 5.563735972968777421e-01 1.666002543754057097e-01
2.800090854831022852e-02 9.638606104453104617e-01 6.343358766801813209e-01 1.893392073771990869e-01
3.063534900855620358e-02 1.049783477657263209e+00 5.262833264738628891e-01 1.843602362531025218e-01
3.047048548699391943e-02 9.463190926148911108e-01 5.896410474479197861e-01 1.621096134718405801e-01
3.178610330771398929e-02 1.041697308886806894e+00 6.016261223368232214e-01 1.767893580928079078e-01
3.178172089129024935e-02 9.741357177181384497e-01 5.384882244977654553e-01 1.869581688125628027e-01
2.843402092436180320e-02 9.766378378965627771e-01 6.187010615958704607e-01 1.772072408390159837e-01
2.883155572609132425e-02 9.766654648820761730e-01 5.378222733857372928e-01 1.858135879707530635e-01
2.921558434419726027e-02 9.299682877449443330e-01 5.956938033294510992e-01 1.693185926041938516e-01
3.212109906132246118e-02 9.907637274995374499e-01 6.048754438336414463e-01 1.825471510087518512e-01
3.007603363570699254e-02 9.947782869375247916e-01 6.062180264560781406e-01 1.866744576427925018e-01
2.964058891110308083e-02 9.147544625600125823e-01 5.898481230623364713e-01 2.038571347599213157e-01
2.850075959648810595e-02 1.110257138544582967e+00 6.319345807868075315e-01 1.654378151381261375e-01
3.118380366398882872e-02 9.766692046545834005e-01 6.055619114215752274e-01 1.656377385073315167e-01
2.835172329694289617e-02 9.834615563620425771e-01 5.983733002890438968e-01 1.696188782045329191e-01
2.896194558398800314e-02 8.970748335740750257e-01 5.489216052175872607e-01 1.716170670099982087e-01
2.856244203490914887e-02 1.061666360162879741e+00 5.999700504526701561e-01 1.871866500984000203e-01
3.064066929011777241e-02 9.861542598046193486e-01 6.163296448016536422e-01 1.787271563341643887e-01
2.780970862345381878e-02 9.021490601598848302e-01 6.159525085303896308e-01 1.692287624680844649e-01
3.062813050752501154e-02 1.098552380576075738e+00 6.707649739575107795e-01 1.643570707696032085e-01
2.891524029156306713e-02 1.028817690567211951e+00 5.789379078965949388e-01 1.668361741961233158e-01
3.005904115578924771e-02 9.821807315423394247e-01 5.184913428727198070e-01 1.841095566511574688e-01
2.860497078876325650e-02 1.021307164836330994e+00 6.183194449879756416e-01 1.708178787671989773e-01
2.732788424384725509e-02 1.033708881598303542e+00 6.618459057229254539e-01 1.643133215731394092e-01
2.848108501572366169e-02 9.751774209863230958e-01 6.281508240136196575e-01 1.805607082571693556e-01
3.036880950501670562e-02 9.845237741126152686e-01 6.021661430987467201e-01 2.040488620782208995e-01
3.099562419813836969e-02 1.016856353165472182e+00 5.469099700431734323e-01 1.821869000442960240e-01
2.875834474040430203e-02 1.001401364241687908e+00 5.915646089442649913e-01 1.910142477772540093e-01
2.697969204287483866e-02 9.549124595654653325e-01 6.223985267677250022e-01 1.755244120008122299e-01
2.994850168981868718e-02 1.013564179289444089e+00 6.563176529628802491e-01 1.651425440996847349e-01
3.201387526465540589e-02 1.074532193713870765e+00 6.393690995147908174e-01 1.875107939441848504e-01
2.989112296953439635e-02 9.710387230595168839e-01 5.367268445595205772e-01 1.946201490664701550e-01
3.030351614210165245e-02 9.147673285010224919e-01 5.410473497238089680e-01 1.772237492843000417e-01
2.888249752378053287e-02 9.948410271810315120e-01 5.445536196030070775e-01 1.853946675020334556e-01
3.026872439503682996e-02 9.520274767746114142e-01 5.969372031878118490e-01 1.813797636995705675e-01
2.851688528038068271e-02 8.951190167131412023e-01 6.224689899776868485e-01 1.898026548795197221e-01
3.122245472071957448e-02 9.892759250414682182e-01 6.576769542679843372e-01 1.855948861035289776e-01
2.954701476502590018e-02 9.815452591860629461e-01 5.371267772319701095e-01 1.906682227777705407e-01
3.145260602543922812e-02 9.039531723842315625e-01 5.685377641998357046e-01 1.766888312037281639e-01
2.926323152448355794e-02 1.000119201838464145e+00 5.600846398276388971e-01 1.756861460607234970e-01
2.948890675137046807e-02 1.014053810937974198e+00 5.623703343343262606e-01 1.778534907978333024e-01
2.812720889705734237e-02 8.933447806179707351e-01 5.733852045828500277e-01 1.790898149062806755e-01
3.066034603363930466e-02 1.040806985371979687e+00 5.871063759251904379e-01 1.747719726930967166e-01
3.200303689671072510e-02 9.057564964070077274e-01 6.205694710444339401e-01 1.843325525742569582e-01
3.188013013953740898e-02 1.079517206631932957e+00 6.092396222943536888e-01 1.794607444336066837e-01
3.015621075523114425e-02 9.566712223456235176e-01 5.745426616371851480e-01 1.781416105085160684e-01
2.945506947835469652e-02 1.007693816837108791e+00 5.677939407829396545e-01 1.777269448486698544e-01
3.209733565619582452e-02 9.148167755462766060e-01 5.120884897816969650e-01 1.806615354458453726e-01
3.077316546321188021e-02 9.577768980091320161e-01 6.047451893666958567e-01 1.759257275269011933e-01
2.860541141828827627e-02 9.847783157714177227e-01 5.801546749871837605e-01 2.009371634811913943e-01
2.873812746723383368e-02 9.840098809666992796e-01 6.014017239650621960e-01 1.787348076081839710e-01
3.017923751724690962e-02 1.008450029751246424e+00 5.676967344359122869e-01 1.776167723448068836e-01
3.007758850770717376e-02 9.191303013321259208e-01 5.618275968694519396e-01 1.779143007015625000e-01
3.003086342541566589e-02 1.064142809026245029e+00 5.698804913831860830e-01 1.887205420178741377e-01
2.738369887540297379e-02 1.003848141050371456e+00 6.330432831832663032e-01 1.858838074170505172e-01
2.970353796960423232e-02 1.050008625088349135e+00 5.937044356388910815e-01 1.767688089076782654e-01
3.091765210555766363e-02 1.081961058267407738e+00 6.242493409447724684e-01 2.052641951071829951e-01
2.889510101919586307e-02 1.017496311272413800e+00 5.947462709020768790e-01 1.725277962533809106e-01
3.270355379983406335e-02 9.791484748478990197e-01 5.795842678024123451e-01 1.705910417713788763e-01
3.053868469138074429e-02 9.714892674376695014e-01 5.746117071900893603e-01 1.824793805892544474e-01
2.902223988801504520e-02 9.960412859087242055e-01 6.249494576520828737e-01 1.760778204460579643e-01
3.026845790478748660e-02 1.046028691736609284e+00 5.529412375844547922e-01 1.859025866550310380e-01
2.935945681938838259e-02 9.051160546780538940e-01 5.422926657963731412e-01 1.794587107437937423e-01
3.044483353748332274e-02 9.536488280501644876e-01 6.420024177818355327e-01 2.062964282112799141e-01
2.666551030532426925e-02 9.581122766948001468e-01 5.993431950297748445e-01 1.720120013467531517e-01
2.934431407189126012e-02 1.048089093800260940e+00 6.589252411954117372e-01 1.745270440436277049e-01
2.950690402648628932e-02 9.959806789330279964e-01 6.537150461487988284e-01 1.779392416464783966e-01
2.969110131854757473e-02 1.044995507595800177e+00 5.319671845808235933e-01 1.786591319082564411e-01
3.074722447910260836e-02 9.947739145600714705e-01 5.773771815274814090e-01 1.929312266624839955e-01
3.029582645431616594e-02 1.003665409407192177e+00 5.780766398728820477e-01 1.956920233876291715e-01
3.077502520313335488e-02 9.922525609087490261e-01 6.034331059706573575e-01 1.742483625010203541e-01
2.956544987676805805e-02 9.501929294092377187e-01 5.626012522206293998e-01 1.748823480542709974e-01
3.129664485756619013e-02 1.006216702327642043e+00 5.476653317885210592e-01 1.825315771925845321e-01
2.923073517255120324e-02 1.045172795149353906e+00 6.193269157946132975e-01 1.868163695011621772e-01
2.862966599743878640e-02 9.851443856426663759e-01 5.695315917449114140e-01 1.852315405681850824e-01
2.830418333130457070e-02 1.032905281738365044e+00 5.899536994403992152e-01 1.929061233849100332e-01
3.098242001531952353e-02 9.768015841058762527e-01 5.465933324465843679e-01 1.833366872957691018e-01
2.998641411142966007e-02 9.024593641208593642e-01 6.101799725456832357e-01 1.897305067870438122e-01
3.057991896863629377e-02 9.668213635199814915e-01 6.223670899175233195e-01 1.740503397782256489e-01
2.930058445254613356e-02 1.015072031709007172e+00 6.008005832120056899e-01 1.748251344770171967e-01
2.821433981107539235e-02 1.022921659731540478e+00 6.566377967821097617e-01 1.908646744213083613e-01
3.051413478076174177e-02 1.047343474857060475e+00 5.901712016291467133e-01 1.778542247590838010e-01
3.004467689552552459e-02 1.009330223156646333e+00 5.813215344279483165e-01 2.115741994531800674e-01
2.889741699994319291e-02 9.286000486596146519e-01 6.111468246561572171e-01 1.752659860566858352e-01
2.995611442705252772e-02 1.019100151994047243e+00 6.118984990757532216e-01 1.670420438471511282e-01
3.143888627068080338e-02 1.024719960208390734e+00 5.890266914953481425e-01 1.902215955562986671e-01
3.099087978336129492e-02 1.021867334507428504e+00 5.628946659552207521e-01 1.739875662013390112e-01
2.989618230309479263e-02 9.981046710739523986e-01 6.970685434928503010e-01 1.682724944646412091e-01
3.041578266187557750e-02 1.057967165017719591e+00 5.769881638524877454e-01 1.861951630369790001e-01
2.988442054572092166e-02 1.088416031909486881e+00 5.662060105920339037e-01 1.780862967235309624e-01
2.883104988797866031e-02 9.467117835225860034e-01 5.775418288575112635e-01 1.838172731302749885e-01
3.040401568686995626e-02 1.049228719925450415e+00 5.895877712704237217e-01 1.710138097201830132e-01
3.054854895512561230e-02 1.029296287164959800e+00 5.390805407906247293e-01 1.763260879076145871e-01
3.356413507772242760e-02 9.333721823496824443e-01 6.284217822114727126e-01 1.803423665449272462e-01
2.931992861294658095e-02 9.799834395224753525e-01 5.829151079405306968e-01 1.858070938193467081e-01
3.047051340905958944e-02 1.050419645600040530e+00 6.179518316082155405e-01 1.760253652393674872e-01
3.465656076216214881e-02 9.696169893169646059e-01 6.402262780532451680e-01 1.700570114304063019e-01
3.274778525020485831e-02 1.006108444164234283e+00 5.665438395711850372e-01 1.976335014955283020e-01
2.935618659809456632e-02 1.037045693196695151e+00 5.856468803916549115e-01 1.835027395053409061e-01
3.106323358382845692e-02 1.096223302268287458e+00 5.911021945272029177e-01 1.728896156742903978e-01
3.243876661119687865e-02 9.658625805025148336e-01 5.986250897054443687e-01 1.836654287071934899e-01
2.894064198246227432e-02 9.977405898253978167e-01 6.399391510440771702e-01 1.696593568536471364e-01
3.291036377236971483e-02 1.077494696711746025e+00 6.466444515352032241e-01 1.710332411473976244e-01
3.208724241797678706e-02 9.629211057469174717e-01 5.994099003744747245e-01 1.763944805881672573e-01
3.137391668411734086e-02 9.214386059344705782e-01 6.349057187852280570e-01 1.898529983483260297e-01
3.114411923656959166e-02 9.447408414208484650e-01 5.297952457341521537e-01 1.723960321360688830e-01
3.271264132840774608e-02 9.164423774049513804e-01 5.749246661571900674e-01 1.827630451089918562e-01
3.372030463284617086e-02 9.668393764771513466e-01 6.107670126750188722e-01 1.720454885939096124e-01
3.188659021760666817e-02 9.990040120678814750e-01 6.020978439528076320e-01 1.888832384692826494e-01
3.011503298626572872e-02 1.032234084673866015e+00 5.441285846404356752e-01 1.827269841588903820e-01
2.956930943229649916e-02 1.008205604620431961e+00 5.439176489864399056e-01 1.877862102726869098e-01
3.290080839111642758e-02 9.592801656160983015e-01 6.047156018441863790e-01 1.761855988632988479e-01
2.883203041185986373e-02 9.210257213303340018e-01 5.464294435412895279e-01 1.740123453764914618e-01
3.458263273118671738e-02 1.004887617543935630e+00 5.877225367906888653e-01 1.835519647747697602e-01
2.691459507915761051e-02 9.380017217123096662e-01 5.491325739861840916e-01 1.846399744810302834e-01
2.781539667485541725e-02 9.760501662175850024e-01 5.586460741253480577e-01 1.990883688208420765e-01
3.029315663875474518e-02 9.658053886772909324e-01 5.734989063751433358e-01 1.791501831311879400e-01
2.993386313121922451e-02 1.016516835290389498e+00 6.794465375740755819e-01 1.813972865111807553e-01
2.790944764744222525e-02 1.031036703349459849e+00 5.701983523739933002e-01 1.848962446618482303e-01
2.895906842600203673e-02 9.944151203159153907e-01 6.188508204157093795e-01 1.836387169221818938e-01
3.198969439810633864e-02 9.331929330727011251e-01 5.855624421322239703e-01 1.909998126374188032e-01
2.866865801885301254e-02 1.020549375980991602e+00 5.931900425277206734e-01 1.798617232190405646e-01
2.753932722488139015e-02 9.330854492074159845e-01 5.645132843520955790e-01 1.815409958339600227e-01
3.051772379911978778e-02 1.053257480595812146e+00 5.724681065097433352e-01 1.851183675693604536e-01
