8.076142798917472646e+03 6.064216068739664479e+03 2.898690856773125008e+06 2.482584326959593568e+01
8.076142798917472646e+03 6.064216068739664479e+03 2.898690856773125008e+06 2.482584326959593568e+01
6.864594758139186524e+03 5.109018611574086208e+03 2.699424095587454736e+06 2.482584326959593568e+01
6.726897273223961747e+03 5.003133261966057034e+03 2.691552409024736378e+06 2.482584326959593568e+01
6.523401047402854601e+03 4.845490838368978075e+03 2.731955886658649426e+06 2.482584326959593568e+01
4.335146110446941748e+03 3.234465048621052119e+03 2.210517834573056549e+06 2.482584326959593568e+01
4.221691164594046313e+03 3.157865606329284219e+03 2.170334573549095541e+06 2.482584326959593568e+01
4.221691164594046313e+03 3.157865606329284219e+03 2.170334573549095541e+06 2.482584326959593568e+01
4.007869901122680858e+03 3.007414727658227548e+03 2.141872938293791376e+06 2.482584326959593568e+01
4.007869901122680858e+03 3.007414727658227548e+03 2.141872938293791376e+06 2.482584326959593568e+01
3.948534879631444710e+03 2.967039450031568322e+03 2.152631011769930366e+06 2.482584326959593568e+01
2.618110128457617066e+03 2.085962598522311964e+03 1.997441009911736008e+06 2.482584326959593568e+01
2.632727306031913031e+03 2.092468187582750488e+03 1.956194850035033654e+06 2.482584326959593568e+01
2.632727306031913031e+03 2.092468187582750488e+03 1.956194850035033654e+06 2.482584326959593568e+01
2.632727306031913031e+03 2.092468187582750488e+03 1.956194850035033654e+06 2.482584326959593568e+01
2.490785553026784783e+03 2.002825568630817315e+03 1.914175835905649001e+06 2.482584326959593568e+01
2.464062891834902075e+03 1.984214192141276499e+03 1.902803559997498523e+06 2.482584326959593568e+01
2.454354522983211609e+03 1.976522065630552561e+03 1.886212017991028726e+06 2.482584326959593568e+01
1.289726935837053816e+03 1.331412562041807860e+03 1.277914172723064898e+06 2.506524841410337245e+01
1.185614817794046985e+03 1.278304685863868372e+03 1.116604625227347948e+06 2.618411602361913992e+01
1.063566254213773163e+03 1.215732446215722121e+03 1.166799914852915565e+06 2.711858984131678341e+01
1.063566254213773163e+03 1.215732446215722121e+03 1.166799914852915565e+06 2.711858984131678341e+01
7.023920243143371636e+02 1.005987453840320541e+03 1.156670683138257591e+06 3.383412681399161670e+01
7.023920243143371636e+02 1.005987453840320541e+03 1.156670683138257591e+06 3.383412681399161670e+01
7.023920243143371636e+02 1.005987453840320541e+03 1.156670683138257591e+06 3.383412681399161670e+01
6.863263947500306585e+02 9.940283257299040542e+02 1.123958778343156911e+06 3.459299877150445468e+01
3.765677414868696928e+02 8.207217164718326785e+02 8.045909634996529203e+05 4.272832699362981401e+01
3.400679984381369536e+02 7.979074413864509552e+02 7.739062319625450764e+05 4.598542823142965119e+01
2.006082726082443060e+02 7.460033142587619750e+02 5.938748796698281076e+05 5.161674970935654017e+01
2.006082726082443060e+02 7.460033142587619750e+02 5.938748796698281076e+05 5.161674970935654017e+01
1.847347172874881949e+02 7.408392573235971668e+02 5.855419060802176828e+05 5.262047789106944862e+01
1.415638708137765605e+02 7.251681116623401522e+02 5.394453789707587566e+05 5.165225980280101936e+01
1.415638708137765605e+02 7.251681116623401522e+02 5.394453789707587566e+05 5.165225980280101936e+01
1.415638708137765605e+02 7.251681116623401522e+02 5.394453789707587566e+05 5.165225980280101936e+01
1.294839855904832859e+02 7.299355634833277691e+02 5.303283110465256032e+05 5.518898936772056629e+01
8.972287968179992390e+01 7.351357880862120737e+02 4.570318944352658000e+05 5.478147386365554183e+01
8.972287968179992390e+01 7.351357880862120737e+02 4.570318944352658000e+05 5.478147386365554183e+01
8.972287968179992390e+01 7.351357880862120737e+02 4.570318944352658000e+05 5.478147386365554183e+01
8.972287968179992390e+01 7.351357880862120737e+02 4.570318944352658000e+05 5.478147386365554183e+01
8.972287968179992390e+01 7.351357880862120737e+02 4.570318944352658000e+05 5.478147386365554183e+01
8.972287968179992390e+01 7.351357880862120737e+02 4.570318944352658000e+05 5.478147386365554183e+01
8.972287968179992390e+01 7.351357880862120737e+02 4.570318944352658000e+05 5.478147386365554183e+01
8.972287968179992390e+01 7.351357880862120737e+02 4.570318944352658000e+05 5.478147386365554183e+01
8.972287968179992390e+01 7.351357880862120737e+02 4.570318944352658000e+05 5.478147386365554183e+01
7.570085140790165212e+01 7.343216767511338503e+02 4.238503636530705844e+05 6.271196606982589117e+01
7.855346393327953081e+01 7.323423813506821034e+02 3.990345629504834069e+05 5.991920079890486051e+01
7.855346393327953081e+01 7.323423813506821034e+02 3.990345629504834069e+05 5.991920079890486051e+01
7.855346393327953081e+01 7.323423813506821034e+02 3.990345629504834069e+05 5.991920079890486051e+01
7.769963836205948837e+01 7.329955958477090689e+02 2.939528301116253133e+05 5.713169274970245226e+01
7.262650475583228626e+01 7.416274532354912026e+02 2.798282597574585234e+05 6.068601038438388429e+01
7.262650475583228626e+01 7.416274532354912026e+02 2.798282597574585234e+05 6.068601038438388429e+01
7.262650475583228626e+01 7.416274532354912026e+02 2.798282597574585234e+05 6.068601038438388429e+01
7.262650475583228626e+01 7.416274532354912026e+02 2.798282597574585234e+05 6.068601038438388429e+01
7.262650475583228626e+01 7.416274532354912026e+02 2.798282597574585234e+05 6.068601038438388429e+01
7.262650475583228626e+01 7.416274532354912026e+02 2.798282597574585234e+05 6.068601038438388429e+01
2.695780413308560952e+01 7.692191039136786230e+02 1.745663658816025709e+05 1.098770706428202857e+02
2.616052715385684735e+01 7.692780224300181544e+02 1.578033557818795962e+05 1.030747744613100707e+02
2.241650020424477674e+01 7.838547531334530731e+02 7.462614166700367059e+04 1.571201409802714295e+02
2.199820234829350696e+01 7.934538891447527931e+02 4.624322828227342688e+04 1.771541722746330549e+02
2.199820234829350696e+01 7.934538891447527931e+02 4.624322828227342688e+04 1.771541722746330549e+02
2.242298205198013505e+01 7.920217043218738127e+02 4.299860351636935957e+04 1.681753429037765386e+02
2.253678479017394665e+01 7.899329102047312290e+02 4.251457300032985950e+04 1.586491950614827715e+02
2.253678479017394665e+01 7.899329102047312290e+02 4.251457300032985950e+04 1.586491950614827715e+02
2.194494938639314796e+01 8.042277040089093134e+02 4.961260887955875660e+03 2.625576042234732199e+02
2.232191140475081781e+01 8.049638867082709339e+02 7.583115267568473428e+02 2.737154718006312351e+02
2.232191140475081781e+01 8.049638867082709339e+02 7.583115267568473428e+02 2.737154718006312351e+02
2.232191140475081781e+01 8.049638867082709339e+02 7.583115267568473428e+02 2.737154718006312351e+02
2.250689214196056298e+01 8.051743082824536941e+02 5.247169222507974382e+02 2.827111574466973707e+02
2.250689214196056298e+01 8.051743082824536941e+02 5.247169222507974382e+02 2.827111574466973707e+02
2.250689214196056298e+01 8.051743082824536941e+02 5.247169222507974382e+02 2.827111574466973707e+02
2.250689214196056298e+01 8.051743082824536941e+02 5.247169222507974382e+02 2.827111574466973707e+02
2.250689214196056298e+01 8.051743082824536941e+02 5.247169222507974382e+02 2.827111574466973707e+02
2.250689214196056298e+01 8.051743082824536941e+02 5.247169222507974382e+02 2.827111574466973707e+02
2.250689214196056298e+01 8.051743082824536941e+02 5.247169222507974382e+02 2.827111574466973707e+02
2.250689214196056298e+01 8.051743082824536941e+02 5.247169222507974382e+02 2.827111574466973707e+02
2.250689214196056298e+01 8.051743082824536941e+02 5.247169222507974382e+02 2.827111574466973707e+02
2.255035562389696580e+01 8.070281256328810287e+02 4.933120483705355355e+02 2.915138428924080927e+02
2.255035562389696580e+01 8.070281256328810287e+02 4.933120483705355355e+02 2.915138428924080927e+02
2.236443583262704848e+01 8.072655684496236290e+02 4.533412040153875182e+02 2.901618225004993405e+02
2.236443583262704848e+01 8.072655684496236290e+02 4.533412040153875182e+02 2.901618225004993405e+02
2.236443583262704848e+01 8.072655684496236290e+02 4.533412040153875182e+02 2.901618225004993405e+02
2.236443583262704848e+01 8.072655684496236290e+02 4.533412040153875182e+02 2.901618225004993405e+02
2.238522495633600684e+01 8.065437465968731203e+02 4.409494815898109437e+02 2.820739818967502401e+02
2.238522495633600684e+01 8.065437465968731203e+02 4.409494815898109437e+02 2.820739818967502401e+02
2.238522495633600684e+01 8.065437465968731203e+02 4.409494815898109437e+02 2.820739818967502401e+02
2.257709398325648564e+01 8.095916506677471034e+02 3.871190866952179022e+02 2.907565582460519522e+02
2.257709398325648564e+01 8.095916506677471034e+02 3.871190866952179022e+02 2.907565582460519522e+02
2.257709398325648564e+01 8.095916506677471034e+02 3.871190866952179022e+02 2.907565582460519522e+02
2.223542584944335232e+01 8.096959259425691471e+02 3.437777574660778441e+02 2.847387902627057770e+02
2.223542584944335232e+01 8.096959259425691471e+02 3.437777574660778441e+02 2.847387902627057770e+02
2.223542584944335232e+01 8.096959259425691471e+02 3.437777574660778441e+02 2.847387902627057770e+02
2.223542584944335232e+01 8.096959259425691471e+02 3.437777574660778441e+02 2.847387902627057770e+02
2.223542584944335232e+01 8.096959259425691471e+02 3.437777574660778441e+02 2.847387902627057770e+02
2.223542584944335232e+01 8.096959259425691471e+02 3.437777574660778441e+02 2.847387902627057770e+02
2.223542584944335232e+01 8.096959259425691471e+02 3.437777574660778441e+02 2.847387902627057770e+02
2.223542584944335232e+01 8.096959259425691471e+02 3.437777574660778441e+02 2.847387902627057770e+02
2.223542584944335232e+01 8.096959259425691471e+02 3.437777574660778441e+02 2.847387902627057770e+02
2.223542584944335232e+01 8.096959259425691471e+02 3.437777574660778441e+02 2.847387902627057770e+02
2.223542584944335232e+01 8.096959259425691471e+02 3.437777574660778441e+02 2.847387902627057770e+02
2.223542584944335232e+01 8.096959259425691471e+02 3.437777574660778441e+02 2.847387902627057770e+02
2.223542584944335232e+01 8.096959259425691471e+02 3.437777574660778441e+02 2.847387902627057770e+02
2.223542584944335232e+01 8.096959259425691471e+02 3.437777574660778441e+02 2.847387902627057770e+02
2.226165554505940847e+01 8.051999940954182193e+02 3.532334388472355613e+02 2.622018421721129471e+02
2.226165554505940847e+01 8.051999940954182193e+02 3.532334388472355613e+02 2.622018421721129471e+02
2.226165554505940847e+01 8.051999940954182193e+02 3.532334388472355613e+02 2.622018421721129471e+02
2.212101555556707666e+01 8.048418054080033244e+02 3.424399314460514461e+02 2.735817425178643134e+02
2.223080434123889404e+01 8.042620296741399670e+02 3.386441032846467465e+02 2.708311942019813614e+02
2.223080434123889404e+01 8.042620296741399670e+02 3.386441032846467465e+02 2.708311942019813614e+02
2.223080434123889404e+01 8.042620296741399670e+02 3.386441032846467465e+02 2.708311942019813614e+02
2.223080434123889404e+01 8.042620296741399670e+02 3.386441032846467465e+02 2.708311942019813614e+02
2.198543427920062499e+01 8.027619485322538821e+02 3.247274536779077607e+02 2.678935268863522765e+02
2.198543427920062499e+01 8.027619485322538821e+02 3.247274536779077607e+02 2.678935268863522765e+02
2.198543427920062499e+01 8.027619485322538821e+02 3.247274536779077607e+02 2.678935268863522765e+02
2.198543427920062499e+01 8.027619485322538821e+02 3.247274536779077607e+02 2.678935268863522765e+02
2.198543427920062499e+01 8.027619485322538821e+02 3.247274536779077607e+02 2.678935268863522765e+02
2.198543427920062499e+01 8.027619485322538821e+02 3.247274536779077607e+02 2.678935268863522765e+02
2.198543427920062499e+01 8.027619485322538821e+02 3.247274536779077607e+02 2.678935268863522765e+02
2.198543427920062499e+01 8.027619485322538821e+02 3.247274536779077607e+02 2.678935268863522765e+02
2.198543427920062499e+01 8.027619485322538821e+02 3.247274536779077607e+02 2.678935268863522765e+02
2.198543427920062499e+01 8.027619485322538821e+02 3.247274536779077607e+02 2.678935268863522765e+02
2.198543427920062499e+01 8.027619485322538821e+02 3.247274536779077607e+02 2.678935268863522765e+02
2.198543427920062499e+01 8.027619485322538821e+02 3.247274536779077607e+02 2.678935268863522765e+02
2.211976592644048623e+01 8.029998988015754549e+02 3.234672184345483856e+02 2.642069338692407428e+02
2.235167575188288325e+01 8.045082201342025883e+02 3.104317438299047467e+02 2.670956489233975049e+02
2.235167575188288325e+01 8.045082201342025883e+02 3.104317438299047467e+02 2.670956489233975049e+02
2.235167575188288325e+01 8.045082201342025883e+02 3.104317438299047467e+02 2.670956489233975049e+02
2.210471253586142737e+01 8.039366364160466674e+02 2.993895882230092411e+02 2.652257978685232729e+02
2.210471253586142737e+01 8.039366364160466674e+02 2.993895882230092411e+02 2.652257978685232729e+02
2.210471253586142737e+01 8.039366364160466674e+02 2.993895882230092411e+02 2.652257978685232729e+02
2.210471253586142737e+01 8.039366364160466674e+02 2.993895882230092411e+02 2.652257978685232729e+02
2.210471253586142737e+01 8.039366364160466674e+02 2.993895882230092411e+02 2.652257978685232729e+02
2.210471253586142737e+01 8.039366364160466674e+02 2.993895882230092411e+02 2.652257978685232729e+02
2.207921496817149531e+01 8.040648600748586432e+02 2.850388752676076365e+02 2.678523315883523992e+02
2.220673187764484169e+01 8.044860165426554204e+02 2.741842750585112753e+02 2.625250161655604302e+02
2.216797902107169449e+01 8.027482234064617614e+02 2.691910414848720734e+02 2.620994851382342858e+02
2.216797902107169449e+01 8.027482234064617614e+02 2.691910414848720734e+02 2.620994851382342858e+02
2.216797902107169449e+01 8.027482234064617614e+02 2.691910414848720734e+02 2.620994851382342858e+02
2.216797902107169449e+01 8.027482234064617614e+02 2.691910414848720734e+02 2.620994851382342858e+02
2.216797902107169449e+01 8.027482234064617614e+02 2.691910414848720734e+02 2.620994851382342858e+02
2.210649079104461734e+01 8.040411271738868209e+02 2.566526933228220173e+02 2.614627904851150788e+02
2.202267290202395245e+01 8.044411190957198414e+02 2.544617305984392317e+02 2.620251692320719030e+02
2.202267290202395245e+01 8.044411190957198414e+02 2.544617305984392317e+02 2.620251692320719030e+02
2.202267290202395245e+01 8.044411190957198414e+02 2.544617305984392317e+02 2.620251692320719030e+02
2.233484047059857858e+01 8.038342376497090527e+02 2.273615687930913793e+02 2.668978129797564520e+02
2.233484047059857858e+01 8.038342376497090527e+02 2.273615687930913793e+02 2.668978129797564520e+02
2.204377239264799471e+01 8.053208493290735532e+02 2.248975636485948826e+02 2.654521022937455541e+02
2.204377239264799471e+01 8.053208493290735532e+02 2.248975636485948826e+02 2.654521022937455541e+02
2.204377239264799471e+01 8.053208493290735532e+02 2.248975636485948826e+02 2.654521022937455541e+02
2.204377239264799471e+01 8.053208493290735532e+02 2.248975636485948826e+02 2.654521022937455541e+02
2.219765530460501424e+01 8.066215434534296946e+02 2.186548762368875600e+02 2.646835964846651450e+02
2.219765530460501424e+01 8.066215434534296946e+02 2.186548762368875600e+02 2.646835964846651450e+02
2.219765530460501424e+01 8.066215434534296946e+02 2.186548762368875600e+02 2.646835964846651450e+02
2.219765530460501424e+01 8.066215434534296946e+02 2.186548762368875600e+02 2.646835964846651450e+02
2.219765530460501424e+01 8.066215434534296946e+02 2.186548762368875600e+02 2.646835964846651450e+02
2.219765530460501424e+01 8.066215434534296946e+02 2.186548762368875600e+02 2.646835964846651450e+02
2.198683161922268781e+01 8.036128954006949243e+02 2.103109115784085361e+02 2.627852050014962515e+02
2.198683161922268781e+01 8.036128954006949243e+02 2.103109115784085361e+02 2.627852050014962515e+02
2.198683161922268781e+01 8.036128954006949243e+02 2.103109115784085361e+02 2.627852050014962515e+02
2.198683161922268781e+01 8.036128954006949243e+02 2.103109115784085361e+02 2.627852050014962515e+02
2.198683161922268781e+01 8.036128954006949243e+02 2.103109115784085361e+02 2.627852050014962515e+02
2.198683161922268781e+01 8.036128954006949243e+02 2.103109115784085361e+02 2.627852050014962515e+02
2.198683161922268781e+01 8.036128954006949243e+02 2.103109115784085361e+02 2.627852050014962515e+02
2.205327730299783084e+01 8.042685879185563635e+02 2.002553011159102709e+02 2.641488049739776329e+02
2.205327730299783084e+01 8.042685879185563635e+02 2.002553011159102709e+02 2.641488049739776329e+02
2.205327730299783084e+01 8.042685879185563635e+02 2.002553011159102709e+02 2.641488049739776329e+02
2.202285964288552833e+01 8.052984069221527079e+02 1.995948331870975494e+02 2.628308028054868828e+02
2.202285964288552833e+01 8.052984069221527079e+02 1.995948331870975494e+02 2.628308028054868828e+02
2.202285964288552833e+01 8.052984069221527079e+02 1.995948331870975494e+02 2.628308028054868828e+02
2.202285964288552833e+01 8.052984069221527079e+02 1.995948331870975494e+02 2.628308028054868828e+02
2.202285964288552833e+01 8.052984069221527079e+02 1.995948331870975494e+02 2.628308028054868828e+02
2.220402355392839766e+01 8.035937525235226531e+02 1.935442181856022046e+02 2.655245198622832845e+02
2.217862809342208052e+01 8.040166001164866429e+02 1.951458158495317150e+02 2.587261256080236649e+02
2.216701383808332082e+01 8.041810689282251587e+02 1.629260725024309409e+02 2.668492685973595258e+02
2.225091780294626531e+01 8.074061749567114248e+02 1.447025546631319628e+02 2.708487332281275144e+02
2.219449908997668786e+01 8.062159854963023236e+02 1.287810454470834713e+02 2.735690073424232764e+02
2.219449908997668786e+01 8.062159854963023236e+02 1.287810454470834713e+02 2.735690073424232764e+02
2.219449908997668786e+01 8.062159854963023236e+02 1.287810454470834713e+02 2.735690073424232764e+02
2.216245372970719529e+01 8.042193551790430774e+02 1.223758044689372610e+02 2.633154545430714393e+02
2.216245372970719529e+01 8.042193551790430774e+02 1.223758044689372610e+02 2.633154545430714393e+02
2.216245372970719529e+01 8.042193551790430774e+02 1.223758044689372610e+02 2.633154545430714393e+02
2.216245372970719529e+01 8.042193551790430774e+02 1.223758044689372610e+02 2.633154545430714393e+02
2.216245372970719529e+01 8.042193551790430774e+02 1.223758044689372610e+02 2.633154545430714393e+02
2.216245372970719529e+01 8.042193551790430774e+02 1.223758044689372610e+02 2.633154545430714393e+02
2.216245372970719529e+01 8.042193551790430774e+02 1.223758044689372610e+02 2.633154545430714393e+02
2.216245372970719529e+01 8.042193551790430774e+02 1.223758044689372610e+02 2.633154545430714393e+02
2.189786453044166237e+01 8.043383147434582270e+02 1.197087099992389767e+02 2.665029724228014061e+02
2.189786453044166237e+01 8.043383147434582270e+02 1.197087099992389767e+02 2.665029724228014061e+02
2.189786453044166237e+01 8.043383147434582270e+02 1.197087099992389767e+02 2.665029724228014061e+02
2.189786453044166237e+01 8.043383147434582270e+02 1.197087099992389767e+02 2.665029724228014061e+02
2.189786453044166237e+01 8.043383147434582270e+02 1.197087099992389767e+02 2.665029724228014061e+02
2.189786453044166237e+01 8.043383147434582270e+02 1.197087099992389767e+02 2.665029724228014061e+02
2.189786453044166237e+01 8.043383147434582270e+02 1.197087099992389767e+02 2.665029724228014061e+02
2.189786453044166237e+01 8.043383147434582270e+02 1.197087099992389767e+02 2.665029724228014061e+02
2.189786453044166237e+01 8.043383147434582270e+02 1.197087099992389767e+02 2.665029724228014061e+02
2.189786453044166237e+01 8.043383147434582270e+02 1.197087099992389767e+02 2.665029724228014061e+02
2.189786453044166237e+01 8.043383147434582270e+02 1.197087099992389767e+02 2.665029724228014061e+02
2.189786453044166237e+01 8.043383147434582270e+02 1.197087099992389767e+02 2.665029724228014061e+02
2.225673231369094651e+01 8.068245496164954602e+02 7.586857520504466379e+01 2.710906403877067987e+02
2.225673231369094651e+01 8.068245496164954602e+02 7.586857520504466379e+01 2.710906403877067987e+02
2.225673231369094651e+01 8.068245496164954602e+02 7.586857520504466379e+01 2.710906403877067987e+02
2.225673231369094651e+01 8.068245496164954602e+02 7.586857520504466379e+01 2.710906403877067987e+02
2.225673231369094651e+01 8.068245496164954602e+02 7.586857520504466379e+01 2.710906403877067987e+02
2.225673231369094651e+01 8.068245496164954602e+02 7.586857520504466379e+01 2.710906403877067987e+02
2.225673231369094651e+01 8.068245496164954602e+02 7.586857520504466379e+01 2.710906403877067987e+02
2.225673231369094651e+01 8.068245496164954602e+02 7.586857520504466379e+01 2.710906403877067987e+02
2.225673231369094651e+01 8.068245496164954602e+02 7.586857520504466379e+01 2.710906403877067987e+02
2.225673231369094651e+01 8.068245496164954602e+02 7.586857520504466379e+01 2.710906403877067987e+02
2.225673231369094651e+01 8.068245496164954602e+02 7.586857520504466379e+01 2.710906403877067987e+02
2.225673231369094651e+01 8.068245496164954602e+02 7.586857520504466379e+01 2.710906403877067987e+02
2.216830012314121134e+01 8.077574285433889827e+02 7.674860110524718948e+01 2.680677947156880805e+02
2.216830012314121134e+01 8.077574285433889827e+02 7.674860110524718948e+01 2.680677947156880805e+02
2.222674326350393059e+01 8.065176267964408225e+02 7.531298111131791018e+01 2.666437034892883275e+02
2.222674326350393059e+01 8.065176267964408225e+02 7.531298111131791018e+01 2.666437034892883275e+02
2.222674326350393059e+01 8.065176267964408225e+02 7.531298111131791018e+01 2.666437034892883275e+02
2.222674326350393059e+01 8.065176267964408225e+02 7.531298111131791018e+01 2.666437034892883275e+02
2.222674326350393059e+01 8.065176267964408225e+02 7.531298111131791018e+01 2.666437034892883275e+02
2.222674326350393059e+01 8.065176267964408225e+02 7.531298111131791018e+01 2.666437034892883275e+02
2.222674326350393059e+01 8.065176267964408225e+02 7.531298111131791018e+01 2.666437034892883275e+02
2.222674326350393059e+01 8.065176267964408225e+02 7.531298111131791018e+01 2.666437034892883275e+02
2.199950110983080620e+01 8.057553974229026608e+02 7.532708239016990603e+01 2.663183077648233166e+02
2.199950110983080620e+01 8.057553974229026608e+02 7.532708239016990603e+01 2.663183077648233166e+02
2.199950110983080620e+01 8.057553974229026608e+02 7.532708239016990603e+01 2.663183077648233166e+02
2.199950110983080620e+01 8.057553974229026608e+02 7.532708239016990603e+01 2.663183077648233166e+02
2.199950110983080620e+01 8.057553974229026608e+02 7.532708239016990603e+01 2.663183077648233166e+02
2.199950110983080620e+01 8.057553974229026608e+02 7.532708239016990603e+01 2.663183077648233166e+02
2.199950110983080620e+01 8.057553974229026608e+02 7.532708239016990603e+01 2.663183077648233166e+02
2.199950110983080620e+01 8.057553974229026608e+02 7.532708239016990603e+01 2.663183077648233166e+02
2.199950110983080620e+01 8.057553974229026608e+02 7.532708239016990603e+01 2.663183077648233166e+02
2.199950110983080620e+01 8.057553974229026608e+02 7.532708239016990603e+01 2.663183077648233166e+02
2.214674755827577357e+01 8.034598732003659052e+02 7.581765579684487477e+01 2.623487162205194636e+02
2.195347982779695073e+01 8.052567810431918360e+02 7.450771280036875055e+01 2.647076058549042159e+02
2.195347982779695073e+01 8.052567810431918360e+02 7.450771280036875055e+01 2.647076058549042159e+02
2.195347982779695073e+01 8.052567810431918360e+02 7.450771280036875055e+01 2.647076058549042159e+02
2.195347982779695073e+01 8.052567810431918360e+02 7.450771280036875055e+01 2.647076058549042159e+02
2.195347982779695073e+01 8.052567810431918360e+02 7.450771280036875055e+01 2.647076058549042159e+02
2.195347982779695073e+01 8.052567810431918360e+02 7.450771280036875055e+01 2.647076058549042159e+02
2.195347982779695073e+01 8.052567810431918360e+02 7.450771280036875055e+01 2.647076058549042159e+02
2.195347982779695073e+01 8.052567810431918360e+02 7.450771280036875055e+01 2.647076058549042159e+02
2.195347982779695073e+01 8.052567810431918360e+02 7.450771280036875055e+01 2.647076058549042159e+02
2.195347982779695073e+01 8.052567810431918360e+02 7.450771280036875055e+01 2.647076058549042159e+02
2.195347982779695073e+01 8.052567810431918360e+02 7.450771280036875055e+01 2.647076058549042159e+02
2.195347982779695073e+01 8.052567810431918360e+02 7.450771280036875055e+01 2.647076058549042159e+02
2.195347982779695073e+01 8.052567810431918360e+02 7.450771280036875055e+01 2.647076058549042159e+02
2.195347982779695073e+01 8.052567810431918360e+02 7.450771280036875055e+01 2.647076058549042159e+02
2.195347982779695073e+01 8.052567810431918360e+02 7.450771280036875055e+01 2.647076058549042159e+02
2.217115697845686029e+01 8.036274963992111680e+02 7.455990154225979438e+01 2.630407467627366600e+02
2.217115697845686029e+01 8.036274963992111680e+02 7.455990154225979438e+01 2.630407467627366600e+02
2.190391518872954535e+01 8.039335943314649739e+02 7.448817281098442322e+01 2.644115448328889215e+02
2.190391518872954535e+01 8.039335943314649739e+02 7.448817281098442322e+01 2.644115448328889215e+02
2.190391518872954535e+01 8.039335943314649739e+02 7.448817281098442322e+01 2.644115448328889215e+02
2.190391518872954535e+01 8.039335943314649739e+02 7.448817281098442322e+01 2.644115448328889215e+02
2.190391518872954535e+01 8.039335943314649739e+02 7.448817281098442322e+01 2.644115448328889215e+02
2.190391518872954535e+01 8.039335943314649739e+02 7.448817281098442322e+01 2.644115448328889215e+02
2.190391518872954535e+01 8.039335943314649739e+02 7.448817281098442322e+01 2.644115448328889215e+02
2.190391518872954535e+01 8.039335943314649739e+02 7.448817281098442322e+01 2.644115448328889215e+02
2.190391518872954535e+01 8.039335943314649739e+02 7.448817281098442322e+01 2.644115448328889215e+02
2.190391518872954535e+01 8.039335943314649739e+02 7.448817281098442322e+01 2.644115448328889215e+02
2.190391518872954535e+01 8.039335943314649739e+02 7.448817281098442322e+01 2.644115448328889215e+02
2.190391518872954535e+01 8.039335943314649739e+02 7.448817281098442322e+01 2.644115448328889215e+02
2.190391518872954535e+01 8.039335943314649739e+02 7.448817281098442322e+01 2.644115448328889215e+02
2.190391518872954535e+01 8.039335943314649739e+02 7.448817281098442322e+01 2.644115448328889215e+02
2.190391518872954535e+01 8.039335943314649739e+02 7.448817281098442322e+01 2.644115448328889215e+02
2.190391518872954535e+01 8.039335943314649739e+02 7.448817281098442322e+01 2.644115448328889215e+02
2.190391518872954535e+01 8.039335943314649739e+02 7.448817281098442322e+01 2.644115448328889215e+02
2.190391518872954535e+01 8.039335943314649739e+02 7.448817281098442322e+01 2.644115448328889215e+02
2.190391518872954535e+01 8.039335943314649739e+02 7.448817281098442322e+01 2.644115448328889215e+02
2.190391518872954535e+01 8.039335943314649739e+02 7.448817281098442322e+01 2.644115448328889215e+02
2.190391518872954535e+01 8.039335943314649739e+02 7.448817281098442322e+01 2.644115448328889215e+02
2.187841112993104176e+01 8.046917704266637656e+02 7.436406894087890862e+01 2.656616204885054344e+02
2.187841112993104176e+01 8.046917704266637656e+02 7.436406894087890862e+01 2.656616204885054344e+02
2.180399740143485943e+01 8.045184988027889403e+02 7.433766110876453581e+01 2.646240096283208345e+02
2.181633513707712169e+01 8.052590239784262849e+02 7.544468383804446887e+01 2.621510334409177290e+02
2.181633513707712169e+01 8.052590239784262849e+02 7.544468383804446887e+01 2.621510334409177290e+02
2.181633513707712169e+01 8.052590239784262849e+02 7.544468383804446887e+01 2.621510334409177290e+02
2.181633513707712169e+01 8.052590239784262849e+02 7.544468383804446887e+01 2.621510334409177290e+02
2.181633513707712169e+01 8.052590239784262849e+02 7.544468383804446887e+01 2.621510334409177290e+02
2.181633513707712169e+01 8.052590239784262849e+02 7.544468383804446887e+01 2.621510334409177290e+02
2.181633513707712169e+01 8.052590239784262849e+02 7.544468383804446887e+01 2.621510334409177290e+02
2.213372398546544417e+01 8.032454749930734579e+02 7.437981803396363034e+01 2.618815838164411502e+02
2.213372398546544417e+01 8.032454749930734579e+02 7.437981803396363034e+01 2.618815838164411502e+02
2.213372398546544417e+01 8.032454749930734579e+02 7.437981803396363034e+01 2.618815838164411502e+02
2.213372398546544417e+01 8.032454749930734579e+02 7.437981803396363034e+01 2.618815838164411502e+02
2.213372398546544417e+01 8.032454749930734579e+02 7.437981803396363034e+01 2.618815838164411502e+02
2.213372398546544417e+01 8.032454749930734579e+02 7.437981803396363034e+01 2.618815838164411502e+02
2.213372398546544417e+01 8.032454749930734579e+02 7.437981803396363034e+01 2.618815838164411502e+02
2.213372398546544417e+01 8.032454749930734579e+02 7.437981803396363034e+01 2.618815838164411502e+02
2.213372398546544417e+01 8.032454749930734579e+02 7.437981803396363034e+01 2.618815838164411502e+02
2.213372398546544417e+01 8.032454749930734579e+02 7.437981803396363034e+01 2.618815838164411502e+02
2.213372398546544417e+01 8.032454749930734579e+02 7.437981803396363034e+01 2.618815838164411502e+02
2.213372398546544417e+01 8.032454749930734579e+02 7.437981803396363034e+01 2.618815838164411502e+02
2.198552425031564894e+01 8.043817273262092158e+02 7.450713168292571709e+01 2.635252919069554309e+02
2.198552425031564894e+01 8.043817273262092158e+02 7.450713168292571709e+01 2.635252919069554309e+02
2.198552425031564894e+01 8.043817273262092158e+02 7.450713168292571709e+01 2.635252919069554309e+02
2.198552425031564894e+01 8.043817273262092158e+02 7.450713168292571709e+01 2.635252919069554309e+02
2.198552425031564894e+01 8.043817273262092158e+02 7.450713168292571709e+01 2.635252919069554309e+02
2.198552425031564894e+01 8.043817273262092158e+02 7.450713168292571709e+01 2.635252919069554309e+02
2.198552425031564894e+01 8.043817273262092158e+02 7.450713168292571709e+01 2.635252919069554309e+02
2.198552425031564894e+01 8.043817273262092158e+02 7.450713168292571709e+01 2.635252919069554309e+02
2.198552425031564894e+01 8.043817273262092158e+02 7.450713168292571709e+01 2.635252919069554309e+02
2.198552425031564894e+01 8.043817273262092158e+02 7.450713168292571709e+01 2.635252919069554309e+02
2.198552425031564894e+01 8.043817273262092158e+02 7.450713168292571709e+01 2.635252919069554309e+02
2.198552425031564894e+01 8.043817273262092158e+02 7.450713168292571709e+01 2.635252919069554309e+02
2.198552425031564894e+01 8.043817273262092158e+02 7.450713168292571709e+01 2.635252919069554309e+02
2.198552425031564894e+01 8.043817273262092158e+02 7.450713168292571709e+01 2.635252919069554309e+02
2.198552425031564894e+01 8.043817273262092158e+02 7.450713168292571709e+01 2.635252919069554309e+02
2.198552425031564894e+01 8.043817273262092158e+02 7.450713168292571709e+01 2.635252919069554309e+02
2.198552425031564894e+01 8.043817273262092158e+02 7.450713168292571709e+01 2.635252919069554309e+02
2.198552425031564894e+01 8.043817273262092158e+02 7.450713168292571709e+01 2.635252919069554309e+02
2.198552425031564894e+01 8.043817273262092158e+02 7.450713168292571709e+01 2.635252919069554309e+02
2.198552425031564894e+01 8.043817273262092158e+02 7.450713168292571709e+01 2.635252919069554309e+02
2.198552425031564894e+01 8.043817273262092158e+02 7.450713168292571709e+01 2.635252919069554309e+02
2.198552425031564894e+01 8.043817273262092158e+02 7.450713168292571709e+01 2.635252919069554309e+02
2.198552425031564894e+01 8.043817273262092158e+02 7.450713168292571709e+01 2.635252919069554309e+02
2.198552425031564894e+01 8.043817273262092158e+02 7.450713168292571709e+01 2.635252919069554309e+02
2.198552425031564894e+01 8.043817273262092158e+02 7.450713168292571709e+01 2.635252919069554309e+02
2.196105673978055250e+01 8.037064083627982427e+02 7.456186006068381289e+01 2.611410104866058077e+02
2.196105673978055250e+01 8.037064083627982427e+02 7.456186006068381289e+01 2.611410104866058077e+02
2.196105673978055250e+01 8.037064083627982427e+02 7.456186006068381289e+01 2.611410104866058077e+02
2.196105673978055250e+01 8.037064083627982427e+02 7.456186006068381289e+01 2.611410104866058077e+02
2.196105673978055250e+01 8.037064083627982427e+02 7.456186006068381289e+01 2.611410104866058077e+02
2.196105673978055250e+01 8.037064083627982427e+02 7.456186006068381289e+01 2.611410104866058077e+02
2.196105673978055250e+01 8.037064083627982427e+02 7.456186006068381289e+01 2.611410104866058077e+02
2.196105673978055250e+01 8.037064083627982427e+02 7.456186006068381289e+01 2.611410104866058077e+02
2.196105673978055250e+01 8.037064083627982427e+02 7.456186006068381289e+01 2.611410104866058077e+02
2.196105673978055250e+01 8.037064083627982427e+02 7.456186006068381289e+01 2.611410104866058077e+02
2.196105673978055250e+01 8.037064083627982427e+02 7.456186006068381289e+01 2.611410104866058077e+02
2.196105673978055250e+01 8.037064083627982427e+02 7.456186006068381289e+01 2.611410104866058077e+02
2.196105673978055250e+01 8.037064083627982427e+02 7.456186006068381289e+01 2.611410104866058077e+02
2.196105673978055250e+01 8.037064083627982427e+02 7.456186006068381289e+01 2.611410104866058077e+02
2.196105673978055250e+01 8.037064083627982427e+02 7.456186006068381289e+01 2.611410104866058077e+02
2.196105673978055250e+01 8.037064083627982427e+02 7.456186006068381289e+01 2.611410104866058077e+02
2.196105673978055250e+01 8.037064083627982427e+02 7.456186006068381289e+01 2.611410104866058077e+02
2.196105673978055250e+01 8.037064083627982427e+02 7.456186006068381289e+01 2.611410104866058077e+02
2.196105673978055250e+01 8.037064083627982427e+02 7.456186006068381289e+01 2.611410104866058077e+02
2.196105673978055250e+01 8.037064083627982427e+02 7.456186006068381289e+01 2.611410104866058077e+02
2.196105673978055250e+01 8.037064083627982427e+02 7.456186006068381289e+01 2.611410104866058077e+02
2.196105673978055250e+01 8.037064083627982427e+02 7.456186006068381289e+01 2.611410104866058077e+02
2.196105673978055250e+01 8.037064083627982427e+02 7.456186006068381289e+01 2.611410104866058077e+02
2.196105673978055250e+01 8.037064083627982427e+02 7.456186006068381289e+01 2.611410104866058077e+02
2.196105673978055250e+01 8.037064083627982427e+02 7.456186006068381289e+01 2.611410104866058077e+02
2.196105673978055250e+01 8.037064083627982427e+02 7.456186006068381289e+01 2.611410104866058077e+02
2.196105673978055250e+01 8.037064083627982427e+02 7.456186006068381289e+01 2.611410104866058077e+02
2.196105673978055250e+01 8.037064083627982427e+02 7.456186006068381289e+01 2.611410104866058077e+02
2.196105673978055250e+01 8.037064083627982427e+02 7.456186006068381289e+01 2.611410104866058077e+02
2.196105673978055250e+01 8.037064083627982427e+02 7.456186006068381289e+01 2.611410104866058077e+02
2.196105673978055250e+01 8.037064083627982427e+02 7.456186006068381289e+01 2.611410104866058077e+02
2.196105673978055250e+01 8.037064083627982427e+02 7.456186006068381289e+01 2.611410104866058077e+02
2.196105673978055250e+01 8.037064083627982427e+02 7.456186006068381289e+01 2.611410104866058077e+02
2.196105673978055250e+01 8.037064083627982427e+02 7.456186006068381289e+01 2.611410104866058077e+02
2.207496391983483264e+01 8.031249774195682676e+02 7.451602698509576328e+01 2.584259675904882556e+02
2.207496391983483264e+01 8.031249774195682676e+02 7.451602698509576328e+01 2.584259675904882556e+02
2.207496391983483264e+01 8.031249774195682676e+02 7.451602698509576328e+01 2.584259675904882556e+02
2.207496391983483264e+01 8.031249774195682676e+02 7.451602698509576328e+01 2.584259675904882556e+02
2.207496391983483264e+01 8.031249774195682676e+02 7.451602698509576328e+01 2.584259675904882556e+02
2.207496391983483264e+01 8.031249774195682676e+02 7.451602698509576328e+01 2.584259675904882556e+02
2.207496391983483264e+01 8.031249774195682676e+02 7.451602698509576328e+01 2.584259675904882556e+02
2.207496391983483264e+01 8.031249774195682676e+02 7.451602698509576328e+01 2.584259675904882556e+02
2.207496391983483264e+01 8.031249774195682676e+02 7.451602698509576328e+01 2.584259675904882556e+02
2.207496391983483264e+01 8.031249774195682676e+02 7.451602698509576328e+01 2.584259675904882556e+02
2.207496391983483264e+01 8.031249774195682676e+02 7.451602698509576328e+01 2.584259675904882556e+02
2.207496391983483264e+01 8.031249774195682676e+02 7.451602698509576328e+01 2.584259675904882556e+02
2.207496391983483264e+01 8.031249774195682676e+02 7.451602698509576328e+01 2.584259675904882556e+02
2.207496391983483264e+01 8.031249774195682676e+02 7.451602698509576328e+01 2.584259675904882556e+02
2.207496391983483264e+01 8.031249774195682676e+02 7.451602698509576328e+01 2.584259675904882556e+02
2.207496391983483264e+01 8.031249774195682676e+02 7.451602698509576328e+01 2.584259675904882556e+02
2.207496391983483264e+01 8.031249774195682676e+02 7.451602698509576328e+01 2.584259675904882556e+02
2.207496391983483264e+01 8.031249774195682676e+02 7.451602698509576328e+01 2.584259675904882556e+02
2.207496391983483264e+01 8.031249774195682676e+02 7.451602698509576328e+01 2.584259675904882556e+02
2.207496391983483264e+01 8.031249774195682676e+02 7.451602698509576328e+01 2.584259675904882556e+02
2.207496391983483264e+01 8.031249774195682676e+02 7.451602698509576328e+01 2.584259675904882556e+02
2.207496391983483264e+01 8.031249774195682676e+02 7.451602698509576328e+01 2.584259675904882556e+02
2.207496391983483264e+01 8.031249774195682676e+02 7.451602698509576328e+01 2.584259675904882556e+02
2.207496391983483264e+01 8.031249774195682676e+02 7.451602698509576328e+01 2.584259675904882556e+02
2.207496391983483264e+01 8.031249774195682676e+02 7.451602698509576328e+01 2.584259675904882556e+02
2.207496391983483264e+01 8.031249774195682676e+02 7.451602698509576328e+01 2.584259675904882556e+02
2.207496391983483264e+01 8.031249774195682676e+02 7.451602698509576328e+01 2.584259675904882556e+02
2.207496391983483264e+01 8.031249774195682676e+02 7.451602698509576328e+01 2.584259675904882556e+02
2.207496391983483264e+01 8.031249774195682676e+02 7.451602698509576328e+01 2.584259675904882556e+02
2.185649415296269282e+01 8.042645252708106227e+02 7.486040937339804202e+01 2.583317026979744924e+02
2.185649415296269282e+01 8.042645252708106227e+02 7.486040937339804202e+01 2.583317026979744924e+02
2.185649415296269282e+01 8.042645252708106227e+02 7.486040937339804202e+01 2.583317026979744924e+02
2.185649415296269282e+01 8.042645252708106227e+02 7.486040937339804202e+01 2.583317026979744924e+02
2.183783202476377383e+01 8.016925057404208701e+02 7.452874562755498289e+01 2.586821217539110762e+02
2.183783202476377383e+01 8.016925057404208701e+02 7.452874562755498289e+01 2.586821217539110762e+02
2.183783202476377383e+01 8.016925057404208701e+02 7.452874562755498289e+01 2.586821217539110762e+02
2.183783202476377383e+01 8.016925057404208701e+02 7.452874562755498289e+01 2.586821217539110762e+02
2.183783202476377383e+01 8.016925057404208701e+02 7.452874562755498289e+01 2.586821217539110762e+02
2.183783202476377383e+01 8.016925057404208701e+02 7.452874562755498289e+01 2.586821217539110762e+02
2.183783202476377383e+01 8.016925057404208701e+02 7.452874562755498289e+01 2.586821217539110762e+02
2.183783202476377383e+01 8.016925057404208701e+02 7.452874562755498289e+01 2.586821217539110762e+02
2.183783202476377383e+01 8.016925057404208701e+02 7.452874562755498289e+01 2.586821217539110762e+02
2.183783202476377383e+01 8.016925057404208701e+02 7.452874562755498289e+01 2.586821217539110762e+02
2.183783202476377383e+01 8.016925057404208701e+02 7.452874562755498289e+01 2.586821217539110762e+02
2.183783202476377383e+01 8.016925057404208701e+02 7.452874562755498289e+01 2.586821217539110762e+02
2.183783202476377383e+01 8.016925057404208701e+02 7.452874562755498289e+01 2.586821217539110762e+02
2.183783202476377383e+01 8.016925057404208701e+02 7.452874562755498289e+01 2.586821217539110762e+02
2.183783202476377383e+01 8.016925057404208701e+02 7.452874562755498289e+01 2.586821217539110762e+02
2.183783202476377383e+01 8.016925057404208701e+02 7.452874562755498289e+01 2.586821217539110762e+02
2.183783202476377383e+01 8.016925057404208701e+02 7.452874562755498289e+01 2.586821217539110762e+02
2.183783202476377383e+01 8.016925057404208701e+02 7.452874562755498289e+01 2.586821217539110762e+02
2.183783202476377383e+01 8.016925057404208701e+02 7.452874562755498289e+01 2.586821217539110762e+02
2.183783202476377383e+01 8.016925057404208701e+02 7.452874562755498289e+01 2.586821217539110762e+02
2.183783202476377383e+01 8.016925057404208701e+02 7.452874562755498289e+01 2.586821217539110762e+02
2.183783202476377383e+01 8.016925057404208701e+02 7.452874562755498289e+01 2.586821217539110762e+02
2.183783202476377383e+01 8.016925057404208701e+02 7.452874562755498289e+01 2.586821217539110762e+02
2.183783202476377383e+01 8.016925057404208701e+02 7.452874562755498289e+01 2.586821217539110762e+02
2.183783202476377383e+01 8.016925057404208701e+02 7.452874562755498289e+01 2.586821217539110762e+02
2.183783202476377383e+01 8.016925057404208701e+02 7.452874562755498289e+01 2.586821217539110762e+02
2.183783202476377383e+01 8.016925057404208701e+02 7.452874562755498289e+01 2.586821217539110762e+02
2.183783202476377383e+01 8.016925057404208701e+02 7.452874562755498289e+01 2.586821217539110762e+02
2.183783202476377383e+01 8.016925057404208701e+02 7.452874562755498289e+01 2.586821217539110762e+02
2.183783202476377383e+01 8.016925057404208701e+02 7.452874562755498289e+01 2.586821217539110762e+02
2.183783202476377383e+01 8.016925057404208701e+02 7.452874562755498289e+01 2.586821217539110762e+02
2.183783202476377383e+01 8.016925057404208701e+02 7.452874562755498289e+01 2.586821217539110762e+02
2.183783202476377383e+01 8.016925057404208701e+02 7.452874562755498289e+01 2.586821217539110762e+02
2.183783202476377383e+01 8.016925057404208701e+02 7.452874562755498289e+01 2.586821217539110762e+02
2.183783202476377383e+01 8.016925057404208701e+02 7.452874562755498289e+01 2.586821217539110762e+02
2.183783202476377383e+01 8.016925057404208701e+02 7.452874562755498289e+01 2.586821217539110762e+02
2.183783202476377383e+01 8.016925057404208701e+02 7.452874562755498289e+01 2.586821217539110762e+02
2.183783202476377383e+01 8.016925057404208701e+02 7.452874562755498289e+01 2.586821217539110762e+02
2.183783202476377383e+01 8.016925057404208701e+02 7.452874562755498289e+01 2.586821217539110762e+02
2.183783202476377383e+01 8.016925057404208701e+02 7.452874562755498289e+01 2.586821217539110762e+02
2.183783202476377383e+01 8.016925057404208701e+02 7.452874562755498289e+01 2.586821217539110762e+02
2.183783202476377383e+01 8.016925057404208701e+02 7.452874562755498289e+01 2.586821217539110762e+02
2.183783202476377383e+01 8.016925057404208701e+02 7.452874562755498289e+01 2.586821217539110762e+02
2.183783202476377383e+01 8.016925057404208701e+02 7.452874562755498289e+01 2.586821217539110762e+02
2.183783202476377383e+01 8.016925057404208701e+02 7.452874562755498289e+01 2.586821217539110762e+02
2.183783202476377383e+01 8.016925057404208701e+02 7.452874562755498289e+01 2.586821217539110762e+02
2.183783202476377383e+01 8.016925057404208701e+02 7.452874562755498289e+01 2.586821217539110762e+02
2.183783202476377383e+01 8.016925057404208701e+02 7.452874562755498289e+01 2.586821217539110762e+02
2.183783202476377383e+01 8.016925057404208701e+02 7.452874562755498289e+01 2.586821217539110762e+02
2.183783202476377383e+01 8.016925057404208701e+02 7.452874562755498289e+01 2.586821217539110762e+02
2.183783202476377383e+01 8.016925057404208701e+02 7.452874562755498289e+01 2.586821217539110762e+02
2.183783202476377383e+01 8.016925057404208701e+02 7.452874562755498289e+01 2.586821217539110762e+02
2.183783202476377383e+01 8.016925057404208701e+02 7.452874562755498289e+01 2.586821217539110762e+02
2.183783202476377383e+01 8.016925057404208701e+02 7.452874562755498289e+01 2.586821217539110762e+02
2.183783202476377383e+01 8.016925057404208701e+02 7.452874562755498289e+01 2.586821217539110762e+02
2.183783202476377383e+01 8.016925057404208701e+02 7.452874562755498289e+01 2.586821217539110762e+02
2.183783202476377383e+01 8.016925057404208701e+02 7.452874562755498289e+01 2.586821217539110762e+02
2.183783202476377383e+01 8.016925057404208701e+02 7.452874562755498289e+01 2.586821217539110762e+02
2.183783202476377383e+01 8.016925057404208701e+02 7.452874562755498289e+01 2.586821217539110762e+02
2.183783202476377383e+01 8.016925057404208701e+02 7.452874562755498289e+01 2.586821217539110762e+02
2.183783202476377383e+01 8.016925057404208701e+02 7.452874562755498289e+01 2.586821217539110762e+02
2.183783202476377383e+01 8.016925057404208701e+02 7.452874562755498289e+01 2.586821217539110762e+02
2.183783202476377383e+01 8.016925057404208701e+02 7.452874562755498289e+01 2.586821217539110762e+02
2.183783202476377383e+01 8.016925057404208701e+02 7.452874562755498289e+01 2.586821217539110762e+02
2.183783202476377383e+01 8.016925057404208701e+02 7.452874562755498289e+01 2.586821217539110762e+02
2.184801986863990919e+01 8.030957229627884999e+02 7.457487051764236696e+01 2.548712537332280590e+02
2.184801986863990919e+01 8.030957229627884999e+02 7.457487051764236696e+01 2.548712537332280590e+02
2.184801986863990919e+01 8.030957229627884999e+02 7.457487051764236696e+01 2.548712537332280590e+02
2.184801986863990919e+01 8.030957229627884999e+02 7.457487051764236696e+01 2.548712537332280590e+02
2.184801986863990919e+01 8.030957229627884999e+02 7.457487051764236696e+01 2.548712537332280590e+02
2.184801986863990919e+01 8.030957229627884999e+02 7.457487051764236696e+01 2.548712537332280590e+02
2.184801986863990919e+01 8.030957229627884999e+02 7.457487051764236696e+01 2.548712537332280590e+02
2.184801986863990919e+01 8.030957229627884999e+02 7.457487051764236696e+01 2.548712537332280590e+02
2.184801986863990919e+01 8.030957229627884999e+02 7.457487051764236696e+01 2.548712537332280590e+02
2.184801986863990919e+01 8.030957229627884999e+02 7.457487051764236696e+01 2.548712537332280590e+02
2.184801986863990919e+01 8.030957229627884999e+02 7.457487051764236696e+01 2.548712537332280590e+02
2.184801986863990919e+01 8.030957229627884999e+02 7.457487051764236696e+01 2.548712537332280590e+02
2.184801986863990919e+01 8.030957229627884999e+02 7.457487051764236696e+01 2.548712537332280590e+02
2.184801986863990919e+01 8.030957229627884999e+02 7.457487051764236696e+01 2.548712537332280590e+02
2.184801986863990919e+01 8.030957229627884999e+02 7.457487051764236696e+01 2.548712537332280590e+02
2.184801986863990919e+01 8.030957229627884999e+02 7.457487051764236696e+01 2.548712537332280590e+02
2.184801986863990919e+01 8.030957229627884999e+02 7.457487051764236696e+01 2.548712537332280590e+02
2.184801986863990919e+01 8.030957229627884999e+02 7.457487051764236696e+01 2.548712537332280590e+02
2.184801986863990919e+01 8.030957229627884999e+02 7.457487051764236696e+01 2.548712537332280590e+02
2.184801986863990919e+01 8.030957229627884999e+02 7.457487051764236696e+01 2.548712537332280590e+02
2.184801986863990919e+01 8.030957229627884999e+02 7.457487051764236696e+01 2.548712537332280590e+02
2.184801986863990919e+01 8.030957229627884999e+02 7.457487051764236696e+01 2.548712537332280590e+02
2.184801986863990919e+01 8.030957229627884999e+02 7.457487051764236696e+01 2.548712537332280590e+02
2.184801986863990919e+01 8.030957229627884999e+02 7.457487051764236696e+01 2.548712537332280590e+02
2.184801986863990919e+01 8.030957229627884999e+02 7.457487051764236696e+01 2.548712537332280590e+02
2.184801986863990919e+01 8.030957229627884999e+02 7.457487051764236696e+01 2.548712537332280590e+02
2.184801986863990919e+01 8.030957229627884999e+02 7.457487051764236696e+01 2.548712537332280590e+02
2.184801986863990919e+01 8.030957229627884999e+02 7.457487051764236696e+01 2.548712537332280590e+02
2.184801986863990919e+01 8.030957229627884999e+02 7.457487051764236696e+01 2.548712537332280590e+02
2.184801986863990919e+01 8.030957229627884999e+02 7.457487051764236696e+01 2.548712537332280590e+02
2.184801986863990919e+01 8.030957229627884999e+02 7.457487051764236696e+01 2.548712537332280590e+02
2.184801986863990919e+01 8.030957229627884999e+02 7.457487051764236696e+01 2.548712537332280590e+02
2.184801986863990919e+01 8.030957229627884999e+02 7.457487051764236696e+01 2.548712537332280590e+02
2.184801986863990919e+01 8.030957229627884999e+02 7.457487051764236696e+01 2.548712537332280590e+02
2.184801986863990919e+01 8.030957229627884999e+02 7.457487051764236696e+01 2.548712537332280590e+02
2.184801986863990919e+01 8.030957229627884999e+02 7.457487051764236696e+01 2.548712537332280590e+02
2.184801986863990919e+01 8.030957229627884999e+02 7.457487051764236696e+01 2.548712537332280590e+02
2.184801986863990919e+01 8.030957229627884999e+02 7.457487051764236696e+01 2.548712537332280590e+02
2.184801986863990919e+01 8.030957229627884999e+02 7.457487051764236696e+01 2.548712537332280590e+02
2.184801986863990919e+01 8.030957229627884999e+02 7.457487051764236696e+01 2.548712537332280590e+02
2.184801986863990919e+01 8.030957229627884999e+02 7.457487051764236696e+01 2.548712537332280590e+02
2.184801986863990919e+01 8.030957229627884999e+02 7.457487051764236696e+01 2.548712537332280590e+02
2.184801986863990919e+01 8.030957229627884999e+02 7.457487051764236696e+01 2.548712537332280590e+02
2.184801986863990919e+01 8.030957229627884999e+02 7.457487051764236696e+01 2.548712537332280590e+02
2.184801986863990919e+01 8.030957229627884999e+02 7.457487051764236696e+01 2.548712537332280590e+02
2.184801986863990919e+01 8.030957229627884999e+02 7.457487051764236696e+01 2.548712537332280590e+02
2.184801986863990919e+01 8.030957229627884999e+02 7.457487051764236696e+01 2.548712537332280590e+02
2.184801986863990919e+01 8.030957229627884999e+02 7.457487051764236696e+01 2.548712537332280590e+02
2.184801986863990919e+01 8.030957229627884999e+02 7.457487051764236696e+01 2.548712537332280590e+02
2.184801986863990919e+01 8.030957229627884999e+02 7.457487051764236696e+01 2.548712537332280590e+02
2.184801986863990919e+01 8.030957229627884999e+02 7.457487051764236696e+01 2.548712537332280590e+02
2.184801986863990919e+01 8.030957229627884999e+02 7.457487051764236696e+01 2.548712537332280590e+02
2.184801986863990919e+01 8.030957229627884999e+02 7.457487051764236696e+01 2.548712537332280590e+02
