4.675738581542040265e+03 3.116505190629210574e+03 2.868843712082508486e+06 2.482584326959593568e+01
4.675738581542040265e+03 3.116505190629210574e+03 2.868843712082508486e+06 2.482584326959593568e+01
4.675738581542040265e+03 3.116505190629210574e+03 2.868843712082508486e+06 2.482584326959593568e+01
3.757457806555372372e+03 2.495964096111470553e+03 2.437809115626879502e+06 2.482584326959593568e+01
3.622295896521661689e+03 2.398896972050065415e+03 2.424129499885433819e+06 2.482584326959593568e+01
3.603085321142703378e+03 2.411705755020730066e+03 2.218908314869063441e+06 2.482584326959593568e+01
3.444996641304383047e+03 2.305839029657010087e+03 2.176301991932854056e+06 2.482584326959593568e+01
3.257040114973442542e+03 2.190816908279820382e+03 2.129431931828875560e+06 2.482584326959593568e+01
3.198235376073911993e+03 2.161518012955209542e+03 2.151545234151112381e+06 2.482584326959593568e+01
3.198235376073911993e+03 2.161518012955209542e+03 2.151545234151112381e+06 2.482584326959593568e+01
3.196925567636300002e+03 2.160966662823649585e+03 2.136338387237715535e+06 2.482584326959593568e+01
3.209036062633198526e+03 2.170716572890949919e+03 2.122919842170685995e+06 2.482584326959593568e+01
3.130737147389334496e+03 2.121054702467873085e+03 2.101151674551466946e+06 2.482584326959593568e+01
2.495488010368922914e+03 1.740046819251620718e+03 1.872754729714828543e+06 2.482584326959593568e+01
2.315206090190423765e+03 1.640843351119799081e+03 1.790688067347126780e+06 2.482584326959593568e+01
2.038028874089051897e+03 1.480966963600015106e+03 1.699316864530269988e+06 2.482584326959593568e+01
2.038028874089051897e+03 1.480966963600015106e+03 1.699316864530269988e+06 2.482584326959593568e+01
1.277080351446824125e+03 1.105948594030924596e+03 1.384674054788776208e+06 2.482584326959593568e+01
1.102725790946132520e+03 1.020840903507271150e+03 1.180560401249310700e+06 2.482584326959593568e+01
9.193654687858592069e+02 9.438141089879159153e+02 9.401849086420278763e+05 2.482584326959593568e+01
9.193654687858592069e+02 9.438141089879159153e+02 9.401849086420278763e+05 2.482584326959593568e+01
7.697927427988009867e+02 8.957714249891641884e+02 8.841530778234836180e+05 2.481442361417723674e+01
6.642371204651827838e+02 8.456720828657195170e+02 8.248927858712640591e+05 2.487595225923055153e+01
6.013810637697501988e+02 8.277195567859450875e+02 7.910971901775732404e+05 2.482790084450427059e+01
6.013810637697501988e+02 8.277195567859450875e+02 7.910971901775732404e+05 2.482790084450427059e+01
5.655689014827099754e+02 7.799107400693786758e+02 7.806096602759876987e+05 2.473415814108290078e+01
5.346633159705780827e+02 7.783426960680041020e+02 7.727839504676759243e+05 2.469238396835537230e+01
4.427178890107766165e+02 7.107218351433872385e+02 7.304040845338343643e+05 2.484072717741788239e+01
4.427178890107766165e+02 7.107218351433872385e+02 7.304040845338343643e+05 2.484072717741788239e+01
3.469482137774115245e+02 7.174199260780891336e+02 6.149251667442598846e+05 2.483083432648644617e+01
1.590178161867960682e+02 5.090830507643730698e+02 4.907876998517177417e+05 2.471581850000467995e+01
8.360193389126023078e+01 4.984615082084712299e+02 3.776565818921790342e+05 2.564103462272768041e+01
8.360193389126023078e+01 4.984615082084712299e+02 3.776565818921790342e+05 2.564103462272768041e+01
8.286195949934349869e+01 4.646400368669710019e+02 3.733802640265574446e+05 2.532337380152791440e+01
6.597834901901148896e+01 4.561956648334869442e+02 3.450523901094268658e+05 2.750063063500367733e+01
6.597834901901148896e+01 4.561956648334869442e+02 3.450523901094268658e+05 2.750063063500367733e+01
4.720638078699518303e+01 4.441679024202833261e+02 2.697811298125271569e+05 2.964353427216867232e+01
4.747365815752149132e+01 3.790699851696795122e+02 2.741518451143002603e+05 3.077591350234875378e+01
4.747365815752149132e+01 3.790699851696795122e+02 2.741518451143002603e+05 3.077591350234875378e+01
4.747365815752149132e+01 3.790699851696795122e+02 2.741518451143002603e+05 3.077591350234875378e+01
4.283629298849849931e+01 4.130250794522754063e+02 2.754129225076891598e+05 2.943275307876903568e+01
4.745427270996082569e+01 3.676652978095737581e+02 2.798660528552898322e+05 2.800092527159743483e+01
4.745427270996082569e+01 3.676652978095737581e+02 2.798660528552898322e+05 2.800092527159743483e+01
4.745427270996082569e+01 3.676652978095737581e+02 2.798660528552898322e+05 2.800092527159743483e+01
4.745427270996082569e+01 3.676652978095737581e+02 2.798660528552898322e+05 2.800092527159743483e+01
4.745427270996082569e+01 3.676652978095737581e+02 2.798660528552898322e+05 2.800092527159743483e+01
4.745427270996082569e+01 3.676652978095737581e+02 2.798660528552898322e+05 2.800092527159743483e+01
4.745427270996082569e+01 3.676652978095737581e+02 2.798660528552898322e+05 2.800092527159743483e+01
4.745427270996082569e+01 3.676652978095737581e+02 2.798660528552898322e+05 2.800092527159743483e+01
4.457094902764423949e+01 3.737601235718718726e+02 2.700126447658879915e+05 2.749788867887042443e+01
4.457094902764423949e+01 3.737601235718718726e+02 2.700126447658879915e+05 2.749788867887042443e+01
4.457094902764423949e+01 3.737601235718718726e+02 2.700126447658879915e+05 2.749788867887042443e+01
4.457094902764423949e+01 3.737601235718718726e+02 2.700126447658879915e+05 2.749788867887042443e+01
4.457094902764423949e+01 3.737601235718718726e+02 2.700126447658879915e+05 2.749788867887042443e+01
4.457094902764423949e+01 3.737601235718718726e+02 2.700126447658879915e+05 2.749788867887042443e+01
4.457094902764423949e+01 3.737601235718718726e+02 2.700126447658879915e+05 2.749788867887042443e+01
4.457094902764423949e+01 3.737601235718718726e+02 2.700126447658879915e+05 2.749788867887042443e+01
4.235791394835475643e+01 3.466200713114140513e+02 2.330840681761485175e+05 3.407263520509198429e+01
3.454961704886282092e+01 3.618804930127375314e+02 2.334602668152204715e+05 3.365762333164585840e+01
3.454961704886282092e+01 3.618804930127375314e+02 2.334602668152204715e+05 3.365762333164585840e+01
3.454961704886282092e+01 3.618804930127375314e+02 2.334602668152204715e+05 3.365762333164585840e+01
3.454961704886282092e+01 3.618804930127375314e+02 2.334602668152204715e+05 3.365762333164585840e+01
3.454961704886282092e+01 3.618804930127375314e+02 2.334602668152204715e+05 3.365762333164585840e+01
3.454961704886282092e+01 3.618804930127375314e+02 2.334602668152204715e+05 3.365762333164585840e+01
3.454961704886282092e+01 3.618804930127375314e+02 2.334602668152204715e+05 3.365762333164585840e+01
3.454961704886282092e+01 3.618804930127375314e+02 2.334602668152204715e+05 3.365762333164585840e+01
3.454961704886282092e+01 3.618804930127375314e+02 2.334602668152204715e+05 3.365762333164585840e+01
3.454961704886282092e+01 3.618804930127375314e+02 2.334602668152204715e+05 3.365762333164585840e+01
3.454961704886282092e+01 3.618804930127375314e+02 2.334602668152204715e+05 3.365762333164585840e+01
3.454961704886282092e+01 3.618804930127375314e+02 2.334602668152204715e+05 3.365762333164585840e+01
3.454961704886282092e+01 3.618804930127375314e+02 2.334602668152204715e+05 3.365762333164585840e+01
3.454961704886282092e+01 3.618804930127375314e+02 2.334602668152204715e+05 3.365762333164585840e+01
3.857155090855728474e+01 2.646019337041274184e+02 1.754912840181252977e+05 4.423393392972631233e+01
3.857155090855728474e+01 2.646019337041274184e+02 1.754912840181252977e+05 4.423393392972631233e+01
3.857155090855728474e+01 2.646019337041274184e+02 1.754912840181252977e+05 4.423393392972631233e+01
3.857155090855728474e+01 2.646019337041274184e+02 1.754912840181252977e+05 4.423393392972631233e+01
3.782811668739479671e+01 2.673486213160581428e+02 1.644624217277263815e+05 4.597856801339384702e+01
3.782811668739479671e+01 2.673486213160581428e+02 1.644624217277263815e+05 4.597856801339384702e+01
3.631222044840464491e+01 2.663440351402564374e+02 1.784062636204622104e+05 3.840284370605967723e+01
3.631222044840464491e+01 2.663440351402564374e+02 1.784062636204622104e+05 3.840284370605967723e+01
3.631222044840464491e+01 2.663440351402564374e+02 1.784062636204622104e+05 3.840284370605967723e+01
3.631222044840464491e+01 2.663440351402564374e+02 1.784062636204622104e+05 3.840284370605967723e+01
3.631222044840464491e+01 2.663440351402564374e+02 1.784062636204622104e+05 3.840284370605967723e+01
3.631222044840464491e+01 2.663440351402564374e+02 1.784062636204622104e+05 3.840284370605967723e+01
3.631222044840464491e+01 2.663440351402564374e+02 1.784062636204622104e+05 3.840284370605967723e+01
3.631222044840464491e+01 2.663440351402564374e+02 1.784062636204622104e+05 3.840284370605967723e+01
3.631222044840464491e+01 2.663440351402564374e+02 1.784062636204622104e+05 3.840284370605967723e+01
3.631222044840464491e+01 2.663440351402564374e+02 1.784062636204622104e+05 3.840284370605967723e+01
3.631222044840464491e+01 2.663440351402564374e+02 1.784062636204622104e+05 3.840284370605967723e+01
3.631222044840464491e+01 2.663440351402564374e+02 1.784062636204622104e+05 3.840284370605967723e+01
3.631222044840464491e+01 2.663440351402564374e+02 1.784062636204622104e+05 3.840284370605967723e+01
3.631222044840464491e+01 2.663440351402564374e+02 1.784062636204622104e+05 3.840284370605967723e+01
3.631222044840464491e+01 2.663440351402564374e+02 1.784062636204622104e+05 3.840284370605967723e+01
3.515000552031688130e+01 2.938081616286445410e+02 1.366686211869114195e+05 4.147016833436247651e+01
3.515000552031688130e+01 2.938081616286445410e+02 1.366686211869114195e+05 4.147016833436247651e+01
3.515000552031688130e+01 2.938081616286445410e+02 1.366686211869114195e+05 4.147016833436247651e+01
3.515000552031688130e+01 2.938081616286445410e+02 1.366686211869114195e+05 4.147016833436247651e+01
3.515000552031688130e+01 2.938081616286445410e+02 1.366686211869114195e+05 4.147016833436247651e+01
3.515000552031688130e+01 2.938081616286445410e+02 1.366686211869114195e+05 4.147016833436247651e+01
3.515000552031688130e+01 2.938081616286445410e+02 1.366686211869114195e+05 4.147016833436247651e+01
3.515000552031688130e+01 2.938081616286445410e+02 1.366686211869114195e+05 4.147016833436247651e+01
3.515000552031688130e+01 2.938081616286445410e+02 1.366686211869114195e+05 4.147016833436247651e+01
3.515000552031688130e+01 2.938081616286445410e+02 1.366686211869114195e+05 4.147016833436247651e+01
3.515000552031688130e+01 2.938081616286445410e+02 1.366686211869114195e+05 4.147016833436247651e+01
3.515000552031688130e+01 2.938081616286445410e+02 1.366686211869114195e+05 4.147016833436247651e+01
3.515000552031688130e+01 2.938081616286445410e+02 1.366686211869114195e+05 4.147016833436247651e+01
3.515000552031688130e+01 2.938081616286445410e+02 1.366686211869114195e+05 4.147016833436247651e+01
3.515000552031688130e+01 2.938081616286445410e+02 1.366686211869114195e+05 4.147016833436247651e+01
3.515000552031688130e+01 2.938081616286445410e+02 1.366686211869114195e+05 4.147016833436247651e+01
3.515000552031688130e+01 2.938081616286445410e+02 1.366686211869114195e+05 4.147016833436247651e+01
3.515000552031688130e+01 2.938081616286445410e+02 1.366686211869114195e+05 4.147016833436247651e+01
3.515000552031688130e+01 2.938081616286445410e+02 1.366686211869114195e+05 4.147016833436247651e+01
3.515000552031688130e+01 2.938081616286445410e+02 1.366686211869114195e+05 4.147016833436247651e+01
3.515000552031688130e+01 2.938081616286445410e+02 1.366686211869114195e+05 4.147016833436247651e+01
3.515000552031688130e+01 2.938081616286445410e+02 1.366686211869114195e+05 4.147016833436247651e+01
3.515000552031688130e+01 2.938081616286445410e+02 1.366686211869114195e+05 4.147016833436247651e+01
3.515000552031688130e+01 2.938081616286445410e+02 1.366686211869114195e+05 4.147016833436247651e+01
3.515000552031688130e+01 2.938081616286445410e+02 1.366686211869114195e+05 4.147016833436247651e+01
3.515000552031688130e+01 2.938081616286445410e+02 1.366686211869114195e+05 4.147016833436247651e+01
3.515000552031688130e+01 2.938081616286445410e+02 1.366686211869114195e+05 4.147016833436247651e+01
3.515000552031688130e+01 2.938081616286445410e+02 1.366686211869114195e+05 4.147016833436247651e+01
3.515000552031688130e+01 2.938081616286445410e+02 1.366686211869114195e+05 4.147016833436247651e+01
3.515000552031688130e+01 2.938081616286445410e+02 1.366686211869114195e+05 4.147016833436247651e+01
3.515000552031688130e+01 2.938081616286445410e+02 1.366686211869114195e+05 4.147016833436247651e+01
3.515000552031688130e+01 2.938081616286445410e+02 1.366686211869114195e+05 4.147016833436247651e+01
3.515000552031688130e+01 2.938081616286445410e+02 1.366686211869114195e+05 4.147016833436247651e+01
3.515000552031688130e+01 2.938081616286445410e+02 1.366686211869114195e+05 4.147016833436247651e+01
3.515000552031688130e+01 2.938081616286445410e+02 1.366686211869114195e+05 4.147016833436247651e+01
3.682670672610094442e+01 2.389881259236946960e+02 9.128297977207806252e+04 5.843820929591796443e+01
3.682670672610094442e+01 2.389881259236946960e+02 9.128297977207806252e+04 5.843820929591796443e+01
3.661460408634111729e+01 2.322870467252067499e+02 9.114076199354411801e+04 5.731289354847393014e+01
3.664008256666401309e+01 2.486583666683724800e+02 9.857408501821951359e+04 4.823128501103369814e+01
3.664008256666401309e+01 2.486583666683724800e+02 9.857408501821951359e+04 4.823128501103369814e+01
3.679120100199918397e+01 2.344035353776633315e+02 9.403523785788056557e+04 4.850706691535242499e+01
3.679120100199918397e+01 2.344035353776633315e+02 9.403523785788056557e+04 4.850706691535242499e+01
3.679120100199918397e+01 2.344035353776633315e+02 9.403523785788056557e+04 4.850706691535242499e+01
3.679120100199918397e+01 2.344035353776633315e+02 9.403523785788056557e+04 4.850706691535242499e+01
3.679120100199918397e+01 2.344035353776633315e+02 9.403523785788056557e+04 4.850706691535242499e+01
3.679120100199918397e+01 2.344035353776633315e+02 9.403523785788056557e+04 4.850706691535242499e+01
3.679120100199918397e+01 2.344035353776633315e+02 9.403523785788056557e+04 4.850706691535242499e+01
3.679120100199918397e+01 2.344035353776633315e+02 9.403523785788056557e+04 4.850706691535242499e+01
3.679120100199918397e+01 2.344035353776633315e+02 9.403523785788056557e+04 4.850706691535242499e+01
3.679120100199918397e+01 2.344035353776633315e+02 9.403523785788056557e+04 4.850706691535242499e+01
3.679120100199918397e+01 2.344035353776633315e+02 9.403523785788056557e+04 4.850706691535242499e+01
3.679120100199918397e+01 2.344035353776633315e+02 9.403523785788056557e+04 4.850706691535242499e+01
3.679120100199918397e+01 2.344035353776633315e+02 9.403523785788056557e+04 4.850706691535242499e+01
3.679120100199918397e+01 2.344035353776633315e+02 9.403523785788056557e+04 4.850706691535242499e+01
3.679120100199918397e+01 2.344035353776633315e+02 9.403523785788056557e+04 4.850706691535242499e+01
3.679120100199918397e+01 2.344035353776633315e+02 9.403523785788056557e+04 4.850706691535242499e+01
3.610278192255010765e+01 2.225980144187913083e+02 9.331493587164534256e+04 5.217222080556549457e+01
3.610278192255010765e+01 2.225980144187913083e+02 9.331493587164534256e+04 5.217222080556549457e+01
3.718929581851556065e+01 2.203636247384137903e+02 8.938551266785203188e+04 4.696719349544829214e+01
3.725203759908345802e+01 2.019639917876270658e+02 6.746280395014323585e+04 6.297049762605973910e+01
3.761219008835438160e+01 1.937613876718075971e+02 6.498936567824552912e+04 6.685290739805668636e+01
3.761219008835438160e+01 1.937613876718075971e+02 6.498936567824552912e+04 6.685290739805668636e+01
3.709746416583444528e+01 1.341036383147284425e+02 3.957992169028978242e+04 7.958330551437337874e+01
3.709746416583444528e+01 1.341036383147284425e+02 3.957992169028978242e+04 7.958330551437337874e+01
3.321546548500312213e+01 1.271588306886451676e+02 2.604139289872093650e+04 1.033985112410344698e+02
3.713570415320039331e+01 1.133587775707185727e+02 2.321576158082027905e+04 9.378954063297477717e+01
3.311298890004547957e+01 1.190291384608830754e+02 1.733721621723025237e+04 1.048538960261162174e+02
3.256252196741165506e+01 1.221651150404943991e+02 1.702860559537946756e+04 9.720926614295517254e+01
3.256252196741165506e+01 1.221651150404943991e+02 1.702860559537946756e+04 9.720926614295517254e+01
3.261279973550273326e+01 9.497197550342869476e+01 6.700283190608462064e+03 1.746302424264012529e+02
3.457631133886466301e+01 8.279061011420797911e+01 5.095159693592330768e+03 1.849838556614646450e+02
3.136808005143891620e+01 1.208315104741260200e+02 4.529295961757866280e+03 1.183459739641600095e+02
3.247194201305892847e+01 1.029227143714413870e+02 2.658774562750107179e+03 1.517573893802955354e+02
3.247194201305892847e+01 1.029227143714413870e+02 2.658774562750107179e+03 1.517573893802955354e+02
3.199552585684269701e+01 1.061155220244413613e+02 2.625056823931181043e+03 1.491179681826507988e+02
3.199552585684269701e+01 1.061155220244413613e+02 2.625056823931181043e+03 1.491179681826507988e+02
3.199552585684269701e+01 1.061155220244413613e+02 2.625056823931181043e+03 1.491179681826507988e+02
3.199552585684269701e+01 1.061155220244413613e+02 2.625056823931181043e+03 1.491179681826507988e+02
3.199552585684269701e+01 1.061155220244413613e+02 2.625056823931181043e+03 1.491179681826507988e+02
3.244586306295142464e+01 1.047476554836715792e+02 2.471201428908218531e+03 1.492787839096109224e+02
3.244586306295142464e+01 1.047476554836715792e+02 2.471201428908218531e+03 1.492787839096109224e+02
3.165001289529551798e+01 1.170022885654188656e+02 2.599790119244046764e+03 1.261425922022434492e+02
2.868570404271644136e+01 1.356257274875281951e+02 2.533230039995091829e+03 1.100376631833493377e+02
2.971829721183819473e+01 1.337044733148066484e+02 1.449722614775213060e+03 1.195299881279123895e+02
2.971829721183819473e+01 1.337044733148066484e+02 1.449722614775213060e+03 1.195299881279123895e+02
3.003466598931474962e+01 1.326886976457084870e+02 1.386744251272318706e+03 1.150793513000781871e+02
2.845791649154412539e+01 1.446527990757330713e+02 1.463148384674310364e+03 1.024593172221326824e+02
3.257691942478378166e+01 1.454553042051493605e+02 9.143976485458458683e+02 8.707545311236312102e+01
3.257691942478378166e+01 1.454553042051493605e+02 9.143976485458458683e+02 8.707545311236312102e+01
3.257691942478378166e+01 1.454553042051493605e+02 9.143976485458458683e+02 8.707545311236312102e+01
3.257691942478378166e+01 1.454553042051493605e+02 9.143976485458458683e+02 8.707545311236312102e+01
3.257691942478378166e+01 1.454553042051493605e+02 9.143976485458458683e+02 8.707545311236312102e+01
3.257691942478378166e+01 1.454553042051493605e+02 9.143976485458458683e+02 8.707545311236312102e+01
3.046276870160253125e+01 1.544561173712450852e+02 8.781424160153570710e+02 8.220937145495827281e+01
3.046276870160253125e+01 1.544561173712450852e+02 8.781424160153570710e+02 8.220937145495827281e+01
3.046276870160253125e+01 1.544561173712450852e+02 8.781424160153570710e+02 8.220937145495827281e+01
3.046276870160253125e+01 1.544561173712450852e+02 8.781424160153570710e+02 8.220937145495827281e+01
3.046276870160253125e+01 1.544561173712450852e+02 8.781424160153570710e+02 8.220937145495827281e+01
3.046276870160253125e+01 1.544561173712450852e+02 8.781424160153570710e+02 8.220937145495827281e+01
3.046276870160253125e+01 1.544561173712450852e+02 8.781424160153570710e+02 8.220937145495827281e+01
3.046276870160253125e+01 1.544561173712450852e+02 8.781424160153570710e+02 8.220937145495827281e+01
2.915356278290745351e+01 1.486554036760808231e+02 7.395765337453991606e+02 8.609986250332376301e+01
2.915356278290745351e+01 1.486554036760808231e+02 7.395765337453991606e+02 8.609986250332376301e+01
2.998762937002494056e+01 1.270864499766534834e+02 4.215861829589612739e+02 1.001828403168756836e+02
2.998762937002494056e+01 1.270864499766534834e+02 4.215861829589612739e+02 1.001828403168756836e+02
2.998762937002494056e+01 1.270864499766534834e+02 4.215861829589612739e+02 1.001828403168756836e+02
2.943579771014487889e+01 1.268295643860349315e+02 4.249525460741762686e+02 1.002001232192950937e+02
2.943579771014487889e+01 1.268295643860349315e+02 4.249525460741762686e+02 1.002001232192950937e+02
2.943579771014487889e+01 1.268295643860349315e+02 4.249525460741762686e+02 1.002001232192950937e+02
2.943579771014487889e+01 1.268295643860349315e+02 4.249525460741762686e+02 1.002001232192950937e+02
2.943579771014487889e+01 1.268295643860349315e+02 4.249525460741762686e+02 1.002001232192950937e+02
2.967057159940733513e+01 1.324005810586801317e+02 4.141966485191130118e+02 9.704074133268522928e+01
2.967057159940733513e+01 1.324005810586801317e+02 4.141966485191130118e+02 9.704074133268522928e+01
3.244155348642045311e+01 1.145453293893223901e+02 3.957768273819337992e+02 1.060537376701973926e+02
3.270453379771080904e+01 1.083752686584101923e+02 4.422143399534975856e+02 9.756179445938148831e+01
3.270453379771080904e+01 1.083752686584101923e+02 4.422143399534975856e+02 9.756179445938148831e+01
3.270453379771080904e+01 1.083752686584101923e+02 4.422143399534975856e+02 9.756179445938148831e+01
3.270453379771080904e+01 1.083752686584101923e+02 4.422143399534975856e+02 9.756179445938148831e+01
3.254607437940462233e+01 1.128308002503950149e+02 4.218081331945413126e+02 9.277533710681836965e+01
3.008244201584414057e+01 1.320652328211590145e+02 3.855115383223662775e+02 8.942194094346669431e+01
3.018454896919675079e+01 1.308628599370484267e+02 3.601224019403534840e+02 9.260983514916408410e+01
3.265904697648223021e+01 1.277334499269160091e+02 3.186310586286166426e+02 8.689061103280609188e+01
3.265904697648223021e+01 1.277334499269160091e+02 3.186310586286166426e+02 8.689061103280609188e+01
3.013758444763772104e+01 1.263103597570876531e+02 2.922580743347959924e+02 9.710329208635390330e+01
3.013758444763772104e+01 1.263103597570876531e+02 2.922580743347959924e+02 9.710329208635390330e+01
3.013758444763772104e+01 1.263103597570876531e+02 2.922580743347959924e+02 9.710329208635390330e+01
3.013758444763772104e+01 1.263103597570876531e+02 2.922580743347959924e+02 9.710329208635390330e+01
3.129017868710513284e+01 1.317968430316221031e+02 2.669353520898118859e+02 8.724595715938104945e+01
3.129017868710513284e+01 1.317968430316221031e+02 2.669353520898118859e+02 8.724595715938104945e+01
3.129017868710513284e+01 1.317968430316221031e+02 2.669353520898118859e+02 8.724595715938104945e+01
3.129017868710513284e+01 1.317968430316221031e+02 2.669353520898118859e+02 8.724595715938104945e+01
3.129017868710513284e+01 1.317968430316221031e+02 2.669353520898118859e+02 8.724595715938104945e+01
3.129017868710513284e+01 1.317968430316221031e+02 2.669353520898118859e+02 8.724595715938104945e+01
3.129017868710513284e+01 1.317968430316221031e+02 2.669353520898118859e+02 8.724595715938104945e+01
3.129017868710513284e+01 1.317968430316221031e+02 2.669353520898118859e+02 8.724595715938104945e+01
3.129017868710513284e+01 1.317968430316221031e+02 2.669353520898118859e+02 8.724595715938104945e+01
3.111390264717977416e+01 1.290559045107992802e+02 2.153185402815851148e+02 9.570936448318116163e+01
2.983440755145619505e+01 1.309388715612342651e+02 2.245750803462393606e+02 8.845297221075639982e+01
2.983440755145619505e+01 1.309388715612342651e+02 2.245750803462393606e+02 8.845297221075639982e+01
3.150954213152031258e+01 1.190129137973942619e+02 1.477212572595418862e+02 8.983127904591471236e+01
3.061397074663258877e+01 1.307037438105084846e+02 1.166833060391539902e+02 9.348943242847825275e+01
3.061397074663258877e+01 1.307037438105084846e+02 1.166833060391539902e+02 9.348943242847825275e+01
3.061397074663258877e+01 1.307037438105084846e+02 1.166833060391539902e+02 9.348943242847825275e+01
3.061397074663258877e+01 1.307037438105084846e+02 1.166833060391539902e+02 9.348943242847825275e+01
3.061397074663258877e+01 1.307037438105084846e+02 1.166833060391539902e+02 9.348943242847825275e+01
3.061397074663258877e+01 1.307037438105084846e+02 1.166833060391539902e+02 9.348943242847825275e+01
3.061397074663258877e+01 1.307037438105084846e+02 1.166833060391539902e+02 9.348943242847825275e+01
3.061397074663258877e+01 1.307037438105084846e+02 1.166833060391539902e+02 9.348943242847825275e+01
3.061397074663258877e+01 1.307037438105084846e+02 1.166833060391539902e+02 9.348943242847825275e+01
3.307433737507635385e+01 1.244983521664447892e+02 1.133153204117032118e+02 8.978667464291351052e+01
3.366963868419337302e+01 1.080960998843765282e+02 9.534946074766521917e+01 1.088983562600265032e+02
3.366963868419337302e+01 1.080960998843765282e+02 9.534946074766521917e+01 1.088983562600265032e+02
3.366963868419337302e+01 1.080960998843765282e+02 9.534946074766521917e+01 1.088983562600265032e+02
3.299709179201648368e+01 1.263322942735935186e+02 9.609919265399933863e+01 8.906767230723160367e+01
3.365029271518537257e+01 1.233390399992314457e+02 8.660929458875513376e+01 9.377722276219778053e+01
3.365029271518537257e+01 1.233390399992314457e+02 8.660929458875513376e+01 9.377722276219778053e+01
3.365029271518537257e+01 1.233390399992314457e+02 8.660929458875513376e+01 9.377722276219778053e+01
3.365029271518537257e+01 1.233390399992314457e+02 8.660929458875513376e+01 9.377722276219778053e+01
3.365029271518537257e+01 1.233390399992314457e+02 8.660929458875513376e+01 9.377722276219778053e+01
3.365029271518537257e+01 1.233390399992314457e+02 8.660929458875513376e+01 9.377722276219778053e+01
3.365029271518537257e+01 1.233390399992314457e+02 8.660929458875513376e+01 9.377722276219778053e+01
3.365029271518537257e+01 1.233390399992314457e+02 8.660929458875513376e+01 9.377722276219778053e+01
3.365029271518537257e+01 1.233390399992314457e+02 8.660929458875513376e+01 9.377722276219778053e+01
3.365029271518537257e+01 1.233390399992314457e+02 8.660929458875513376e+01 9.377722276219778053e+01
3.074682237453972888e+01 1.275736976719182110e+02 8.876108095302228662e+01 8.285432839790597370e+01
3.074682237453972888e+01 1.275736976719182110e+02 8.876108095302228662e+01 8.285432839790597370e+01
3.074682237453972888e+01 1.275736976719182110e+02 8.876108095302228662e+01 8.285432839790597370e+01
3.074682237453972888e+01 1.275736976719182110e+02 8.876108095302228662e+01 8.285432839790597370e+01
3.074682237453972888e+01 1.275736976719182110e+02 8.876108095302228662e+01 8.285432839790597370e+01
3.074682237453972888e+01 1.275736976719182110e+02 8.876108095302228662e+01 8.285432839790597370e+01
3.074682237453972888e+01 1.275736976719182110e+02 8.876108095302228662e+01 8.285432839790597370e+01
3.074682237453972888e+01 1.275736976719182110e+02 8.876108095302228662e+01 8.285432839790597370e+01
3.074682237453972888e+01 1.275736976719182110e+02 8.876108095302228662e+01 8.285432839790597370e+01
3.074682237453972888e+01 1.275736976719182110e+02 8.876108095302228662e+01 8.285432839790597370e+01
3.074682237453972888e+01 1.275736976719182110e+02 8.876108095302228662e+01 8.285432839790597370e+01
3.074682237453972888e+01 1.275736976719182110e+02 8.876108095302228662e+01 8.285432839790597370e+01
3.074682237453972888e+01 1.275736976719182110e+02 8.876108095302228662e+01 8.285432839790597370e+01
3.074682237453972888e+01 1.275736976719182110e+02 8.876108095302228662e+01 8.285432839790597370e+01
3.074682237453972888e+01 1.275736976719182110e+02 8.876108095302228662e+01 8.285432839790597370e+01
3.074682237453972888e+01 1.275736976719182110e+02 8.876108095302228662e+01 8.285432839790597370e+01
3.074682237453972888e+01 1.275736976719182110e+02 8.876108095302228662e+01 8.285432839790597370e+01
3.074682237453972888e+01 1.275736976719182110e+02 8.876108095302228662e+01 8.285432839790597370e+01
3.074682237453972888e+01 1.275736976719182110e+02 8.876108095302228662e+01 8.285432839790597370e+01
3.074682237453972888e+01 1.275736976719182110e+02 8.876108095302228662e+01 8.285432839790597370e+01
3.074682237453972888e+01 1.275736976719182110e+02 8.876108095302228662e+01 8.285432839790597370e+01
3.074682237453972888e+01 1.275736976719182110e+02 8.876108095302228662e+01 8.285432839790597370e+01
3.074682237453972888e+01 1.275736976719182110e+02 8.876108095302228662e+01 8.285432839790597370e+01
3.074682237453972888e+01 1.275736976719182110e+02 8.876108095302228662e+01 8.285432839790597370e+01
3.074682237453972888e+01 1.275736976719182110e+02 8.876108095302228662e+01 8.285432839790597370e+01
3.074682237453972888e+01 1.275736976719182110e+02 8.876108095302228662e+01 8.285432839790597370e+01
3.074682237453972888e+01 1.275736976719182110e+02 8.876108095302228662e+01 8.285432839790597370e+01
3.074682237453972888e+01 1.275736976719182110e+02 8.876108095302228662e+01 8.285432839790597370e+01
3.074682237453972888e+01 1.275736976719182110e+02 8.876108095302228662e+01 8.285432839790597370e+01
3.074682237453972888e+01 1.275736976719182110e+02 8.876108095302228662e+01 8.285432839790597370e+01
3.074682237453972888e+01 1.275736976719182110e+02 8.876108095302228662e+01 8.285432839790597370e+01
3.074682237453972888e+01 1.275736976719182110e+02 8.876108095302228662e+01 8.285432839790597370e+01
3.074682237453972888e+01 1.275736976719182110e+02 8.876108095302228662e+01 8.285432839790597370e+01
3.074682237453972888e+01 1.275736976719182110e+02 8.876108095302228662e+01 8.285432839790597370e+01
3.074682237453972888e+01 1.275736976719182110e+02 8.876108095302228662e+01 8.285432839790597370e+01
3.074682237453972888e+01 1.275736976719182110e+02 8.876108095302228662e+01 8.285432839790597370e+01
3.074682237453972888e+01 1.275736976719182110e+02 8.876108095302228662e+01 8.285432839790597370e+01
3.074682237453972888e+01 1.275736976719182110e+02 8.876108095302228662e+01 8.285432839790597370e+01
3.074682237453972888e+01 1.275736976719182110e+02 8.876108095302228662e+01 8.285432839790597370e+01
3.074682237453972888e+01 1.275736976719182110e+02 8.876108095302228662e+01 8.285432839790597370e+01
3.074682237453972888e+01 1.275736976719182110e+02 8.876108095302228662e+01 8.285432839790597370e+01
3.074682237453972888e+01 1.275736976719182110e+02 8.876108095302228662e+01 8.285432839790597370e+01
3.074682237453972888e+01 1.275736976719182110e+02 8.876108095302228662e+01 8.285432839790597370e+01
3.074682237453972888e+01 1.275736976719182110e+02 8.876108095302228662e+01 8.285432839790597370e+01
3.074682237453972888e+01 1.275736976719182110e+02 8.876108095302228662e+01 8.285432839790597370e+01
3.074682237453972888e+01 1.275736976719182110e+02 8.876108095302228662e+01 8.285432839790597370e+01
3.074682237453972888e+01 1.275736976719182110e+02 8.876108095302228662e+01 8.285432839790597370e+01
3.074682237453972888e+01 1.275736976719182110e+02 8.876108095302228662e+01 8.285432839790597370e+01
3.074682237453972888e+01 1.275736976719182110e+02 8.876108095302228662e+01 8.285432839790597370e+01
3.074682237453972888e+01 1.275736976719182110e+02 8.876108095302228662e+01 8.285432839790597370e+01
3.074682237453972888e+01 1.275736976719182110e+02 8.876108095302228662e+01 8.285432839790597370e+01
3.074682237453972888e+01 1.275736976719182110e+02 8.876108095302228662e+01 8.285432839790597370e+01
3.074682237453972888e+01 1.275736976719182110e+02 8.876108095302228662e+01 8.285432839790597370e+01
3.074682237453972888e+01 1.275736976719182110e+02 8.876108095302228662e+01 8.285432839790597370e+01
3.074682237453972888e+01 1.275736976719182110e+02 8.876108095302228662e+01 8.285432839790597370e+01
3.074682237453972888e+01 1.275736976719182110e+02 8.876108095302228662e+01 8.285432839790597370e+01
3.074682237453972888e+01 1.275736976719182110e+02 8.876108095302228662e+01 8.285432839790597370e+01
3.074682237453972888e+01 1.275736976719182110e+02 8.876108095302228662e+01 8.285432839790597370e+01
3.074682237453972888e+01 1.275736976719182110e+02 8.876108095302228662e+01 8.285432839790597370e+01
3.074682237453972888e+01 1.275736976719182110e+02 8.876108095302228662e+01 8.285432839790597370e+01
3.074682237453972888e+01 1.275736976719182110e+02 8.876108095302228662e+01 8.285432839790597370e+01
3.074682237453972888e+01 1.275736976719182110e+02 8.876108095302228662e+01 8.285432839790597370e+01
3.074682237453972888e+01 1.275736976719182110e+02 8.876108095302228662e+01 8.285432839790597370e+01
3.074682237453972888e+01 1.275736976719182110e+02 8.876108095302228662e+01 8.285432839790597370e+01
3.074682237453972888e+01 1.275736976719182110e+02 8.876108095302228662e+01 8.285432839790597370e+01
3.074682237453972888e+01 1.275736976719182110e+02 8.876108095302228662e+01 8.285432839790597370e+01
3.074682237453972888e+01 1.275736976719182110e+02 8.876108095302228662e+01 8.285432839790597370e+01
3.074682237453972888e+01 1.275736976719182110e+02 8.876108095302228662e+01 8.285432839790597370e+01
3.074682237453972888e+01 1.275736976719182110e+02 8.876108095302228662e+01 8.285432839790597370e+01
3.074682237453972888e+01 1.275736976719182110e+02 8.876108095302228662e+01 8.285432839790597370e+01
3.074682237453972888e+01 1.275736976719182110e+02 8.876108095302228662e+01 8.285432839790597370e+01
3.074682237453972888e+01 1.275736976719182110e+02 8.876108095302228662e+01 8.285432839790597370e+01
3.074682237453972888e+01 1.275736976719182110e+02 8.876108095302228662e+01 8.285432839790597370e+01
3.074682237453972888e+01 1.275736976719182110e+02 8.876108095302228662e+01 8.285432839790597370e+01
3.074682237453972888e+01 1.275736976719182110e+02 8.876108095302228662e+01 8.285432839790597370e+01
3.074682237453972888e+01 1.275736976719182110e+02 8.876108095302228662e+01 8.285432839790597370e+01
3.074682237453972888e+01 1.275736976719182110e+02 8.876108095302228662e+01 8.285432839790597370e+01
3.074682237453972888e+01 1.275736976719182110e+02 8.876108095302228662e+01 8.285432839790597370e+01
3.074682237453972888e+01 1.275736976719182110e+02 8.876108095302228662e+01 8.285432839790597370e+01
3.074682237453972888e+01 1.275736976719182110e+02 8.876108095302228662e+01 8.285432839790597370e+01
3.074682237453972888e+01 1.275736976719182110e+02 8.876108095302228662e+01 8.285432839790597370e+01
3.074682237453972888e+01 1.275736976719182110e+02 8.876108095302228662e+01 8.285432839790597370e+01
3.074682237453972888e+01 1.275736976719182110e+02 8.876108095302228662e+01 8.285432839790597370e+01
3.074682237453972888e+01 1.275736976719182110e+02 8.876108095302228662e+01 8.285432839790597370e+01
3.074682237453972888e+01 1.275736976719182110e+02 8.876108095302228662e+01 8.285432839790597370e+01
3.074682237453972888e+01 1.275736976719182110e+02 8.876108095302228662e+01 8.285432839790597370e+01
3.074682237453972888e+01 1.275736976719182110e+02 8.876108095302228662e+01 8.285432839790597370e+01
3.074682237453972888e+01 1.275736976719182110e+02 8.876108095302228662e+01 8.285432839790597370e+01
3.074682237453972888e+01 1.275736976719182110e+02 8.876108095302228662e+01 8.285432839790597370e+01
3.074682237453972888e+01 1.275736976719182110e+02 8.876108095302228662e+01 8.285432839790597370e+01
3.074682237453972888e+01 1.275736976719182110e+02 8.876108095302228662e+01 8.285432839790597370e+01
3.074682237453972888e+01 1.275736976719182110e+02 8.876108095302228662e+01 8.285432839790597370e+01
3.074682237453972888e+01 1.275736976719182110e+02 8.876108095302228662e+01 8.285432839790597370e+01
3.074682237453972888e+01 1.275736976719182110e+02 8.876108095302228662e+01 8.285432839790597370e+01
3.074682237453972888e+01 1.275736976719182110e+02 8.876108095302228662e+01 8.285432839790597370e+01
3.074682237453972888e+01 1.275736976719182110e+02 8.876108095302228662e+01 8.285432839790597370e+01
3.074682237453972888e+01 1.275736976719182110e+02 8.876108095302228662e+01 8.285432839790597370e+01
3.074682237453972888e+01 1.275736976719182110e+02 8.876108095302228662e+01 8.285432839790597370e+01
3.074682237453972888e+01 1.275736976719182110e+02 8.876108095302228662e+01 8.285432839790597370e+01
3.074682237453972888e+01 1.275736976719182110e+02 8.876108095302228662e+01 8.285432839790597370e+01
3.074682237453972888e+01 1.275736976719182110e+02 8.876108095302228662e+01 8.285432839790597370e+01
3.074682237453972888e+01 1.275736976719182110e+02 8.876108095302228662e+01 8.285432839790597370e+01
3.074682237453972888e+01 1.275736976719182110e+02 8.876108095302228662e+01 8.285432839790597370e+01
3.074682237453972888e+01 1.275736976719182110e+02 8.876108095302228662e+01 8.285432839790597370e+01
3.074682237453972888e+01 1.275736976719182110e+02 8.876108095302228662e+01 8.285432839790597370e+01
3.074682237453972888e+01 1.275736976719182110e+02 8.876108095302228662e+01 8.285432839790597370e+01
3.074682237453972888e+01 1.275736976719182110e+02 8.876108095302228662e+01 8.285432839790597370e+01
3.074682237453972888e+01 1.275736976719182110e+02 8.876108095302228662e+01 8.285432839790597370e+01
3.074682237453972888e+01 1.275736976719182110e+02 8.876108095302228662e+01 8.285432839790597370e+01
3.074682237453972888e+01 1.275736976719182110e+02 8.876108095302228662e+01 8.285432839790597370e+01
3.074682237453972888e+01 1.275736976719182110e+02 8.876108095302228662e+01 8.285432839790597370e+01
3.074682237453972888e+01 1.275736976719182110e+02 8.876108095302228662e+01 8.285432839790597370e+01
3.074682237453972888e+01 1.275736976719182110e+02 8.876108095302228662e+01 8.285432839790597370e+01
3.074682237453972888e+01 1.275736976719182110e+02 8.876108095302228662e+01 8.285432839790597370e+01
3.074682237453972888e+01 1.275736976719182110e+02 8.876108095302228662e+01 8.285432839790597370e+01
3.074682237453972888e+01 1.275736976719182110e+02 8.876108095302228662e+01 8.285432839790597370e+01
3.074682237453972888e+01 1.275736976719182110e+02 8.876108095302228662e+01 8.285432839790597370e+01
3.074682237453972888e+01 1.275736976719182110e+02 8.876108095302228662e+01 8.285432839790597370e+01
3.074682237453972888e+01 1.275736976719182110e+02 8.876108095302228662e+01 8.285432839790597370e+01
3.074682237453972888e+01 1.275736976719182110e+02 8.876108095302228662e+01 8.285432839790597370e+01
3.074682237453972888e+01 1.275736976719182110e+02 8.876108095302228662e+01 8.285432839790597370e+01
3.074682237453972888e+01 1.275736976719182110e+02 8.876108095302228662e+01 8.285432839790597370e+01
3.074682237453972888e+01 1.275736976719182110e+02 8.876108095302228662e+01 8.285432839790597370e+01
3.074682237453972888e+01 1.275736976719182110e+02 8.876108095302228662e+01 8.285432839790597370e+01
3.074682237453972888e+01 1.275736976719182110e+02 8.876108095302228662e+01 8.285432839790597370e+01
3.074682237453972888e+01 1.275736976719182110e+02 8.876108095302228662e+01 8.285432839790597370e+01
3.074682237453972888e+01 1.275736976719182110e+02 8.876108095302228662e+01 8.285432839790597370e+01
3.074682237453972888e+01 1.275736976719182110e+02 8.876108095302228662e+01 8.285432839790597370e+01
3.074682237453972888e+01 1.275736976719182110e+02 8.876108095302228662e+01 8.285432839790597370e+01
3.074682237453972888e+01 1.275736976719182110e+02 8.876108095302228662e+01 8.285432839790597370e+01
3.074682237453972888e+01 1.275736976719182110e+02 8.876108095302228662e+01 8.285432839790597370e+01
3.074682237453972888e+01 1.275736976719182110e+02 8.876108095302228662e+01 8.285432839790597370e+01
3.074682237453972888e+01 1.275736976719182110e+02 8.876108095302228662e+01 8.285432839790597370e+01
3.074682237453972888e+01 1.275736976719182110e+02 8.876108095302228662e+01 8.285432839790597370e+01
3.074682237453972888e+01 1.275736976719182110e+02 8.876108095302228662e+01 8.285432839790597370e+01
3.074682237453972888e+01 1.275736976719182110e+02 8.876108095302228662e+01 8.285432839790597370e+01
3.074682237453972888e+01 1.275736976719182110e+02 8.876108095302228662e+01 8.285432839790597370e+01
3.074682237453972888e+01 1.275736976719182110e+02 8.876108095302228662e+01 8.285432839790597370e+01
3.062728427324907443e+01 1.327599104357927047e+02 8.795279392381482353e+01 7.658045108032499115e+01
3.062728427324907443e+01 1.327599104357927047e+02 8.795279392381482353e+01 7.658045108032499115e+01
3.062728427324907443e+01 1.327599104357927047e+02 8.795279392381482353e+01 7.658045108032499115e+01
3.062728427324907443e+01 1.327599104357927047e+02 8.795279392381482353e+01 7.658045108032499115e+01
3.062728427324907443e+01 1.327599104357927047e+02 8.795279392381482353e+01 7.658045108032499115e+01
3.062728427324907443e+01 1.327599104357927047e+02 8.795279392381482353e+01 7.658045108032499115e+01
3.062728427324907443e+01 1.327599104357927047e+02 8.795279392381482353e+01 7.658045108032499115e+01
3.062728427324907443e+01 1.327599104357927047e+02 8.795279392381482353e+01 7.658045108032499115e+01
3.062728427324907443e+01 1.327599104357927047e+02 8.795279392381482353e+01 7.658045108032499115e+01
3.062728427324907443e+01 1.327599104357927047e+02 8.795279392381482353e+01 7.658045108032499115e+01
3.062728427324907443e+01 1.327599104357927047e+02 8.795279392381482353e+01 7.658045108032499115e+01
3.062728427324907443e+01 1.327599104357927047e+02 8.795279392381482353e+01 7.658045108032499115e+01
3.062728427324907443e+01 1.327599104357927047e+02 8.795279392381482353e+01 7.658045108032499115e+01
3.062728427324907443e+01 1.327599104357927047e+02 8.795279392381482353e+01 7.658045108032499115e+01
3.062728427324907443e+01 1.327599104357927047e+02 8.795279392381482353e+01 7.658045108032499115e+01
3.062728427324907443e+01 1.327599104357927047e+02 8.795279392381482353e+01 7.658045108032499115e+01
3.062728427324907443e+01 1.327599104357927047e+02 8.795279392381482353e+01 7.658045108032499115e+01
3.062728427324907443e+01 1.327599104357927047e+02 8.795279392381482353e+01 7.658045108032499115e+01
3.062728427324907443e+01 1.327599104357927047e+02 8.795279392381482353e+01 7.658045108032499115e+01
3.062728427324907443e+01 1.327599104357927047e+02 8.795279392381482353e+01 7.658045108032499115e+01
3.062728427324907443e+01 1.327599104357927047e+02 8.795279392381482353e+01 7.658045108032499115e+01
3.062728427324907443e+01 1.327599104357927047e+02 8.795279392381482353e+01 7.658045108032499115e+01
3.062728427324907443e+01 1.327599104357927047e+02 8.795279392381482353e+01 7.658045108032499115e+01
3.062728427324907443e+01 1.327599104357927047e+02 8.795279392381482353e+01 7.658045108032499115e+01
3.062728427324907443e+01 1.327599104357927047e+02 8.795279392381482353e+01 7.658045108032499115e+01
3.062728427324907443e+01 1.327599104357927047e+02 8.795279392381482353e+01 7.658045108032499115e+01
3.062728427324907443e+01 1.327599104357927047e+02 8.795279392381482353e+01 7.658045108032499115e+01
3.062728427324907443e+01 1.327599104357927047e+02 8.795279392381482353e+01 7.658045108032499115e+01
3.062728427324907443e+01 1.327599104357927047e+02 8.795279392381482353e+01 7.658045108032499115e+01
3.062728427324907443e+01 1.327599104357927047e+02 8.795279392381482353e+01 7.658045108032499115e+01
3.062728427324907443e+01 1.327599104357927047e+02 8.795279392381482353e+01 7.658045108032499115e+01
3.062728427324907443e+01 1.327599104357927047e+02 8.795279392381482353e+01 7.658045108032499115e+01
3.062728427324907443e+01 1.327599104357927047e+02 8.795279392381482353e+01 7.658045108032499115e+01
3.062728427324907443e+01 1.327599104357927047e+02 8.795279392381482353e+01 7.658045108032499115e+01
3.062728427324907443e+01 1.327599104357927047e+02 8.795279392381482353e+01 7.658045108032499115e+01
3.062728427324907443e+01 1.327599104357927047e+02 8.795279392381482353e+01 7.658045108032499115e+01
3.062728427324907443e+01 1.327599104357927047e+02 8.795279392381482353e+01 7.658045108032499115e+01
3.062728427324907443e+01 1.327599104357927047e+02 8.795279392381482353e+01 7.658045108032499115e+01
3.062728427324907443e+01 1.327599104357927047e+02 8.795279392381482353e+01 7.658045108032499115e+01
3.062728427324907443e+01 1.327599104357927047e+02 8.795279392381482353e+01 7.658045108032499115e+01
3.062728427324907443e+01 1.327599104357927047e+02 8.795279392381482353e+01 7.658045108032499115e+01
3.062728427324907443e+01 1.327599104357927047e+02 8.795279392381482353e+01 7.658045108032499115e+01
3.062728427324907443e+01 1.327599104357927047e+02 8.795279392381482353e+01 7.658045108032499115e+01
3.062728427324907443e+01 1.327599104357927047e+02 8.795279392381482353e+01 7.658045108032499115e+01
3.062728427324907443e+01 1.327599104357927047e+02 8.795279392381482353e+01 7.658045108032499115e+01
3.062728427324907443e+01 1.327599104357927047e+02 8.795279392381482353e+01 7.658045108032499115e+01
3.062728427324907443e+01 1.327599104357927047e+02 8.795279392381482353e+01 7.658045108032499115e+01
3.062728427324907443e+01 1.327599104357927047e+02 8.795279392381482353e+01 7.658045108032499115e+01
3.062728427324907443e+01 1.327599104357927047e+02 8.795279392381482353e+01 7.658045108032499115e+01
3.062728427324907443e+01 1.327599104357927047e+02 8.795279392381482353e+01 7.658045108032499115e+01
3.062728427324907443e+01 1.327599104357927047e+02 8.795279392381482353e+01 7.658045108032499115e+01
3.062728427324907443e+01 1.327599104357927047e+02 8.795279392381482353e+01 7.658045108032499115e+01
3.062728427324907443e+01 1.327599104357927047e+02 8.795279392381482353e+01 7.658045108032499115e+01
3.062728427324907443e+01 1.327599104357927047e+02 8.795279392381482353e+01 7.658045108032499115e+01
3.062728427324907443e+01 1.327599104357927047e+02 8.795279392381482353e+01 7.658045108032499115e+01
3.062728427324907443e+01 1.327599104357927047e+02 8.795279392381482353e+01 7.658045108032499115e+01
3.062728427324907443e+01 1.327599104357927047e+02 8.795279392381482353e+01 7.658045108032499115e+01
3.062728427324907443e+01 1.327599104357927047e+02 8.795279392381482353e+01 7.658045108032499115e+01
3.062728427324907443e+01 1.327599104357927047e+02 8.795279392381482353e+01 7.658045108032499115e+01
3.062728427324907443e+01 1.327599104357927047e+02 8.795279392381482353e+01 7.658045108032499115e+01
3.062728427324907443e+01 1.327599104357927047e+02 8.795279392381482353e+01 7.658045108032499115e+01
3.062728427324907443e+01 1.327599104357927047e+02 8.795279392381482353e+01 7.658045108032499115e+01
3.062728427324907443e+01 1.327599104357927047e+02 8.795279392381482353e+01 7.658045108032499115e+01
3.062728427324907443e+01 1.327599104357927047e+02 8.795279392381482353e+01 7.658045108032499115e+01
3.062728427324907443e+01 1.327599104357927047e+02 8.795279392381482353e+01 7.658045108032499115e+01
3.062728427324907443e+01 1.327599104357927047e+02 8.795279392381482353e+01 7.658045108032499115e+01
3.062728427324907443e+01 1.327599104357927047e+02 8.795279392381482353e+01 7.658045108032499115e+01
3.062728427324907443e+01 1.327599104357927047e+02 8.795279392381482353e+01 7.658045108032499115e+01
3.062728427324907443e+01 1.327599104357927047e+02 8.795279392381482353e+01 7.658045108032499115e+01
3.062728427324907443e+01 1.327599104357927047e+02 8.795279392381482353e+01 7.658045108032499115e+01
3.062728427324907443e+01 1.327599104357927047e+02 8.795279392381482353e+01 7.658045108032499115e+01
3.062728427324907443e+01 1.327599104357927047e+02 8.795279392381482353e+01 7.658045108032499115e+01
3.062728427324907443e+01 1.327599104357927047e+02 8.795279392381482353e+01 7.658045108032499115e+01
3.062728427324907443e+01 1.327599104357927047e+02 8.795279392381482353e+01 7.658045108032499115e+01
3.062728427324907443e+01 1.327599104357927047e+02 8.795279392381482353e+01 7.658045108032499115e+01
3.062728427324907443e+01 1.327599104357927047e+02 8.795279392381482353e+01 7.658045108032499115e+01
3.062728427324907443e+01 1.327599104357927047e+02 8.795279392381482353e+01 7.658045108032499115e+01
3.062728427324907443e+01 1.327599104357927047e+02 8.795279392381482353e+01 7.658045108032499115e+01
3.062728427324907443e+01 1.327599104357927047e+02 8.795279392381482353e+01 7.658045108032499115e+01
3.062728427324907443e+01 1.327599104357927047e+02 8.795279392381482353e+01 7.658045108032499115e+01
3.062728427324907443e+01 1.327599104357927047e+02 8.795279392381482353e+01 7.658045108032499115e+01
3.062728427324907443e+01 1.327599104357927047e+02 8.795279392381482353e+01 7.658045108032499115e+01
3.062728427324907443e+01 1.327599104357927047e+02 8.795279392381482353e+01 7.658045108032499115e+01
3.062728427324907443e+01 1.327599104357927047e+02 8.795279392381482353e+01 7.658045108032499115e+01
3.062728427324907443e+01 1.327599104357927047e+02 8.795279392381482353e+01 7.658045108032499115e+01
3.062728427324907443e+01 1.327599104357927047e+02 8.795279392381482353e+01 7.658045108032499115e+01
3.062728427324907443e+01 1.327599104357927047e+02 8.795279392381482353e+01 7.658045108032499115e+01
3.062728427324907443e+01 1.327599104357927047e+02 8.795279392381482353e+01 7.658045108032499115e+01
3.062728427324907443e+01 1.327599104357927047e+02 8.795279392381482353e+01 7.658045108032499115e+01
3.062728427324907443e+01 1.327599104357927047e+02 8.795279392381482353e+01 7.658045108032499115e+01
3.062728427324907443e+01 1.327599104357927047e+02 8.795279392381482353e+01 7.658045108032499115e+01
3.062728427324907443e+01 1.327599104357927047e+02 8.795279392381482353e+01 7.658045108032499115e+01
3.062728427324907443e+01 1.327599104357927047e+02 8.795279392381482353e+01 7.658045108032499115e+01
3.062728427324907443e+01 1.327599104357927047e+02 8.795279392381482353e+01 7.658045108032499115e+01
3.062728427324907443e+01 1.327599104357927047e+02 8.795279392381482353e+01 7.658045108032499115e+01
3.062728427324907443e+01 1.327599104357927047e+02 8.795279392381482353e+01 7.658045108032499115e+01
3.062728427324907443e+01 1.327599104357927047e+02 8.795279392381482353e+01 7.658045108032499115e+01
3.062728427324907443e+01 1.327599104357927047e+02 8.795279392381482353e+01 7.658045108032499115e+01
3.062728427324907443e+01 1.327599104357927047e+02 8.795279392381482353e+01 7.658045108032499115e+01
3.062728427324907443e+01 1.327599104357927047e+02 8.795279392381482353e+01 7.658045108032499115e+01
3.062728427324907443e+01 1.327599104357927047e+02 8.795279392381482353e+01 7.658045108032499115e+01
3.062728427324907443e+01 1.327599104357927047e+02 8.795279392381482353e+01 7.658045108032499115e+01
3.062728427324907443e+01 1.327599104357927047e+02 8.795279392381482353e+01 7.658045108032499115e+01
3.062728427324907443e+01 1.327599104357927047e+02 8.795279392381482353e+01 7.658045108032499115e+01
3.062728427324907443e+01 1.327599104357927047e+02 8.795279392381482353e+01 7.658045108032499115e+01
