1.000000000000000000e+00 1.000000000000000000e+00 1.000000000000000000e+00 1.000000000000000000e+00
2.337953925836737223e+00 8.593172400454510695e-01 2.632137187060800443e+02 6.601932599107854793e-01
2.233041606591479322e+00 8.557749524402226138e-01 2.515355463078534797e+02 7.411548729850946371e-01
1.997475604576781194e+00 9.337975510615521557e-01 2.895351887546277680e+02 6.305596998554419130e-01
2.040815656996037397e+00 8.173090027987213180e-01 2.505910115952315493e+02 6.766562099953297160e-01
1.945591843611204519e+00 8.488987274171444497e-01 2.298038633642111677e+02 6.889081581662066522e-01
1.972028293478809813e+00 7.650128355097448596e-01 2.284238710434137261e+02 6.289008802121498487e-01
1.848083041324689368e+00 8.803523637413135372e-01 2.665502719325564271e+02 7.438871941208811123e-01
2.053668200050428716e+00 8.548441475924946076e-01 2.311191466175232563e+02 6.765939340257384194e-01
2.227408438231698096e+00 8.381765342443142641e-01 2.555124121499377736e+02 6.962857039535607084e-01
2.059146523515513749e+00 8.602906543124457794e-01 2.469517849670871499e+02 7.521123957092795687e-01
2.036858457505112519e+00 8.427507330167507416e-01 2.343750622353998665e+02 7.278892624545512113e-01
1.815700498390481421e+00 7.742557072306116561e-01 2.353580447597231000e+02 7.406474277592901556e-01
1.925801772470518758e+00 8.321311277357889002e-01 2.157395673283806730e+02 6.738750939529328798e-01
1.641133666174952044e+00 7.979887389326911773e-01 2.216676581663164711e+02 7.045996281185847865e-01
1.614996096722933983e+00 8.033478406723603138e-01 2.082150031364451479e+02 7.002483049749017585e-01
1.618211529483400302e+00 7.879428861191483113e-01 2.007897930914296580e+02 6.969403854717276525e-01
1.562242816786414190e+00 7.567679724526015228e-01 2.078593723902331476e+02 6.668552205185220849e-01
1.643280047039746394e+00 8.338849654734585837e-01 1.993217497965109430e+02 6.526218336870778236e-01
1.551968706143830978e+00 7.738544842516835720e-01 2.036390077260233795e+02 6.763468238559101620e-01
1.700331353290143177e+00 7.558756904504829732e-01 2.139737592067248215e+02 7.133993246954757339e-01
1.472984111095755111e+00 8.244503807149176078e-01 2.190803366577737279e+02 6.670942236933811165e-01
1.486588412735967424e+00 6.907477291177215317e-01 2.140037769627940065e+02 7.056929102907348872e-01
1.345447122591502120e+00 7.245935727717653929e-01 1.702753864222983395e+02 6.616927728104987638e-01
1.441974608577641703e+00 7.194729739161472848e-01 1.555405481644147301e+02 6.767229856124372667e-01
1.354942370050232769e+00 7.638459584736355668e-01 1.710206308989091895e+02 7.021160529833835318e-01
1.408750405629402458e+00 8.659083261838623757e-01 1.589134081635215523e+02 6.377494952223154989e-01
1.325431369809369597e+00 7.335698233496995568e-01 1.594645869721104816e+02 7.075650183148765038e-01
1.278645630011215895e+00 7.884232463348310738e-01 1.422884356672551576e+02 6.482016808560817633e-01
1.320755852333033165e+00 7.100566994353723071e-01 1.537218441398200355e+02 7.416686337894637937e-01
1.385083464216885663e+00 8.533610108390335958e-01 1.449528347717798908e+02 6.208012668533579026e-01
1.264390519846868566e+00 8.291413631659906303e-01 1.368635263220802472e+02 6.328451496915353802e-01
1.367708584078180190e+00 7.492004112506667202e-01 1.368353981670371979e+02 6.917054566078986166e-01
1.250450409354984194e+00 6.899725505461341557e-01 1.154294300597159264e+02 6.502082596692886352e-01
1.387011292704267928e+00 7.148551819336079749e-01 1.275610925815961281e+02 6.955360637773539967e-01
9.665337329343887118e-01 6.355383489946867526e-01 9.658858968490078212e+01 7.074827251497475267e-01
9.860913668521964492e-01 6.301475709572221806e-01 9.558292481774235227e+01 6.201625239404906509e-01
1.091283608751043355e+00 7.035332812408527925e-01 8.888224159390806278e+01 7.277902319480451521e-01
1.037827549606245459e+00 6.854002567387568190e-01 8.901636292904991876e+01 6.962437574144646479e-01
9.884436740966946466e-01 6.840910956202838067e-01 7.374736347248922641e+01 6.898413047359645001e-01
9.829965433039963285e-01 7.801285300391184174e-01 8.253674521540118292e+01 6.341198507014863539e-01
9.209090831444434189e-01 7.335400751280573006e-01 5.457292219298185643e+01 6.794609572554904942e-01
9.044667105604835555e-01 7.724656196910286710e-01 4.988757593748723451e+01 7.741464206442205676e-01
8.435797517241903076e-01 7.456662336237677158e-01 5.228224840212028113e+01 7.493624589503075084e-01
9.390434233416024012e-01 8.417956230565764031e-01 4.818648761611037656e+01 7.176789657469655470e-01
8.398691801253639344e-01 7.703345618901390468e-01 2.847308259144896780e+01 6.296154948887899838e-01
6.039651832376836671e-01 7.004456419683864343e-01 2.733546428436180165e+01 7.087117598663682516e-01
5.251705392919513438e-01 5.711025955350861327e-01 3.010507617480031683e+01 6.539691423951899951e-01
5.212913881179009890e-01 6.610692496818350028e-01 2.696612603105389994e+01 6.019397923096931891e-01
4.188922387166657546e-01 6.459723627211788610e-01 2.153907614091369638e+01 6.887747948509457263e-01
3.488639641659364021e-01 6.266958937416845510e-01 1.187946879667210709e+01 6.554014522023607903e-01
3.378803009668391311e-01 5.767280198271751424e-01 1.063204527660737853e+01 6.555394893422681335e-01
3.571865635470651279e-01 5.681104044259851493e-01 8.118566743151939491e+00 6.101611510040272357e-01
3.171126320566356460e-01 6.181128563841414847e-01 5.718270253431543715e+00 6.161116630462474264e-01
3.166928038101478604e-01 6.664980890494337507e-01 5.950158797312172787e+00 6.039518507473132791e-01
3.280951212193140565e-01 6.250867410556482096e-01 5.901894112776171042e+00 6.487171950450926206e-01
3.190263121563213233e-01 6.007696822390544700e-01 6.312354416694796022e+00 6.369453975639559618e-01
2.655737830872584859e-01 5.422983427364719278e-01 5.530007560915700005e+00 6.704982354004902501e-01
2.212359700341228752e-01 4.701169756247255971e-01 6.312324123523563202e+00 6.369676873905408820e-01
2.313462260960408579e-01 5.063850557324243162e-01 6.187758718434224647e+00 6.419222130082914424e-01
2.385117710280575121e-01 5.143259290025598007e-01 5.622600326646047364e+00 6.491885458703902101e-01
2.235290134173503751e-01 4.775433693060492923e-01 4.816628286349228460e+00 5.714493866223270269e-01
2.409385918277281435e-01 4.966356275155025535e-01 4.494597715796524895e+00 5.857041346221958378e-01
2.305162236136688581e-01 5.328832505233829231e-01 4.751815345933949608e+00 6.361281263248148576e-01
2.107779686783422812e-01 5.276207005936863759e-01 5.621021541079697315e+00 6.221223070501531449e-01
2.115350833895037197e-01 4.946918860483073832e-01 4.972457021280027867e+00 6.907299751992826975e-01
2.032551611439029071e-01 5.167526433782462236e-01 5.235362390839625846e+00 6.022773164184678230e-01
2.156829176198039322e-01 4.878983061205571237e-01 4.553207014878058345e+00 6.245490977293444157e-01
1.301680202929891561e-01 4.462877759479003670e-01 2.717616827623837494e+00 5.809685210170745240e-01
1.081254577934450817e-01 3.459296806504845723e-01 3.697256350462219565e+00 5.529971149263088748e-01
1.043084296980888587e-01 3.447998914050940389e-01 3.851501361021623993e+00 5.244100586483522175e-01
1.101969923877956503e-01 3.653619735654807799e-01 3.732327197212550907e+00 5.610474997289388588e-01
8.829829780288478425e-02 3.139981190604260730e-01 2.156433832113561433e+00 5.685704229421345568e-01
8.782655532982797109e-02 2.647076966089857430e-01 1.658694104844140593e+00 5.666095424446701001e-01
9.258035650609727774e-02 2.723462960285441548e-01 1.474246111428559436e+00 5.157491417495430053e-01
9.607920034541639343e-02 2.799800816722866625e-01 1.465466852132527587e+00 5.512170585388519450e-01
9.150816016778424988e-02 2.858145474708515543e-01 1.564458662630578756e+00 5.116891900593608655e-01
9.169416581603084815e-02 2.452148888924993719e-01 1.654106915538023692e+00 5.149211709389126534e-01
9.241035074690605311e-02 2.310798300937182415e-01 1.440711704412606320e+00 5.412921730446621504e-01
1.003968849367338628e-01 2.381781908437860529e-01 1.450592683893955126e+00 5.088642796208813213e-01
8.583676760289575547e-02 2.349347137138899921e-01 1.147967531731974855e+00 4.970193373294402028e-01
8.541665946211941807e-02 2.222151692829927305e-01 1.158184206769017344e+00 5.506126493218826967e-01
6.859778786592322930e-02 2.229521848686565610e-01 1.124321447772693938e+00 5.192655857967570787e-01
9.533327986383090258e-02 1.579792189947419878e-01 9.877746133265571382e-01 4.584823518858807678e-01
9.295895804156312225e-02 1.616255172905202431e-01 9.256068232657518324e-01 4.516522942713364075e-01
9.528894568238417684e-02 1.603633318089354720e-01 8.989111054409103518e-01 4.857431605792655871e-01
9.292805889379393558e-02 1.726886015081848802e-01 9.709600475119986029e-01 4.499098027552982937e-01
8.842625362702055680e-02 1.562748031416486827e-01 8.904290339172933333e-01 5.002810843179702482e-01
8.612397581793575230e-02 1.668591574748644613e-01 9.402092490988018803e-01 4.829607257647694496e-01
9.308482658243751040e-02 1.677818741269352931e-01 8.884069520344211046e-01 4.392506150493500350e-01
8.185214884720481976e-02 1.654529698034513108e-01 8.534286045572008206e-01 4.488935527177209672e-01
8.569223393820375734e-02 1.603203630482144260e-01 8.360531968149556015e-01 4.781304628142987179e-01
8.261171113895257601e-02 1.753698867110213833e-01 4.916282161058132538e-01 4.387503740765453242e-01
9.015315685749179797e-02 1.862673985757913042e-01 4.619208707412461035e-01 4.615583496757324489e-01
9.868785788640134504e-02 1.697674541771733159e-01 4.316268931457789559e-01 4.701933325060819180e-01
9.790285058877107316e-02 1.640198063134128692e-01 4.165228307286739096e-01 4.429926569318412555e-01
1.070348310422403193e-01 1.587125054785001876e-01 4.696842252689303332e-01 4.461663012668195538e-01
9.943824112971604012e-02 1.507664056562359745e-01 4.659376439930161262e-01 4.527804114920420675e-01
1.002371268223280903e-01 1.628884817925077000e-01 4.632999123153424548e-01 4.723018103298290415e-01
1.080993229628513935e-01 1.641647847901014923e-01 4.225841483397514420e-01 4.435116383058614886e-01
9.752903916592084443e-02 1.732701387782591695e-01 4.683642323313743083e-01 4.965829979915042380e-01
9.344933491089166266e-02 1.531932136732450100e-01 4.034122193860898431e-01 4.720133140988336806e-01
9.232319539234193351e-02 1.604770807990649473e-01 4.131654592695775396e-01 4.174202257532994564e-01
9.327463276409279913e-02 1.569258717885918253e-01 4.188950307811067364e-01 4.644876868827765293e-01
9.874912855086051544e-02 1.572880846330572402e-01 4.525790051938401448e-01 4.649978107446650633e-01
8.984060771894981923e-02 1.536222737886082379e-01 4.363531600958950873e-01 4.562682556026138592e-01
8.655766909602731485e-02 1.515184876331891750e-01 4.063601678084967084e-01 4.067382422165665146e-01
9.228643902971697677e-02 1.632668422623230753e-01 3.886443611749281768e-01 4.607669557994156229e-01
1.001556008093463651e-01 1.582181266882465576e-01 4.144319625409935148e-01 4.477193222034075992e-01
8.794365981121177178e-02 1.297173386399199935e-01 4.068832445870017578e-01 4.825592479905836396e-01
1.011320665469043201e-01 1.251785368649394048e-01 4.170429039900308554e-01 4.382857953487747094e-01
8.483272384326476234e-02 1.207168143078883454e-01 4.206140723390646707e-01 4.391653565627374189e-01
9.480383062124704552e-02 1.173427318557251353e-01 4.026087289853344520e-01 4.496192432079297308e-01
9.619063747287665000e-02 1.206343249681806340e-01 4.088768121493046026e-01 4.376962812987407192e-01
8.904899494163114049e-02 9.402389119980771037e-02 3.391637707566498294e-01 4.534644602626196619e-01
8.881866763658430308e-02 1.049171581037000311e-01 3.682194696644536247e-01 4.707449301548011222e-01
8.910198245589305566e-02 9.201041556953143408e-02 3.268639178620689756e-01 4.436262538453359938e-01
7.788783123950655807e-02 1.008403156175766424e-01 3.400124839562183587e-01 4.378501960390253633e-01
8.951748160362577034e-02 9.671704248395703030e-02 3.598829060987728257e-01 4.620507472099109614e-01
9.053463628979928346e-02 8.844838356026855919e-02 3.666958086763011382e-01 4.461003239392694053e-01
8.891504497776506200e-02 9.321557132840753435e-02 3.693076797617101947e-01 4.256719289390482608e-01
9.065061926039265361e-02 1.019820588725123267e-01 3.366720004993540849e-01 4.222195033243453244e-01
9.161703693872970400e-02 9.365788327630179821e-02 3.680478713528484436e-01 4.614533574194257803e-01
8.164758577003199125e-02 1.054976732932292049e-01 3.635041083901485170e-01 4.911731441940632714e-01
7.742703619702595574e-02 1.149000156841493286e-01 3.472742727110614824e-01 4.687163199584455930e-01
6.728186899245611197e-02 9.623484527817677270e-02 3.282944444846275789e-01 5.211600742810653664e-01
7.274173127623780044e-02 1.029607035371841867e-01 3.319196481900291151e-01 5.034268515398413468e-01
6.523445748321293758e-02 8.608249941889033197e-02 3.520146121838111375e-01 5.002957272637132968e-01
6.539418394766108311e-02 9.161019314305104966e-02 3.043203545674290633e-01 5.060708332347250149e-01
6.162724610085631299e-02 8.603653023609837691e-02 2.577752104117496113e-01 5.119138113908295873e-01
6.394208990376210044e-02 8.799913300036621422e-02 2.600573483820464160e-01 5.080026397699105578e-01
7.004111314545477529e-02 8.390251635856156576e-02 2.885308216239861889e-01 4.951452596516352500e-01
5.636873344098418392e-02 8.694409960956019090e-02 2.602920495837565129e-01 4.697085787168804871e-01
6.614733453127991103e-02 9.230296121139093535e-02 2.408927889225687957e-01 4.725928076573039371e-01
6.692349771555228255e-02 1.011771195626824799e-01 2.576666542671753879e-01 4.688034909643080672e-01
6.350736436394863182e-02 1.039148511785353418e-01 2.446405675672645164e-01 4.592525771650481925e-01
7.433083507754692509e-02 1.057359818364684151e-01 2.585869081901701616e-01 4.831194332552809501e-01
6.772302318104025942e-02 9.885069461544349068e-02 2.308823674668522286e-01 5.012183124678044610e-01
6.715547259389136048e-02 8.817638767073227024e-02 1.945623317812676389e-01 4.849984141136119420e-01
6.504361932959511206e-02 1.146064871798266327e-01 1.303291314758509012e-01 4.548443769169385753e-01
6.444768389108303241e-02 1.060611743822963693e-01 1.457137275545927479e-01 4.661836832797145447e-01
6.598931409147061611e-02 9.907320430533463063e-02 1.366778098183810963e-01 5.087478539112960663e-01
7.106572143060992108e-02 1.082199160863012294e-01 1.304665784104480086e-01 5.059410343338311966e-01
6.529390145193546269e-02 1.096526511076896665e-01 1.378838907681278203e-01 4.609121944759488887e-01
6.340992499048946074e-02 1.248146030247239968e-01 1.273613706534223178e-01 4.669302493465083970e-01
6.637235958083979870e-02 1.074084976996996926e-01 1.235334328667165166e-01 4.795853136239145997e-01
6.456140008175545453e-02 9.900643530827336891e-02 1.466833544736880490e-01 4.756432453006553263e-01
7.586285825649632941e-02 8.703491384913412954e-02 1.412855936338293095e-01 4.896031056861115949e-01
7.128448877072211809e-02 8.844613465383396878e-02 1.140545051955737660e-01 4.530771191941539988e-01
7.084674135402162232e-02 8.683191091842396014e-02 1.208352217540015899e-01 4.236867572749091204e-01
6.889019799760517926e-02 9.552120477740613791e-02 1.214378407451731645e-01 4.527743349750748547e-01
7.291729099315305551e-02 9.084024197969391146e-02 1.230998625830115739e-01 4.573647343679680954e-01
6.884113292003626872e-02 9.232138375363423133e-02 1.130512751390042453e-01 4.822134076348731924e-01
6.794507057695507724e-02 9.367702655985116200e-02 1.087021134955285517e-01 4.969700645438371311e-01
7.224815135220725992e-02 1.030285601799185019e-01 1.114546876972592332e-01 4.792350751543567045e-01
7.368199257872933006e-02 9.136101464854129439e-02 1.068832637909068739e-01 5.079132269682107292e-01
7.074262958926146039e-02 9.611648407767607594e-02 9.914619124549466089e-02 4.913628381915303711e-01
6.908469405408919350e-02 9.504972042177953218e-02 1.068955512599395058e-01 4.772643035964568847e-01
8.358249886011871743e-02 8.433208125965732660e-02 1.111545855364680646e-01 4.778497239405080643e-01
8.109059084498300429e-02 8.368906774307090235e-02 1.090368896313505531e-01 4.476919701115172900e-01
7.315820742975578939e-02 9.038460814223477080e-02 1.121694402160360732e-01 4.241095972358028821e-01
7.753940306040615904e-02 8.607446956701443608e-02 1.037327284843275188e-01 4.766421018972146206e-01
6.871270609114586703e-02 9.238125831864724136e-02 1.073425059873436560e-01 4.487085912804976706e-01
7.252201229062051058e-02 8.169614631740261534e-02 1.009012769206414639e-01 4.566043291777793778e-01
7.412028229195442852e-02 6.925531518878125237e-02 1.003174777060027029e-01 4.788429589752347670e-01
8.029167228461449313e-02 7.093667252058154238e-02 9.131667317296861264e-02 4.842320888096747211e-01
7.670812460881439032e-02 7.173482926025814832e-02 8.692842507006419417e-02 4.680561004996891539e-01
7.527188245977049774e-02 7.309593465021056724e-02 9.297368219433517489e-02 4.631644121898280120e-01
7.469422066157024864e-02 7.428408150336875126e-02 8.655042876194456170e-02 4.957086177281982420e-01
7.629199938738395748e-02 7.135610725548729993e-02 8.663908302267343819e-02 4.417277160667921199e-01
7.874387324975866409e-02 6.613401313531049042e-02 9.192975375567179197e-02 4.519434434903750741e-01
7.925375061851668013e-02 7.161682192945033332e-02 8.584783555480281214e-02 4.867044082473086508e-01
7.717708548269604230e-02 6.615092870141922599e-02 7.956370298715445544e-02 4.615359522508856172e-01
8.498854837464486778e-02 6.711302946798414215e-02 8.718343069284142932e-02 4.538255574745482246e-01
7.261119808276095267e-02 6.412135086778422699e-02 8.663025635834536997e-02 4.603885427362652272e-01
7.611411847784237128e-02 6.962968759688115128e-02 9.844981978685957147e-02 4.259797710896438550e-01
7.793988556189934691e-02 6.167844172417101534e-02 8.725348456132510366e-02 4.500769358493035832e-01
8.400818140928970057e-02 7.066522197255395432e-02 9.105730076957786745e-02 4.600250416683220878e-01
8.272480912473259562e-02 5.662266756721547750e-02 8.943537823685052124e-02 4.095478409122261798e-01
8.140574349127713272e-02 6.158858379778096165e-02 8.890372127047939388e-02 4.241624236001409476e-01
7.841431918714887594e-02 6.235705019012289380e-02 8.999530527300102223e-02 4.767190043421996037e-01
9.209914972817835610e-02 6.027641957517009680e-02 9.790271733304790891e-02 4.110358852763403847e-01
7.493030473749606735e-02 6.389427800561452153e-02 8.527145499829837105e-02 4.583393531003423504e-01
7.911641351340388539e-02 6.705232798108133607e-02 9.698727320448216616e-02 4.601048806607835884e-01
8.632684762859244021e-02 6.523194738317884822e-02 9.157232738337611755e-02 4.246905291341321331e-01
8.532697744321796063e-02 6.424547431205022974e-02 9.104925104729931495e-02 4.359500100648751042e-01
7.797725380537533224e-02 6.734773176794021932e-02 8.275970414197243719e-02 4.447139793408759756e-01
8.601693732489078259e-02 6.081195560622055379e-02 8.813122650618417098e-02 4.261691480692765266e-01
7.997671846642749605e-02 6.092513588706632843e-02 8.942386130531679300e-02 3.871125174850846284e-01
7.754250922892903797e-02 6.324292951242567462e-02 8.755922746253526345e-02 5.041716685128593278e-01
8.413907312562131369e-02 6.436183160338637688e-02 9.174276016964201530e-02 4.574847319497096221e-01
7.875941320749811625e-02 6.392749113647228087e-02 8.629810798593959276e-02 4.850941413018040604e-01
8.498475260811483301e-02 6.089412030206033805e-02 9.257697801491818201e-02 4.308753050797502482e-01
7.693331771981645750e-02 6.950591128295775800e-02 8.962868653906655436e-02 4.359875560015921137e-01
8.521975832816010288e-02 6.712873774647674929e-02 8.579099083810719228e-02 4.090548156405247604e-01
7.998162679637517425e-02 6.293854542735598245e-02 8.815589852118714542e-02 4.379868302104502065e-01
8.244337685479219413e-02 6.887706700036441698e-02 8.993494569834260821e-02 4.225277931317678592e-01
6.225281652292182638e-02 5.646030585577094252e-02 9.094685023881647623e-02 4.982130984334456336e-01
6.369874014726932543e-02 6.004029073813225287e-02 1.064996452763083551e-01 4.539940089822410707e-01
7.033851912420631403e-02 5.971844832038813305e-02 8.993485596573737306e-02 4.684772920394133511e-01
6.203947875687075564e-02 5.717937850597758220e-02 9.148072057489231579e-02 5.134090558774324631e-01
6.822861075654973462e-02 5.702340779562698608e-02 9.497704398795450698e-02 5.026127491063928643e-01
6.216692001883243612e-02 5.936597763493460522e-02 1.060408446881278693e-01 5.208695089730217553e-01
6.173695349285195783e-02 5.645818562587612277e-02 1.005835473736679253e-01 4.667167898485006239e-01
6.432738048782396523e-02 5.542930320700147767e-02 8.716094824512381212e-02 4.675980591473392067e-01
6.622136925761572257e-02 6.721576407421360477e-02 9.447663811991949268e-02 4.500533691247957102e-01
7.171108709169109197e-02 5.629548288570309506e-02 1.008256693903745727e-01 4.630841426589755727e-01
7.183829837119024009e-02 5.875398999358626140e-02 8.378655666557717485e-02 4.830023710322312591e-01
7.391978465676514454e-02 5.685999606862718325e-02 9.375422042808075063e-02 4.586438902428870423e-01
7.126023253507868249e-02 5.751660236721947012e-02 9.305945786084902915e-02 4.477188082769791300e-01
6.992622427964130527e-02 5.669616495017522351e-02 8.343961198922082712e-02 4.618023494903812920e-01
6.698264660018420080e-02 5.626692828553771231e-02 9.156209063172408846e-02 4.254176140419730912e-01
7.392763599767770977e-02 5.458426966681131226e-02 9.863418266361773101e-02 4.620615017524856150e-01
6.942325411866956397e-02 6.008134512729731980e-02 9.516894639425582669e-02 4.532782963726100789e-01
6.682887165472606306e-02 6.122217524036289993e-02 9.709906911305207777e-02 4.970098653718356685e-01
6.719409377440106745e-02 6.086325106759250814e-02 9.332136345748699713e-02 4.614157957837674018e-01
6.638413112211706546e-02 6.000798806998189350e-02 1.006513811320585705e-01 4.857315256660462155e-01
7.451641357774686780e-02 6.113270566945923357e-02 9.264988690922280890e-02 4.878189859997249522e-01
6.980448102324296467e-02 5.649362728741432610e-02 8.986387669004543277e-02 4.833202597912134579e-01
6.615443535101854511e-02 5.964477274459731304e-02 9.215261758646145496e-02 4.516372611944619031e-01
6.655145937716490379e-02 5.899806620443649730e-02 8.991383246924722350e-02 4.563968130495168474e-01
7.027191373860390555e-02 6.439130819341198908e-02 8.634640062623297196e-02 4.436667899722530062e-01
6.650039538283296359e-02 6.386008058563757972e-02 8.650915283567896241e-02 5.023266974944821106e-01
6.348354860606893191e-02 6.124526656055596235e-02 1.030569922963189416e-01 4.845588679454265191e-01
6.615721146183858870e-02 6.133180578489242502e-02 9.778382649303372920e-02 4.861315699157283121e-01
6.675007522238554647e-02 5.544039359422310576e-02 8.709871893500033269e-02 4.736175734931969972e-01
6.728541875208715606e-02 6.524318415790630876e-02 9.581740687537021461e-02 4.855623948188532712e-01
6.880376037479805917e-02 6.446134723781059284e-02 8.604225290235065216e-02 4.907220390928199727e-01
6.133243785462695608e-02 5.739870663622221453e-02 9.254117608521764127e-02 4.707474297389819262e-01
6.409751853691864065e-02 6.037871842389233579e-02 9.387091610272511877e-02 4.720322208305332556e-01
6.926344996943578636e-02 6.596159613930598076e-02 8.356236945331087240e-02 5.071472998296601142e-01
6.904863351842402408e-02 5.877432041897968223e-02 8.348134587395268646e-02 4.352461106549679881e-01
6.402854338027122449e-02 5.953796722203104352e-02 8.674774367006968245e-02 4.999005960081976951e-01
6.208238791833985831e-02 6.204777608409870610e-02 9.193962956714657464e-02 4.503540855489151506e-01
6.715538241122250007e-02 6.006969197476608874e-02 9.107971529708860925e-02 4.565543425354443574e-01
7.424610004027294707e-02 6.692044005837338716e-02 9.963591258355976310e-02 4.959266742382903437e-01
6.594907404219133018e-02 6.177795867124714208e-02 9.399814009741171150e-02 4.456839427904578099e-01
6.258966534472107379e-02 6.603904341865415861e-02 8.762629992649945132e-02 4.654075070017438809e-01
6.400928805417277490e-02 6.153744182430087584e-02 9.672700845984080753e-02 4.550063299819651075e-01
6.145520578218003488e-02 6.219515239184892491e-02 8.989578608985268615e-02 4.917425921491717644e-01
6.409875142668505776e-02 6.425836267413560787e-02 8.244661958332689944e-02 4.771294318323934247e-01
6.542183668085083115e-02 6.174186735071749560e-02 9.201367526354022053e-02 4.709307321824908743e-01
6.418039582793845510e-02 5.866823853258684024e-02 8.929669594668282473e-02 5.076675054627592942e-01
7.104220035764227670e-02 5.839544117224337166e-02 8.783350627631002216e-02 5.054291830528742091e-01
6.179468416088224059e-02 6.078681946352353788e-02 9.160732001474773678e-02 4.691832960299341382e-01
6.614834822462160868e-02 5.697678231876336652e-02 8.583696149399797082e-02 4.496243238173701640e-01
6.825943080436888688e-02 5.978788468568051184e-02 9.544820035148868231e-02 4.724991038412353350e-01
6.069084524234591438e-02 6.395399866735111682e-02 9.487470216620653984e-02 4.682462810619599791e-01
6.134293617624589356e-02 6.046064455061950227e-02 1.031791026896204111e-01 4.815781757567189070e-01
6.663870883125394551e-02 6.798847772157973202e-02 8.555290566449577638e-02 4.988479939654492656e-01
6.823787754861802834e-02 5.653740230759893987e-02 8.570493293867852136e-02 4.755717367146647390e-01
6.075399234984088515e-02 6.375938571936126675e-02 8.911431241591978580e-02 5.084816064862470730e-01
6.778291476995573772e-02 5.213861792175182586e-02 9.748970229019053579e-02 4.611607525201517066e-01
6.326442658364206384e-02 5.742580263397935314e-02 8.604362130430856515e-02 4.245848184239676137e-01
6.621053253208376843e-02 6.393712222359543285e-02 9.942470885450260809e-02 4.758307124723867854e-01
6.276241054110337503e-02 6.282313468601981310e-02 8.807029687347778246e-02 4.687735401941559021e-01
7.048363404609696292e-02 5.961684402250401471e-02 9.496525062922478444e-02 5.342059980153848198e-01
7.224646965084816075e-02 6.313288072685420416e-02 9.051142140705550898e-02 5.143767329131466726e-01
6.506207086498472236e-02 5.569296659569798053e-02 9.075125298155783948e-02 5.188830067316947403e-01
6.555369628839316509e-02 6.222554635326063566e-02 8.588812539196151452e-02 4.938664647076478342e-01
6.617658713757093580e-02 5.842530629877252385e-02 9.177112428106787290e-02 4.810068773636899664e-01
6.885994621114685521e-02 6.628201610319620074e-02 8.875115561839122535e-02 4.451816110449691166e-01
6.336300515965523350e-02 6.201242601395356296e-02 8.925313835583162381e-02 5.034429425495459132e-01
6.105282155151661727e-02 6.394247156444093916e-02 8.457526720350193317e-02 4.659237389340669666e-01
6.120114590456510878e-02 6.617790572821982686e-02 8.782872172960805301e-02 4.909252972300310325e-01
5.550240876042642629e-02 5.691917915280329809e-02 8.336058910708181446e-02 4.534700472626199130e-01
5.886090868162247025e-02 6.268107655424738633e-02 9.380977962520381519e-02 4.778066994275158574e-01
5.797689363474180929e-02 6.282457778018493699e-02 8.377329188197327192e-02 4.365749186781126001e-01
6.427891379068877142e-02 6.242926228442282482e-02 8.828769334575781169e-02 4.585458004806756138e-01
5.956580631230625617e-02 6.285518628604680469e-02 9.164165276749590416e-02 4.904710876482169524e-01
6.072338588209362509e-02 6.476452041438104934e-02 8.413837108165660161e-02 5.007478962283412605e-01
6.000806929578848120e-02 6.055561801642406206e-02 9.489717378075065990e-02 4.979846404683345162e-01
5.853427370254633139e-02 6.734549853595520053e-02 9.139536949040434621e-02 4.977077520138670219e-01
5.820734088969833908e-02 6.042912398646092115e-02 9.114898739793338145e-02 5.168046950396555372e-01
5.633734133845322289e-02 6.561467321864135338e-02 7.868218309308597225e-02 4.665823486259923492e-01
5.877736461796121553e-02 6.766595281105522441e-02 8.233997646913639168e-02 4.536507014839009089e-01
5.533926573988426356e-02 6.641888587231037366e-02 8.798986030551320114e-02 4.677395730635510729e-01
5.924500065957326311e-02 6.884554922505650709e-02 8.778639471801301386e-02 4.570724090362937586e-01
5.891653657253385912e-02 6.205451546749331249e-02 8.433231400145946299e-02 4.683023262292685396e-01
5.981389866773643288e-02 6.273488218706152475e-02 8.454723961609802996e-02 5.315489326858637842e-01
5.999148923147170492e-02 6.426837470469717872e-02 8.797147667452409614e-02 4.625697256048111883e-01
6.203315606536519838e-02 6.284945664265353948e-02 8.377124803095500893e-02 4.159315253367695253e-01
5.217575660476549138e-02 6.351525492482708313e-02 8.607605345709892775e-02 4.822764280322380803e-01
6.036365735908275076e-02 7.086635864357888892e-02 9.817257792073862122e-02 4.733089713798078746e-01
6.039619863874009370e-02 6.312840566337894754e-02 8.779548297806602508e-02 4.703773664536652355e-01
6.568975534302658181e-02 6.213273539371268889e-02 9.183566500562077850e-02 4.526129267778002951e-01
6.408580827088368459e-02 6.025876969884427087e-02 8.186211503590959393e-02 4.755278717383882303e-01
6.163061932365818119e-02 7.203655470284700546e-02 7.898092110781365638e-02 4.386288442358377559e-01
6.279344873970293950e-02 6.437753952350037945e-02 9.559698648658397635e-02 4.552190660498542374e-01
6.072694118652517681e-02 6.747932022914464312e-02 8.192511722269953112e-02 4.541658045953215206e-01
6.069279693572655898e-02 6.823468261231045717e-02 8.183667242996105207e-02 4.739742953719419116e-01
6.345451933319398719e-02 5.871574525474192868e-02 8.277746508190625407e-02 5.060012258919612815e-01
5.477705471467806536e-02 6.760228435812520864e-02 8.482180868753871894e-02 4.880528858374004741e-01
6.409200542159194935e-02 6.057064054241277640e-02 8.601823526762222838e-02 4.956413106254088374e-01
6.256236040507809348e-02 6.224434740816276596e-02 8.763158947422468315e-02 5.055596185475840221e-01
6.786204622973504574e-02 6.397410781524591472e-02 8.749982387698349018e-02 4.898448010030218569e-01
6.142294783491712012e-02 7.118591865342394076e-02 8.343008218430621181e-02 4.497662314161428587e-01
6.145848682340433050e-02 6.455704474282698835e-02 9.119887160219626587e-02 4.711369402215733748e-01
5.956114046639708615e-02 6.644456984823719770e-02 8.876955893651081175e-02 5.122050676899749799e-01
6.294159137327533238e-02 6.124769142036511765e-02 9.213710392707377683e-02 4.485805788478024470e-01
5.838750917651016475e-02 6.415278167791554909e-02 8.386628590932926341e-02 4.521930975373817385e-01
5.327954813372841325e-02 6.342648211123595725e-02 8.687972338910064651e-02 4.892357877061976890e-01
5.634252227200750585e-02 6.358448510975997503e-02 8.483578977877266614e-02 4.282875792034991913e-01
6.008274085471902032e-02 5.827456539530529583e-02 9.229044124082322331e-02 4.648925276251239525e-01
5.379795577431205345e-02 5.918189145014506047e-02 8.788411672518979534e-02 4.870317510413736950e-01
6.051076485036824271e-02 5.797516703948719929e-02 9.121887340354509210e-02 4.892342077936028821e-01
5.588236382250572065e-02 6.326275839658447586e-02 8.349930875500813365e-02 4.591348997938815568e-01
6.489550537981482459e-02 6.484596580289012091e-02 8.283490738867686776e-02 4.624495906943993928e-01
5.337078457476123611e-02 6.392301871708094829e-02 8.404608430581179956e-02 4.625105136795384930e-01
6.175173473471891328e-02 6.387217558338031953e-02 8.362275492912157882e-02 4.933482119528566634e-01
5.609621242411276520e-02 6.523366355177440123e-02 8.529941445866057181e-02 4.392982497384921858e-01
6.205569951759798419e-02 6.254573812442160152e-02 7.729328524631956521e-02 4.762297942597328859e-01
5.224096902012412974e-02 6.457091036229331560e-02 8.956882156167168818e-02 4.790778136026441758e-01
5.260492903551554356e-02 5.967791088124609761e-02 9.427437471531745217e-02 4.830486699016714458e-01
5.968842752404440732e-02 6.612717186784550227e-02 8.660803522224848339e-02 4.488501900640221032e-01
5.876820240905834131e-02 6.412993043048137443e-02 9.183377134986749069e-02 4.928075214566324802e-01
5.299777990177431675e-02 6.117632535001377853e-02 8.799083559635377527e-02 4.674604835384442159e-01
5.517159529671211010e-02 6.285372872708462622e-02 8.956890351113371007e-02 5.256938861462238100e-01
5.744989367345373216e-02 6.801191843102510903e-02 9.001406570232368953e-02 4.411322002744167969e-01
5.682912136441792272e-02 6.595300247979241082e-02 9.271122207480725352e-02 4.698397388241113415e-01
5.934653636798350312e-02 6.683007951816952175e-02 7.732993151353995120e-02 4.855992541745945967e-01
5.522262167269272048e-02 5.736895471592160650e-02 8.349817289650834917e-02 5.067248486771670501e-01
5.273582887903004168e-02 6.311595741448169927e-02 8.269674354522606186e-02 4.729603799883089765e-01
6.043664116143038223e-02 5.753502657827276601e-02 9.256627898758167106e-02 4.610311623870905207e-01
6.146354249209428494e-02 6.576890787717287745e-02 8.225322187467355717e-02 4.681516448796521623e-01
6.217026187819400807e-02 6.137797353794509359e-02 8.293808130621707631e-02 4.816656449429111975e-01
5.719883113230558175e-02 6.135662862334294310e-02 8.226502344221470198e-02 4.447472307166278616e-01
5.977174378396341026e-02 6.419096913516117442e-02 8.353148641436426713e-02 4.804189926694920620e-01
5.801915845437326247e-02 5.760702837409031191e-02 8.827223526421404398e-02 5.007380591949022186e-01
6.093193476204945142e-02 6.212908508883020070e-02 8.224219614311867321e-02 4.935551013509798524e-01
5.616999760302984757e-02 6.369813140720385902e-02 9.821758623448759162e-02 4.784934846080510229e-01
5.277466637580108255e-02 5.920283234236652786e-02 8.996388614427683339e-02 5.234935878155785316e-01
5.759446572716706014e-02 6.561911019304253467e-02 8.322832220364109745e-02 4.728507815534158665e-01
5.660629114547793134e-02 6.487559748683349725e-02 9.182378419757136756e-02 4.088751430009804899e-01
5.512079405563603124e-02 5.880820852534864723e-02 8.594910647163378492e-02 4.353181516790382011e-01
5.932881444822388217e-02 6.660663096485876233e-02 8.345294149731591338e-02 4.418602905027652072e-01
5.417948292733528598e-02 6.303364126482750851e-02 8.036478745086587938e-02 4.308135648237115811e-01
5.554811558507121577e-02 6.791372776577471460e-02 8.254570682860128128e-02 4.803497518307197067e-01
5.805273464987557863e-02 6.504775838108758923e-02 9.179872356848231552e-02 4.564378532597752058e-01
5.581520737977441887e-02 6.235503253956166392e-02 8.825388798260688783e-02 4.824401048828066974e-01
5.683545483174859414e-02 6.183320595908125411e-02 8.213849460096100952e-02 4.463618658813773288e-01
5.955129171113114628e-02 6.082335553090723046e-02 8.171960343937437199e-02 5.161425511101576102e-01
5.537105544287752174e-02 6.436329157228144748e-02 8.429589843037448016e-02 5.095163084676330723e-01
5.948372206977898397e-02 6.701517860572239749e-02 8.092857670753023092e-02 4.874133684410413281e-01
5.876019291440645609e-02 6.587243343695627085e-02 9.318270072423662231e-02 4.734220335817876379e-01
5.381262480722749653e-02 6.161453598926812381e-02 8.727853799253845746e-02 4.820184491285660067e-01
5.541941213373927783e-02 6.521094281235827184e-02 7.996926384543878719e-02 4.605246258891969591e-01
5.470395293850407320e-02 6.611368164377419421e-02 8.464788182402530059e-02 4.952489050597009834e-01
5.171806660855211846e-02 6.451286096647500246e-02 8.737642774092953257e-02 4.799531321273663997e-01
5.547492125590128276e-02 6.286979406053776198e-02 8.736449993797942848e-02 4.770424844919969876e-01
5.321221819068125414e-02 6.113375905705666080e-02 9.512732124259480615e-02 5.088763669659654987e-01
5.521266058210112099e-02 6.164349375870427361e-02 7.954080637220235783e-02 4.676301526755071158e-01
5.569216201073259875e-02 6.813414406737476614e-02 9.314352331892117309e-02 4.566007296232877377e-01
5.252228784553888974e-02 6.291442686609419188e-02 8.926170468919386591e-02 4.492025791857850447e-01
5.309413046180054552e-02 5.898877343775372345e-02 8.323145471768958470e-02 4.225644957161375226e-01
5.050741645782944739e-02 5.995516223196292738e-02 8.417587615525376488e-02 4.363743199813264750e-01
5.382686861038310511e-02 6.173848417760477436e-02 7.525782501347050291e-02 4.448056043882669952e-01
5.287010997579977972e-02 6.349952380984325018e-02 9.409397863940364981e-02 4.726353036018929865e-01
5.670761622155685161e-02 6.542535414114213077e-02 9.271855621684582660e-02 5.106917175846292789e-01
5.954518485487646229e-02 6.414256975367278735e-02 8.346023011445002915e-02 4.718549265814098725e-01
5.339692449543267938e-02 6.081706184028173173e-02 8.456680646815113722e-02 4.924811475277630080e-01
5.471578511856677735e-02 6.347228882252170523e-02 8.374451197904343724e-02 4.625753872885307594e-01
5.523106603620716454e-02 5.673760848014578612e-02 9.325705995053337749e-02 4.260738302844440661e-01
5.766734818595763146e-02 6.224103193469502499e-02 8.943945474936579321e-02 4.969517818014837496e-01
5.805125627297632457e-02 6.732884465970538634e-02 8.769630602381305040e-02 4.538014545479800987e-01
5.528561193374407351e-02 6.047935586377960193e-02 8.899275843295109678e-02 4.656046785175667613e-01
6.001062090795853537e-02 6.078160185619203848e-02 7.888430572405417951e-02 5.074808513444369895e-01
6.078800542866875239e-02 6.737944385374808332e-02 8.281504728400684856e-02 4.774105046925668505e-01
5.649840369643604338e-02 6.710771584447286497e-02 8.613097750786485873e-02 5.068379716816188152e-01
5.431897787918254367e-02 6.132058656431631921e-02 8.750848270689143282e-02 5.121860693241715445e-01
5.356976542030097294e-02 6.964269823438652696e-02 9.100939608739606890e-02 4.466290413940313675e-01
5.768109736170289048e-02 6.129933636383723405e-02 8.615122311129792820e-02 5.246892394683135841e-01
5.415649028450501834e-02 6.104386268307940289e-02 8.681526018537011335e-02 4.361422030949340112e-01
5.198614559010478198e-02 6.745687470742635361e-02 8.140752886265614774e-02 4.855553910579615828e-01
6.028006682226010049e-02 6.496983679901383035e-02 9.891408407556420701e-02 4.818390326919120836e-01
5.767731097714020455e-02 6.141288156665374726e-02 8.845379397289436507e-02 4.529401173111140544e-01
5.736696225468613380e-02 5.632535940427244731e-02 9.143933175577922956e-02 4.778616125434372308e-01
5.661141153093546263e-02 6.935564809774313888e-02 8.881687679491145904e-02 4.754291764669263953e-01
5.948152904924472462e-02 6.379951246182839764e-02 9.101841311228270337e-02 4.302590153936212136e-01
5.834472901490884988e-02 6.187951031095150628e-02 8.603722617703427056e-02 4.963501627381688985e-01
5.967755578238561481e-02 6.373505514150938633e-02 8.892419046120943193e-02 4.928344584237782100e-01
5.709108108831446177e-02 6.812464296394675489e-02 8.473707626616187871e-02 4.445320192425798456e-01
5.868474426897435370e-02 6.252347318319097236e-02 8.343270464207015735e-02 4.792363922773961171e-01
5.479605542761626508e-02 5.985339744287285213e-02 8.908997053303956137e-02 4.687087181125953461e-01
6.332959719722422443e-02 5.995225339738324832e-02 9.397648333910833818e-02 4.940893768355625326e-01
6.080344322695473147e-02 6.248778810300559261e-02 8.862543908878850463e-02 4.541530814565729601e-01
5.426326530296175787e-02 6.946316672141188142e-02 8.505141747934702456e-02 4.630223620449472333e-01
5.883692116819590895e-02 5.925101647674388405e-02 1.042597873327883451e-01 4.812942780580926061e-01
6.026948721098543404e-02 6.447634707299587653e-02 8.658066155797215779e-02 4.886674590030630760e-01
5.265481095246171001e-02 5.883626915001111818e-02 8.805724553417154654e-02 4.886780845022642428e-01
5.512318256791835097e-02 6.267838794477870179e-02 9.546884536569408275e-02 4.825830700417212960e-01
5.928065592492669927e-02 6.192206293267607520e-02 8.675603229787663684e-02 4.673203725101586214e-01
5.580437562634007337e-02 6.289202545141042711e-02 9.858520218957457504e-02 4.777851891728541189e-01
5.358907150629119154e-02 6.524209969784759700e-02 8.531331369515776641e-02 4.391506059548125895e-01
5.404213643214434565e-02 6.254667837233350569e-02 9.400447060682037836e-02 4.812484697823061763e-01
5.863667485757657893e-02 6.460149435179432520e-02 9.369988224059853932e-02 5.263967399542253123e-01
5.835490301065564961e-02 5.869665874732204330e-02 8.021341878882881637e-02 4.934298812482980634e-01
5.409647101005199410e-02 6.468766558012688239e-02 8.954718636341744975e-02 4.868057321779235558e-01
5.349868500029672513e-02 6.443330787837132922e-02 8.764377751586331644e-02 4.890261194747612672e-01
5.865606438969592218e-02 6.014333441910769962e-02 8.601696449303213032e-02 5.246253752627317857e-01
5.257718366428480727e-02 6.060902802946616791e-02 8.807829600010416704e-02 4.760318733367457367e-01
5.616850786581517596e-02 6.183588417096995415e-02 8.846009850908699568e-02 4.702155244062000139e-01
5.524066519513812223e-02 6.175638496577950248e-02 8.823809949026677202e-02 4.545961844552660058e-01
5.197695384828324161e-02 6.560620971580635730e-02 8.777605300079745210e-02 4.589759933350600063e-01
5.603506930014578308e-02 5.950382121574313010e-02 8.307491518195317393e-02 4.845819609540735207e-01
5.455700613729660975e-02 6.295578676547385066e-02 8.234528981402887415e-02 4.627624817044962424e-01
5.842002954777946594e-02 6.534407658073182468e-02 8.570004146426457581e-02 4.877205485790350736e-01
5.758714537146511492e-02 6.518728976915140472e-02 8.119666603321581966e-02 4.615055020710019384e-01
5.635016236825186181e-02 6.351338057337818643e-02 7.841207295531482657e-02 4.667168610286960839e-01
5.713947192941744302e-02 6.096239400347742282e-02 8.815155039844793650e-02 4.866258309751417821e-01
5.202204757165175553e-02 6.199676025736369084e-02 8.990890700831953575e-02 4.875295040567695359e-01
5.040688273308377432e-02 5.965111526800342956e-02 9.295314199535968658e-02 4.252435675333956500e-01
5.194808999775815672e-02 6.212322840325831819e-02 8.692330590555884251e-02 4.554142905257797524e-01
5.401264277783301981e-02 6.676673566092378165e-02 9.328154567905766470e-02 4.607550134767269268e-01
5.653116111871580446e-02 6.929838102655062892e-02 8.101081088688365239e-02 4.806148932798298690e-01
5.194469271617490475e-02 6.430298312908917790e-02 8.958611172040382986e-02 4.452271615739711863e-01
4.911327173600311263e-02 5.760104052286955933e-02 8.683615263848361299e-02 4.511064282883580634e-01
5.363863909325001372e-02 6.625339127970272801e-02 8.801856889875919743e-02 4.394561984014678235e-01
5.241718606482569098e-02 6.448139609270962802e-02 9.380093988214406597e-02 4.886504901832207093e-01
5.737128293275851887e-02 6.664121941631141743e-02 9.494710309281116645e-02 4.720120392978910950e-01
5.612968437300967783e-02 6.287211490627053756e-02 8.580712872878805408e-02 4.718284035032805912e-01
5.974030003636988245e-02 5.575595127749977120e-02 9.024201167196484186e-02 5.082411458529131343e-01
5.322314973598658155e-02 6.165068373954974562e-02 8.866531572509459003e-02 4.942170812690143133e-01
5.363791776431400121e-02 6.407271055652526137e-02 9.463902575473391587e-02 4.886040487349743722e-01
5.438838077919869868e-02 6.387424746490613647e-02 9.081461645709634767e-02 4.682708427808005558e-01
5.237498235104437461e-02 6.503579374330735463e-02 7.753177835398583628e-02 4.455452967021704680e-01
5.418942573038067201e-02 6.760190259080059438e-02 8.288756945557471112e-02 4.833312216619521928e-01
5.598279257363405342e-02 6.852520019387055294e-02 8.248728785329950686e-02 4.585797189410698027e-01
5.837816557360077374e-02 6.070848772373627078e-02 8.369560234834906576e-02 4.596298158340680340e-01
5.861808097675635931e-02 6.353421376520598796e-02 8.954491329536644340e-02 4.806615726725484983e-01
5.453789229019838369e-02 6.460558948682737501e-02 8.666848193250262233e-02 4.864149673828586096e-01
5.210635656702761881e-02 5.969895824416417141e-02 8.373595921095890182e-02 4.615256545670433086e-01
6.032148297695371503e-02 6.724889589085018826e-02 8.997461612148981158e-02 4.737842182996867546e-01
5.932246505731253450e-02 5.915516672226178718e-02 8.714533094014742520e-02 4.632713344723014548e-01
5.653425757041363048e-02 6.204865342927613076e-02 8.652375496482062056e-02 4.958153924335946816e-01
5.466705416937297363e-02 6.529893896850200163e-02 8.586799440316450482e-02 4.891824400042585896e-01
5.703205170919185829e-02 7.106153442074217286e-02 8.665812250067772560e-02 5.203645439457953437e-01
5.485502929500577635e-02 6.256237898989143453e-02 8.643585550419613517e-02 4.445802986560486447e-01
5.418787646938549862e-02 5.980844666992757297e-02 8.499919480109663361e-02 4.638310780803760469e-01
5.561746419067292030e-02 6.352393625841622204e-02 8.378036483700966597e-02 4.779618476035206731e-01
5.467769098104605097e-02 5.919868222097540711e-02 8.509925985936264703e-02 4.945793994355516809e-01
5.489734932292265196e-02 6.313402276105797850e-02 8.654895633945772215e-02 4.356773437371099233e-01
5.817092174133175336e-02 6.640853419908379629e-02 8.238727517864603833e-02 4.752812373988130612e-01
5.771433737404265546e-02 6.003999164545006234e-02 8.587762084308753208e-02 4.676470034145978616e-01
5.109127675660182777e-02 6.329991703748275023e-02 8.995536096456176189e-02 4.466083408167447200e-01
5.305716256157080174e-02 6.618205051238131020e-02 8.964924847176247713e-02 4.429918228473750941e-01
5.204854751292938703e-02 6.089266543306209867e-02 8.934467207573335013e-02 4.527288702920136965e-01
5.884633816075568458e-02 6.159314036641317519e-02 8.292478209141228296e-02 4.410491319951949096e-01
5.263635655765388360e-02 6.015966333282195266e-02 9.238246098523757166e-02 4.757075074779585910e-01
5.878633256241330013e-02 5.850808229945117511e-02 8.744288901823167592e-02 4.868697494310946783e-01
5.727514579186809840e-02 5.767525462952384496e-02 8.927645418603644134e-02 4.410545031575551223e-01
5.698856548593714266e-02 6.432328705519400891e-02 8.633495382332258272e-02 4.613823997847073533e-01
6.097797231467194656e-02 6.305741785933968724e-02 8.998989136694386659e-02 5.083369611291485013e-01
5.479327574425269659e-02 5.982758716675388305e-02 9.039449054651862991e-02 4.713172822999441292e-01
5.298000152504902388e-02 6.019464844921474517e-02 8.615718604926156377e-02 4.450291857027635634e-01
5.470290043515998318e-02 6.238285682040052571e-02 8.483697492050769340e-02 4.272643090035797009e-01
5.139062571258701251e-02 6.096704257093214091e-02 8.655450615224537236e-02 4.403205029196264331e-01
5.384863574701507366e-02 6.048178974525613566e-02 8.806292304369812973e-02 4.730768844315747512e-01
5.085479543417598808e-02 6.369078220134202772e-02 9.235458239746838216e-02 4.665401681738500228e-01
5.402861582166079701e-02 5.894728512900040268e-02 9.473821250506887781e-02 4.707967747703904471e-01
5.408487528550567913e-02 5.794352986220068641e-02 8.917445307864664550e-02 4.743832604874015368e-01
5.548951162337568271e-02 6.512956928334634465e-02 8.179937264948695941e-02 4.659054833096139547e-01
5.650717157242620553e-02 5.282477710439422575e-02 9.689913841525313321e-02 5.027179681662367061e-01
5.785774018418152892e-02 6.711761007669495016e-02 8.985767316387488490e-02 4.599108365445537250e-01
5.677180042803863652e-02 6.744061404437780294e-02 8.850799043281756817e-02 4.815270073781236504e-01
5.206784964083560618e-02 6.838498837033521460e-02 8.107180996359945879e-02 4.684743755796290654e-01
5.710787917849084738e-02 6.704035605794862740e-02 8.829865232542645492e-02 4.954449867809284647e-01
5.418795215287156020e-02 6.340739056398321527e-02 8.224691585984504616e-02 5.510315928574847089e-01
5.111027002444678419e-02 6.729775609673031844e-02 8.216441950409990314e-02 4.986139058267277102e-01
5.677874590535840482e-02 6.667985780699350884e-02 7.901858728830188361e-02 4.723324961491378593e-01
5.744001674169188498e-02 6.067982819348338719e-02 1.004446765795219132e-01 5.054066626182667221e-01
5.423000060429601643e-02 5.675317289470551557e-02 8.739625647173690504e-02 4.948870474833124700e-01
5.066694518999945857e-02 6.454857786733794733e-02 8.035564688743671025e-02 4.897021522685336969e-01
5.376568959162746769e-02 6.258281535345255886e-02 8.390101022408645581e-02 5.088672405318152014e-01
5.315679903142100926e-02 6.112655752046221996e-02 9.069389651493192650e-02 4.883950479193308603e-01
5.396763692755350561e-02 5.899693468292634135e-02 8.311580578135975561e-02 4.760342678885959300e-01
5.507530258490807989e-02 5.874189668442347800e-02 8.719018198361212779e-02 5.295680470660384387e-01
5.206118487814764828e-02 5.761633194526210450e-02 9.306493104688068341e-02 4.676056440604853814e-01
5.607842150095615485e-02 6.399533209491077568e-02 9.083938642470312796e-02 4.768734855687795648e-01
5.482695171334310558e-02 6.341985175751736759e-02 8.503914112797082703e-02 4.916536051466117163e-01
4.992797142308562364e-02 6.408345411868249242e-02 8.652010739030138731e-02 4.732596978031168300e-01
5.174415877341356773e-02 6.286849137608256644e-02 9.001259853039757231e-02 5.094402089402934042e-01
5.139319364756413794e-02 6.387128357813930124e-02 9.262247098392230316e-02 4.801627395990116787e-01
5.504973407905144889e-02 6.460264840092631855e-02 8.012682387139043183e-02 4.983927754678305067e-01
5.511240835566529744e-02 6.134378514633621188e-02 9.372144967178690222e-02 4.755830189811024455e-01
5.079134277089818184e-02 6.072255902088714852e-02 9.345589157041289674e-02 4.513261679237933754e-01
5.905555528680053040e-02 5.800532391608373417e-02 8.977762407288569779e-02 4.908403236849552820e-01
5.660155979766413187e-02 6.261928297981479707e-02 8.426545811017424614e-02 4.983434103156283435e-01
5.436510643725714353e-02 6.321235603934786951e-02 8.820304437449057178e-02 4.817709554477953016e-01
5.363433239746385334e-02 5.998240767965629106e-02 9.339499829635473926e-02 4.912929782761964459e-01
4.903683300078206381e-02 6.552519480435690935e-02 9.124109452909329177e-02 4.756333158923904403e-01
5.120881785460258684e-02 5.915752716356834084e-02 8.369807722245489745e-02 5.458795194450719590e-01
5.112072440797399420e-02 5.965294993739220925e-02 8.615850447342550400e-02 4.964202526285199091e-01
5.225140819007837584e-02 6.703341259080893011e-02 9.357263902031845437e-02 5.046630212852266650e-01
5.301807596921154914e-02 6.400017240170408073e-02 8.299234354464168906e-02 4.902379809208462502e-01
5.350605835922980780e-02 6.166205698952317849e-02 9.374037386129863147e-02 4.513113756664490772e-01
5.455064045178015242e-02 5.809371242129791196e-02 8.264564204426724792e-02 4.786555346374473663e-01
5.410552062528375256e-02 6.203311634971449967e-02 8.726394858549728351e-02 4.554924025126387277e-01
5.711944485817337797e-02 6.387339879730818959e-02 9.187022534605880641e-02 4.289463750676703602e-01
5.237098607835139613e-02 6.198438789031073676e-02 8.667185257801433840e-02 4.935685165035780253e-01
