2.214737536551766880e+03 1.589774867755288824e+03 1.366866388040069491e+06 2.482584326959593568e+01
1.914482782426965514e+03 1.453070705929704900e+03 1.185534817013678607e+06 2.482584326959593568e+01
1.824568353525743305e+03 1.399169212658265451e+03 1.090525021218266804e+06 2.482584326959593568e+01
1.785652671856078314e+03 1.379871779193815200e+03 1.091132559201839846e+06 2.482584326959593568e+01
1.547033701410881122e+03 1.273478402033843849e+03 1.009016126627477584e+06 2.482584326959593568e+01
1.399730442949519784e+03 1.188150750760384426e+03 1.014147638429788756e+06 2.482584326959593568e+01
1.080340692971860790e+03 1.026635294117261083e+03 8.310299850558220642e+05 2.482584326959593568e+01
5.342324599497405870e+02 7.436004572830040615e+02 5.174550239094275748e+05 2.753298117759591435e+01
4.172667704061873906e+02 6.032152289169921460e+02 4.747626981986635947e+05 2.565539321091007707e+01
4.172667704061873906e+02 6.032152289169921460e+02 4.747626981986635947e+05 2.565539321091007707e+01
3.966408869503615620e+02 5.838559642478760452e+02 4.682833811893787351e+05 2.799720055796539242e+01
4.156513088680117107e+02 5.871198004385089462e+02 4.710352375694122748e+05 2.571767795754768571e+01
4.156513088680117107e+02 5.871198004385089462e+02 4.710352375694122748e+05 2.571767795754768571e+01
3.396778591748040981e+02 5.178304732904266530e+02 4.227351321676298976e+05 2.762179108986502030e+01
3.396778591748040981e+02 5.178304732904266530e+02 4.227351321676298976e+05 2.762179108986502030e+01
3.396778591748040981e+02 5.178304732904266530e+02 4.227351321676298976e+05 2.762179108986502030e+01
3.418582837847270639e+02 5.320785450143957860e+02 4.276290877850374673e+05 2.580735661868338582e+01
2.612438621701015222e+02 4.486789102024271756e+02 4.331826201675885823e+05 2.780886490964886804e+01
2.612438621701015222e+02 4.486789102024271756e+02 4.331826201675885823e+05 2.780886490964886804e+01
2.532643786366046470e+02 4.441947529519071054e+02 4.317555080115342862e+05 2.892777360708141288e+01
2.532643786366046470e+02 4.441947529519071054e+02 4.317555080115342862e+05 2.892777360708141288e+01
2.224938562519494383e+02 4.653144338245488711e+02 4.317535253982834402e+05 2.815510224861414201e+01
2.224938562519494383e+02 4.653144338245488711e+02 4.317535253982834402e+05 2.815510224861414201e+01
2.020166027684718699e+02 4.179084640775803337e+02 4.120871346755110426e+05 2.817939552239950274e+01
2.020166027684718699e+02 4.179084640775803337e+02 4.120871346755110426e+05 2.817939552239950274e+01
1.752850578178797605e+02 4.464169030196134713e+02 4.071934757625980419e+05 2.837837740954002896e+01
1.056458372719789054e+02 4.011807470943428484e+02 3.003134736294903560e+05 3.226653093258263283e+01
1.056458372719789054e+02 4.011807470943428484e+02 3.003134736294903560e+05 3.226653093258263283e+01
9.205804211614648125e+01 3.558132008802417090e+02 2.686501160241617472e+05 3.154074270298232463e+01
8.815534061721203329e+01 3.367507763223463257e+02 2.579528754069120914e+05 3.332794985310541591e+01
6.742270668337376094e+01 3.692459889405117224e+02 2.130676063088297669e+05 3.815561707113543832e+01
5.826044165596332647e+01 3.357964136532706334e+02 1.892248292075918580e+05 3.740656376996085442e+01
4.390105211063712431e+01 3.189377266480910293e+02 1.480430880644142162e+05 4.679184149858073027e+01
3.343159230558778461e+01 2.861061034694502609e+02 7.868253124195753480e+04 6.512917987318921575e+01
3.145940889629977377e+01 2.992946986022592455e+02 7.310267138884741871e+04 6.284818755822917069e+01
3.282382460638805810e+01 2.793216983096200465e+02 5.915301209210159141e+04 7.478005357441783474e+01
3.176218593098317911e+01 3.032312169333624183e+02 5.474538860713470785e+04 7.442454204577148857e+01
3.176218593098317911e+01 3.032312169333624183e+02 5.474538860713470785e+04 7.442454204577148857e+01
3.055306812408883488e+01 3.105504630255775282e+02 4.833027998890823073e+04 8.110745722299381555e+01
2.868266239393870265e+01 3.058004574144478624e+02 4.826556887457243283e+04 8.160036443780464310e+01
2.965554675897871562e+01 3.132473651628172888e+02 4.508592151418392314e+04 7.854691855517788213e+01
3.051142865665860526e+01 3.059636084383307093e+02 4.172644502841700887e+04 8.210269520539132770e+01
3.012097470789245435e+01 2.919391200166748490e+02 2.312703439921251629e+04 8.899993322764814252e+01
2.747148632473767194e+01 3.023575528102036287e+02 2.193680835106320956e+04 9.319344802749186840e+01
2.610614660241938623e+01 3.000343230949051758e+02 8.957650579842706065e+03 1.138633342618658872e+02
2.610614660241938623e+01 3.000343230949051758e+02 8.957650579842706065e+03 1.138633342618658872e+02
2.394334093472281211e+01 2.891705694076757709e+02 7.517809529999522965e+03 1.179356483704730891e+02
2.469038051542875323e+01 2.884817872389338618e+02 7.223085040639493855e+03 1.153164093648062476e+02
2.359937716171122091e+01 2.860853411814345009e+02 5.231631846314759059e+03 1.324605814295647974e+02
2.308767251380636765e+01 2.816712396851796711e+02 4.683008751163809393e+03 1.297778783897980759e+02
2.308767251380636765e+01 2.816712396851796711e+02 4.683008751163809393e+03 1.297778783897980759e+02
2.308767251380636765e+01 2.816712396851796711e+02 4.683008751163809393e+03 1.297778783897980759e+02
2.308767251380636765e+01 2.816712396851796711e+02 4.683008751163809393e+03 1.297778783897980759e+02
2.503743703280165889e+01 2.526034642042329210e+02 3.754043297491562043e+03 1.385063537081674099e+02
2.503743703280165889e+01 2.526034642042329210e+02 3.754043297491562043e+03 1.385063537081674099e+02
2.503743703280165889e+01 2.526034642042329210e+02 3.754043297491562043e+03 1.385063537081674099e+02
2.498513798433766908e+01 2.495469824868995659e+02 3.829084778694699253e+03 1.318351675955859434e+02
2.498513798433766908e+01 2.495469824868995659e+02 3.829084778694699253e+03 1.318351675955859434e+02
2.498513798433766908e+01 2.495469824868995659e+02 3.829084778694699253e+03 1.318351675955859434e+02
2.388978060415293925e+01 2.436349547961880830e+02 3.926118791660734132e+03 1.368762636140329505e+02
2.388978060415293925e+01 2.436349547961880830e+02 3.926118791660734132e+03 1.368762636140329505e+02
2.388978060415293925e+01 2.436349547961880830e+02 3.926118791660734132e+03 1.368762636140329505e+02
2.598145144065946610e+01 2.470504373713059465e+02 3.574388025294250838e+03 1.262057097641902885e+02
2.598145144065946610e+01 2.470504373713059465e+02 3.574388025294250838e+03 1.262057097641902885e+02
2.598145144065946610e+01 2.470504373713059465e+02 3.574388025294250838e+03 1.262057097641902885e+02
2.598145144065946610e+01 2.470504373713059465e+02 3.574388025294250838e+03 1.262057097641902885e+02
2.468748755002260964e+01 2.479272736224930043e+02 3.045390521891808476e+03 1.290712934930632514e+02
2.468748755002260964e+01 2.479272736224930043e+02 3.045390521891808476e+03 1.290712934930632514e+02
2.468748755002260964e+01 2.479272736224930043e+02 3.045390521891808476e+03 1.290712934930632514e+02
2.468748755002260964e+01 2.479272736224930043e+02 3.045390521891808476e+03 1.290712934930632514e+02
2.468748755002260964e+01 2.479272736224930043e+02 3.045390521891808476e+03 1.290712934930632514e+02
2.468748755002260964e+01 2.479272736224930043e+02 3.045390521891808476e+03 1.290712934930632514e+02
2.547511283402086235e+01 2.579438197968455597e+02 2.297900944626374439e+03 1.249699975003827745e+02
2.547511283402086235e+01 2.579438197968455597e+02 2.297900944626374439e+03 1.249699975003827745e+02
2.430339487144441790e+01 2.596512744915214057e+02 2.304564089140090800e+03 1.286317925466495353e+02
2.430339487144441790e+01 2.596512744915214057e+02 2.304564089140090800e+03 1.286317925466495353e+02
2.430339487144441790e+01 2.596512744915214057e+02 2.304564089140090800e+03 1.286317925466495353e+02
2.430339487144441790e+01 2.596512744915214057e+02 2.304564089140090800e+03 1.286317925466495353e+02
2.430339487144441790e+01 2.596512744915214057e+02 2.304564089140090800e+03 1.286317925466495353e+02
2.430339487144441790e+01 2.596512744915214057e+02 2.304564089140090800e+03 1.286317925466495353e+02
2.430339487144441790e+01 2.596512744915214057e+02 2.304564089140090800e+03 1.286317925466495353e+02
2.430339487144441790e+01 2.596512744915214057e+02 2.304564089140090800e+03 1.286317925466495353e+02
2.430339487144441790e+01 2.596512744915214057e+02 2.304564089140090800e+03 1.286317925466495353e+02
2.430339487144441790e+01 2.596512744915214057e+02 2.304564089140090800e+03 1.286317925466495353e+02
2.430339487144441790e+01 2.596512744915214057e+02 2.304564089140090800e+03 1.286317925466495353e+02
2.364427649735766579e+01 2.584004391807076217e+02 2.369391000791534225e+03 1.241758047960899063e+02
2.364427649735766579e+01 2.584004391807076217e+02 2.369391000791534225e+03 1.241758047960899063e+02
2.364427649735766579e+01 2.584004391807076217e+02 2.369391000791534225e+03 1.241758047960899063e+02
2.364427649735766579e+01 2.584004391807076217e+02 2.369391000791534225e+03 1.241758047960899063e+02
2.364427649735766579e+01 2.584004391807076217e+02 2.369391000791534225e+03 1.241758047960899063e+02
2.545901328025858845e+01 2.326276664076580687e+02 1.417224175358286857e+03 1.233098437778459271e+02
2.545901328025858845e+01 2.326276664076580687e+02 1.417224175358286857e+03 1.233098437778459271e+02
2.545901328025858845e+01 2.326276664076580687e+02 1.417224175358286857e+03 1.233098437778459271e+02
2.545901328025858845e+01 2.326276664076580687e+02 1.417224175358286857e+03 1.233098437778459271e+02
2.540082646201672745e+01 2.181661163578079368e+02 1.395318380501598767e+03 1.260778539920859487e+02
2.540082646201672745e+01 2.181661163578079368e+02 1.395318380501598767e+03 1.260778539920859487e+02
2.540082646201672745e+01 2.181661163578079368e+02 1.395318380501598767e+03 1.260778539920859487e+02
2.540082646201672745e+01 2.181661163578079368e+02 1.395318380501598767e+03 1.260778539920859487e+02
2.504827827590557021e+01 2.175963745160498775e+02 1.210365061479451015e+03 1.207753824488977301e+02
2.504827827590557021e+01 2.175963745160498775e+02 1.210365061479451015e+03 1.207753824488977301e+02
2.504827827590557021e+01 2.175963745160498775e+02 1.210365061479451015e+03 1.207753824488977301e+02
2.504827827590557021e+01 2.175963745160498775e+02 1.210365061479451015e+03 1.207753824488977301e+02
2.504827827590557021e+01 2.175963745160498775e+02 1.210365061479451015e+03 1.207753824488977301e+02
2.504827827590557021e+01 2.175963745160498775e+02 1.210365061479451015e+03 1.207753824488977301e+02
2.504827827590557021e+01 2.175963745160498775e+02 1.210365061479451015e+03 1.207753824488977301e+02
2.504827827590557021e+01 2.175963745160498775e+02 1.210365061479451015e+03 1.207753824488977301e+02
2.504827827590557021e+01 2.175963745160498775e+02 1.210365061479451015e+03 1.207753824488977301e+02
2.587584186362389360e+01 2.147552722227176218e+02 1.139970255259037913e+03 1.199124454613579047e+02
2.587584186362389360e+01 2.147552722227176218e+02 1.139970255259037913e+03 1.199124454613579047e+02
2.542827774380302941e+01 2.188780215612691507e+02 8.780749291186999699e+02 1.297763983378559374e+02
2.277426966323291424e+01 2.181347921814820552e+02 7.902365586444027485e+02 1.325323379012820340e+02
2.587635251709961537e+01 1.990722452435476555e+02 5.896302311252228492e+02 1.282586686451562059e+02
2.537861053048972693e+01 1.981998742050775206e+02 5.458361049863350445e+02 1.252109446142135454e+02
2.537861053048972693e+01 1.981998742050775206e+02 5.458361049863350445e+02 1.252109446142135454e+02
2.537861053048972693e+01 1.981998742050775206e+02 5.458361049863350445e+02 1.252109446142135454e+02
2.537861053048972693e+01 1.981998742050775206e+02 5.458361049863350445e+02 1.252109446142135454e+02
2.537861053048972693e+01 1.981998742050775206e+02 5.458361049863350445e+02 1.252109446142135454e+02
2.537861053048972693e+01 1.981998742050775206e+02 5.458361049863350445e+02 1.252109446142135454e+02
2.537861053048972693e+01 1.981998742050775206e+02 5.458361049863350445e+02 1.252109446142135454e+02
2.537861053048972693e+01 1.981998742050775206e+02 5.458361049863350445e+02 1.252109446142135454e+02
2.353665715970138805e+01 1.986037420523138621e+02 3.363938876052904448e+02 1.332866731621460019e+02
2.353665715970138805e+01 1.986037420523138621e+02 3.363938876052904448e+02 1.332866731621460019e+02
2.353665715970138805e+01 1.986037420523138621e+02 3.363938876052904448e+02 1.332866731621460019e+02
2.353665715970138805e+01 1.986037420523138621e+02 3.363938876052904448e+02 1.332866731621460019e+02
2.353665715970138805e+01 1.986037420523138621e+02 3.363938876052904448e+02 1.332866731621460019e+02
2.353665715970138805e+01 1.986037420523138621e+02 3.363938876052904448e+02 1.332866731621460019e+02
2.353665715970138805e+01 1.986037420523138621e+02 3.363938876052904448e+02 1.332866731621460019e+02
2.353665715970138805e+01 1.986037420523138621e+02 3.363938876052904448e+02 1.332866731621460019e+02
2.353665715970138805e+01 1.986037420523138621e+02 3.363938876052904448e+02 1.332866731621460019e+02
2.353665715970138805e+01 1.986037420523138621e+02 3.363938876052904448e+02 1.332866731621460019e+02
2.353665715970138805e+01 1.986037420523138621e+02 3.363938876052904448e+02 1.332866731621460019e+02
2.353665715970138805e+01 1.986037420523138621e+02 3.363938876052904448e+02 1.332866731621460019e+02
2.353665715970138805e+01 1.986037420523138621e+02 3.363938876052904448e+02 1.332866731621460019e+02
2.353665715970138805e+01 1.986037420523138621e+02 3.363938876052904448e+02 1.332866731621460019e+02
2.353665715970138805e+01 1.986037420523138621e+02 3.363938876052904448e+02 1.332866731621460019e+02
2.353665715970138805e+01 1.986037420523138621e+02 3.363938876052904448e+02 1.332866731621460019e+02
2.353665715970138805e+01 1.986037420523138621e+02 3.363938876052904448e+02 1.332866731621460019e+02
2.353665715970138805e+01 1.986037420523138621e+02 3.363938876052904448e+02 1.332866731621460019e+02
2.353665715970138805e+01 1.986037420523138621e+02 3.363938876052904448e+02 1.332866731621460019e+02
2.353665715970138805e+01 1.986037420523138621e+02 3.363938876052904448e+02 1.332866731621460019e+02
2.584007129629615918e+01 1.802904809839593270e+02 3.091521511749767228e+02 1.291148661477991482e+02
2.584007129629615918e+01 1.802904809839593270e+02 3.091521511749767228e+02 1.291148661477991482e+02
2.569103022558640959e+01 1.910178831253199405e+02 2.555573592339027869e+02 1.298299219509014506e+02
2.406575259877725514e+01 1.824105268372104263e+02 2.602437266073991964e+02 1.361036263462727618e+02
2.406575259877725514e+01 1.824105268372104263e+02 2.602437266073991964e+02 1.361036263462727618e+02
2.406575259877725514e+01 1.824105268372104263e+02 2.602437266073991964e+02 1.361036263462727618e+02
2.406575259877725514e+01 1.824105268372104263e+02 2.602437266073991964e+02 1.361036263462727618e+02
2.589834084201223874e+01 1.810799862336596391e+02 2.530221667115582420e+02 1.241328150766530456e+02
2.589834084201223874e+01 1.810799862336596391e+02 2.530221667115582420e+02 1.241328150766530456e+02
2.589834084201223874e+01 1.810799862336596391e+02 2.530221667115582420e+02 1.241328150766530456e+02
2.589834084201223874e+01 1.810799862336596391e+02 2.530221667115582420e+02 1.241328150766530456e+02
2.589834084201223874e+01 1.810799862336596391e+02 2.530221667115582420e+02 1.241328150766530456e+02
2.589834084201223874e+01 1.810799862336596391e+02 2.530221667115582420e+02 1.241328150766530456e+02
2.446957512042826011e+01 1.885405002451078360e+02 2.350595890468101743e+02 1.275383374513447166e+02
2.446957512042826011e+01 1.885405002451078360e+02 2.350595890468101743e+02 1.275383374513447166e+02
2.502164932206803982e+01 1.866620603419973747e+02 2.056423720485047397e+02 1.329168797055046696e+02
2.502164932206803982e+01 1.866620603419973747e+02 2.056423720485047397e+02 1.329168797055046696e+02
2.600932581280076761e+01 1.791104937079959427e+02 1.660173528371178122e+02 1.282074099891149501e+02
2.600932581280076761e+01 1.791104937079959427e+02 1.660173528371178122e+02 1.282074099891149501e+02
2.600932581280076761e+01 1.791104937079959427e+02 1.660173528371178122e+02 1.282074099891149501e+02
2.555994655267815574e+01 1.803236061222677051e+02 1.730633481642718152e+02 1.203062444039365175e+02
2.555994655267815574e+01 1.803236061222677051e+02 1.730633481642718152e+02 1.203062444039365175e+02
2.555994655267815574e+01 1.803236061222677051e+02 1.730633481642718152e+02 1.203062444039365175e+02
2.555994655267815574e+01 1.803236061222677051e+02 1.730633481642718152e+02 1.203062444039365175e+02
2.555994655267815574e+01 1.803236061222677051e+02 1.730633481642718152e+02 1.203062444039365175e+02
2.628493095856014961e+01 1.792088107738015879e+02 1.507539634133098900e+02 1.253817332726020766e+02
2.628493095856014961e+01 1.792088107738015879e+02 1.507539634133098900e+02 1.253817332726020766e+02
2.628493095856014961e+01 1.792088107738015879e+02 1.507539634133098900e+02 1.253817332726020766e+02
2.534659424580977216e+01 1.854849844598996640e+02 1.376472938880778258e+02 1.287587312319939201e+02
2.534659424580977216e+01 1.854849844598996640e+02 1.376472938880778258e+02 1.287587312319939201e+02
2.534659424580977216e+01 1.854849844598996640e+02 1.376472938880778258e+02 1.287587312319939201e+02
2.534659424580977216e+01 1.854849844598996640e+02 1.376472938880778258e+02 1.287587312319939201e+02
2.534659424580977216e+01 1.854849844598996640e+02 1.376472938880778258e+02 1.287587312319939201e+02
2.534659424580977216e+01 1.854849844598996640e+02 1.376472938880778258e+02 1.287587312319939201e+02
2.534659424580977216e+01 1.854849844598996640e+02 1.376472938880778258e+02 1.287587312319939201e+02
2.534659424580977216e+01 1.854849844598996640e+02 1.376472938880778258e+02 1.287587312319939201e+02
2.469403900522967632e+01 1.891793652015803389e+02 1.263186067381421367e+02 1.274913232715010878e+02
2.469403900522967632e+01 1.891793652015803389e+02 1.263186067381421367e+02 1.274913232715010878e+02
2.469403900522967632e+01 1.891793652015803389e+02 1.263186067381421367e+02 1.274913232715010878e+02
2.469403900522967632e+01 1.891793652015803389e+02 1.263186067381421367e+02 1.274913232715010878e+02
2.469403900522967632e+01 1.891793652015803389e+02 1.263186067381421367e+02 1.274913232715010878e+02
2.428545053342164550e+01 1.854251711072565172e+02 1.124046310901564283e+02 1.282547649750459300e+02
2.428545053342164550e+01 1.854251711072565172e+02 1.124046310901564283e+02 1.282547649750459300e+02
2.586167674306568998e+01 1.819580451484679884e+02 1.077413227132372384e+02 1.222928405986145748e+02
2.586167674306568998e+01 1.819580451484679884e+02 1.077413227132372384e+02 1.222928405986145748e+02
2.586167674306568998e+01 1.819580451484679884e+02 1.077413227132372384e+02 1.222928405986145748e+02
2.435582512624782581e+01 1.831166177644232675e+02 1.103459397785759109e+02 1.249687324617104167e+02
2.435582512624782581e+01 1.831166177644232675e+02 1.103459397785759109e+02 1.249687324617104167e+02
2.435582512624782581e+01 1.831166177644232675e+02 1.103459397785759109e+02 1.249687324617104167e+02
2.435582512624782581e+01 1.831166177644232675e+02 1.103459397785759109e+02 1.249687324617104167e+02
2.435582512624782581e+01 1.831166177644232675e+02 1.103459397785759109e+02 1.249687324617104167e+02
2.435582512624782581e+01 1.831166177644232675e+02 1.103459397785759109e+02 1.249687324617104167e+02
2.435582512624782581e+01 1.831166177644232675e+02 1.103459397785759109e+02 1.249687324617104167e+02
2.560454186377809549e+01 1.765837640178504273e+02 1.035952127295534950e+02 1.234872660027182150e+02
2.560454186377809549e+01 1.765837640178504273e+02 1.035952127295534950e+02 1.234872660027182150e+02
2.560454186377809549e+01 1.765837640178504273e+02 1.035952127295534950e+02 1.234872660027182150e+02
2.560454186377809549e+01 1.765837640178504273e+02 1.035952127295534950e+02 1.234872660027182150e+02
2.560454186377809549e+01 1.765837640178504273e+02 1.035952127295534950e+02 1.234872660027182150e+02
2.560454186377809549e+01 1.765837640178504273e+02 1.035952127295534950e+02 1.234872660027182150e+02
2.560454186377809549e+01 1.765837640178504273e+02 1.035952127295534950e+02 1.234872660027182150e+02
2.560454186377809549e+01 1.765837640178504273e+02 1.035952127295534950e+02 1.234872660027182150e+02
2.560454186377809549e+01 1.765837640178504273e+02 1.035952127295534950e+02 1.234872660027182150e+02
2.560454186377809549e+01 1.765837640178504273e+02 1.035952127295534950e+02 1.234872660027182150e+02
2.596177654942722057e+01 1.800870316601861987e+02 1.020821001753570840e+02 1.199202364580566496e+02
2.596177654942722057e+01 1.800870316601861987e+02 1.020821001753570840e+02 1.199202364580566496e+02
2.596177654942722057e+01 1.800870316601861987e+02 1.020821001753570840e+02 1.199202364580566496e+02
2.423038185775960329e+01 1.759006749241426633e+02 9.302189462723106317e+01 1.275463542294132395e+02
2.423038185775960329e+01 1.759006749241426633e+02 9.302189462723106317e+01 1.275463542294132395e+02
2.423038185775960329e+01 1.759006749241426633e+02 9.302189462723106317e+01 1.275463542294132395e+02
2.423038185775960329e+01 1.759006749241426633e+02 9.302189462723106317e+01 1.275463542294132395e+02
2.423038185775960329e+01 1.759006749241426633e+02 9.302189462723106317e+01 1.275463542294132395e+02
2.554227079692246960e+01 1.696720421360960529e+02 8.960365715874060299e+01 1.282961286740944900e+02
2.554227079692246960e+01 1.696720421360960529e+02 8.960365715874060299e+01 1.282961286740944900e+02
2.554227079692246960e+01 1.696720421360960529e+02 8.960365715874060299e+01 1.282961286740944900e+02
2.554227079692246960e+01 1.696720421360960529e+02 8.960365715874060299e+01 1.282961286740944900e+02
2.518192846183326949e+01 1.743721348901645172e+02 8.405762805245900893e+01 1.281003258267721492e+02
2.518192846183326949e+01 1.743721348901645172e+02 8.405762805245900893e+01 1.281003258267721492e+02
2.518192846183326949e+01 1.743721348901645172e+02 8.405762805245900893e+01 1.281003258267721492e+02
2.518192846183326949e+01 1.743721348901645172e+02 8.405762805245900893e+01 1.281003258267721492e+02
2.519104819895078151e+01 1.743947780620536605e+02 7.951660427410597265e+01 1.293053355152242432e+02
2.519104819895078151e+01 1.743947780620536605e+02 7.951660427410597265e+01 1.293053355152242432e+02
2.519104819895078151e+01 1.743947780620536605e+02 7.951660427410597265e+01 1.293053355152242432e+02
2.519104819895078151e+01 1.743947780620536605e+02 7.951660427410597265e+01 1.293053355152242432e+02
2.404563278694178408e+01 1.776919676392450640e+02 8.258312933338039841e+01 1.272685830077426630e+02
2.404563278694178408e+01 1.776919676392450640e+02 8.258312933338039841e+01 1.272685830077426630e+02
2.404563278694178408e+01 1.776919676392450640e+02 8.258312933338039841e+01 1.272685830077426630e+02
2.404563278694178408e+01 1.776919676392450640e+02 8.258312933338039841e+01 1.272685830077426630e+02
2.460797304664968621e+01 1.733334456881144661e+02 7.842909288307349414e+01 1.275061679656222964e+02
2.460797304664968621e+01 1.733334456881144661e+02 7.842909288307349414e+01 1.275061679656222964e+02
2.460797304664968621e+01 1.733334456881144661e+02 7.842909288307349414e+01 1.275061679656222964e+02
2.433763893009717094e+01 1.740140373577399373e+02 8.077287572261757020e+01 1.246584906735099878e+02
2.433763893009717094e+01 1.740140373577399373e+02 8.077287572261757020e+01 1.246584906735099878e+02
2.433763893009717094e+01 1.740140373577399373e+02 8.077287572261757020e+01 1.246584906735099878e+02
2.433763893009717094e+01 1.740140373577399373e+02 8.077287572261757020e+01 1.246584906735099878e+02
2.433763893009717094e+01 1.740140373577399373e+02 8.077287572261757020e+01 1.246584906735099878e+02
2.433763893009717094e+01 1.740140373577399373e+02 8.077287572261757020e+01 1.246584906735099878e+02
2.433763893009717094e+01 1.740140373577399373e+02 8.077287572261757020e+01 1.246584906735099878e+02
2.433763893009717094e+01 1.740140373577399373e+02 8.077287572261757020e+01 1.246584906735099878e+02
2.433763893009717094e+01 1.740140373577399373e+02 8.077287572261757020e+01 1.246584906735099878e+02
2.433763893009717094e+01 1.740140373577399373e+02 8.077287572261757020e+01 1.246584906735099878e+02
2.433763893009717094e+01 1.740140373577399373e+02 8.077287572261757020e+01 1.246584906735099878e+02
2.433763893009717094e+01 1.740140373577399373e+02 8.077287572261757020e+01 1.246584906735099878e+02
2.631064632358859967e+01 1.657101375942991979e+02 7.845449398615777170e+01 1.217698898533619456e+02
2.631064632358859967e+01 1.657101375942991979e+02 7.845449398615777170e+01 1.217698898533619456e+02
2.631064632358859967e+01 1.657101375942991979e+02 7.845449398615777170e+01 1.217698898533619456e+02
2.631064632358859967e+01 1.657101375942991979e+02 7.845449398615777170e+01 1.217698898533619456e+02
2.631064632358859967e+01 1.657101375942991979e+02 7.845449398615777170e+01 1.217698898533619456e+02
2.631064632358859967e+01 1.657101375942991979e+02 7.845449398615777170e+01 1.217698898533619456e+02
2.631064632358859967e+01 1.657101375942991979e+02 7.845449398615777170e+01 1.217698898533619456e+02
2.622643954651980991e+01 1.623827981819446507e+02 7.693708104014815774e+01 1.217991133819046325e+02
2.622643954651980991e+01 1.623827981819446507e+02 7.693708104014815774e+01 1.217991133819046325e+02
2.622643954651980991e+01 1.623827981819446507e+02 7.693708104014815774e+01 1.217991133819046325e+02
2.622643954651980991e+01 1.623827981819446507e+02 7.693708104014815774e+01 1.217991133819046325e+02
2.622643954651980991e+01 1.623827981819446507e+02 7.693708104014815774e+01 1.217991133819046325e+02
2.622643954651980991e+01 1.623827981819446507e+02 7.693708104014815774e+01 1.217991133819046325e+02
2.622643954651980991e+01 1.623827981819446507e+02 7.693708104014815774e+01 1.217991133819046325e+02
2.622643954651980991e+01 1.623827981819446507e+02 7.693708104014815774e+01 1.217991133819046325e+02
2.622643954651980991e+01 1.623827981819446507e+02 7.693708104014815774e+01 1.217991133819046325e+02
2.622643954651980991e+01 1.623827981819446507e+02 7.693708104014815774e+01 1.217991133819046325e+02
2.622643954651980991e+01 1.623827981819446507e+02 7.693708104014815774e+01 1.217991133819046325e+02
2.577778715618673644e+01 1.708632090565611747e+02 7.020316701080800215e+01 1.183357574948997382e+02
2.577778715618673644e+01 1.708632090565611747e+02 7.020316701080800215e+01 1.183357574948997382e+02
2.577778715618673644e+01 1.708632090565611747e+02 7.020316701080800215e+01 1.183357574948997382e+02
2.577778715618673644e+01 1.708632090565611747e+02 7.020316701080800215e+01 1.183357574948997382e+02
2.577778715618673644e+01 1.708632090565611747e+02 7.020316701080800215e+01 1.183357574948997382e+02
2.577778715618673644e+01 1.708632090565611747e+02 7.020316701080800215e+01 1.183357574948997382e+02
2.562009254324009788e+01 1.627657775700232037e+02 7.011849320362165372e+01 1.181199940116708831e+02
2.562009254324009788e+01 1.627657775700232037e+02 7.011849320362165372e+01 1.181199940116708831e+02
2.562009254324009788e+01 1.627657775700232037e+02 7.011849320362165372e+01 1.181199940116708831e+02
2.562009254324009788e+01 1.627657775700232037e+02 7.011849320362165372e+01 1.181199940116708831e+02
2.562009254324009788e+01 1.627657775700232037e+02 7.011849320362165372e+01 1.181199940116708831e+02
2.562009254324009788e+01 1.627657775700232037e+02 7.011849320362165372e+01 1.181199940116708831e+02
2.562009254324009788e+01 1.627657775700232037e+02 7.011849320362165372e+01 1.181199940116708831e+02
2.562009254324009788e+01 1.627657775700232037e+02 7.011849320362165372e+01 1.181199940116708831e+02
2.562009254324009788e+01 1.627657775700232037e+02 7.011849320362165372e+01 1.181199940116708831e+02
2.562009254324009788e+01 1.627657775700232037e+02 7.011849320362165372e+01 1.181199940116708831e+02
2.562009254324009788e+01 1.627657775700232037e+02 7.011849320362165372e+01 1.181199940116708831e+02
2.562009254324009788e+01 1.627657775700232037e+02 7.011849320362165372e+01 1.181199940116708831e+02
2.562009254324009788e+01 1.627657775700232037e+02 7.011849320362165372e+01 1.181199940116708831e+02
2.562009254324009788e+01 1.627657775700232037e+02 7.011849320362165372e+01 1.181199940116708831e+02
2.562009254324009788e+01 1.627657775700232037e+02 7.011849320362165372e+01 1.181199940116708831e+02
2.562009254324009788e+01 1.627657775700232037e+02 7.011849320362165372e+01 1.181199940116708831e+02
2.562009254324009788e+01 1.627657775700232037e+02 7.011849320362165372e+01 1.181199940116708831e+02
2.562009254324009788e+01 1.627657775700232037e+02 7.011849320362165372e+01 1.181199940116708831e+02
2.562009254324009788e+01 1.627657775700232037e+02 7.011849320362165372e+01 1.181199940116708831e+02
2.562009254324009788e+01 1.627657775700232037e+02 7.011849320362165372e+01 1.181199940116708831e+02
2.562009254324009788e+01 1.627657775700232037e+02 7.011849320362165372e+01 1.181199940116708831e+02
2.562009254324009788e+01 1.627657775700232037e+02 7.011849320362165372e+01 1.181199940116708831e+02
2.562009254324009788e+01 1.627657775700232037e+02 7.011849320362165372e+01 1.181199940116708831e+02
2.562009254324009788e+01 1.627657775700232037e+02 7.011849320362165372e+01 1.181199940116708831e+02
2.562009254324009788e+01 1.627657775700232037e+02 7.011849320362165372e+01 1.181199940116708831e+02
2.562009254324009788e+01 1.627657775700232037e+02 7.011849320362165372e+01 1.181199940116708831e+02
2.562009254324009788e+01 1.627657775700232037e+02 7.011849320362165372e+01 1.181199940116708831e+02
2.562009254324009788e+01 1.627657775700232037e+02 7.011849320362165372e+01 1.181199940116708831e+02
2.562009254324009788e+01 1.627657775700232037e+02 7.011849320362165372e+01 1.181199940116708831e+02
2.562009254324009788e+01 1.627657775700232037e+02 7.011849320362165372e+01 1.181199940116708831e+02
2.562009254324009788e+01 1.627657775700232037e+02 7.011849320362165372e+01 1.181199940116708831e+02
2.562009254324009788e+01 1.627657775700232037e+02 7.011849320362165372e+01 1.181199940116708831e+02
2.562009254324009788e+01 1.627657775700232037e+02 7.011849320362165372e+01 1.181199940116708831e+02
2.562009254324009788e+01 1.627657775700232037e+02 7.011849320362165372e+01 1.181199940116708831e+02
2.562009254324009788e+01 1.627657775700232037e+02 7.011849320362165372e+01 1.181199940116708831e+02
2.562009254324009788e+01 1.627657775700232037e+02 7.011849320362165372e+01 1.181199940116708831e+02
2.562009254324009788e+01 1.627657775700232037e+02 7.011849320362165372e+01 1.181199940116708831e+02
2.562009254324009788e+01 1.627657775700232037e+02 7.011849320362165372e+01 1.181199940116708831e+02
2.562009254324009788e+01 1.627657775700232037e+02 7.011849320362165372e+01 1.181199940116708831e+02
2.562009254324009788e+01 1.627657775700232037e+02 7.011849320362165372e+01 1.181199940116708831e+02
2.484205904785742902e+01 1.597612399125595743e+02 7.107549740464951071e+01 1.182746928995265847e+02
2.484205904785742902e+01 1.597612399125595743e+02 7.107549740464951071e+01 1.182746928995265847e+02
2.484205904785742902e+01 1.597612399125595743e+02 7.107549740464951071e+01 1.182746928995265847e+02
2.484205904785742902e+01 1.597612399125595743e+02 7.107549740464951071e+01 1.182746928995265847e+02
2.484205904785742902e+01 1.597612399125595743e+02 7.107549740464951071e+01 1.182746928995265847e+02
2.484205904785742902e+01 1.597612399125595743e+02 7.107549740464951071e+01 1.182746928995265847e+02
2.484205904785742902e+01 1.597612399125595743e+02 7.107549740464951071e+01 1.182746928995265847e+02
2.484205904785742902e+01 1.597612399125595743e+02 7.107549740464951071e+01 1.182746928995265847e+02
2.484205904785742902e+01 1.597612399125595743e+02 7.107549740464951071e+01 1.182746928995265847e+02
2.484205904785742902e+01 1.597612399125595743e+02 7.107549740464951071e+01 1.182746928995265847e+02
2.484205904785742902e+01 1.597612399125595743e+02 7.107549740464951071e+01 1.182746928995265847e+02
2.484205904785742902e+01 1.597612399125595743e+02 7.107549740464951071e+01 1.182746928995265847e+02
2.484205904785742902e+01 1.597612399125595743e+02 7.107549740464951071e+01 1.182746928995265847e+02
2.484205904785742902e+01 1.597612399125595743e+02 7.107549740464951071e+01 1.182746928995265847e+02
2.484205904785742902e+01 1.597612399125595743e+02 7.107549740464951071e+01 1.182746928995265847e+02
2.484205904785742902e+01 1.597612399125595743e+02 7.107549740464951071e+01 1.182746928995265847e+02
2.484205904785742902e+01 1.597612399125595743e+02 7.107549740464951071e+01 1.182746928995265847e+02
2.484205904785742902e+01 1.597612399125595743e+02 7.107549740464951071e+01 1.182746928995265847e+02
2.490861848810864387e+01 1.598558350834703958e+02 7.078527522485120471e+01 1.181653001658300752e+02
2.490861848810864387e+01 1.598558350834703958e+02 7.078527522485120471e+01 1.181653001658300752e+02
2.490861848810864387e+01 1.598558350834703958e+02 7.078527522485120471e+01 1.181653001658300752e+02
2.490861848810864387e+01 1.598558350834703958e+02 7.078527522485120471e+01 1.181653001658300752e+02
2.490861848810864387e+01 1.598558350834703958e+02 7.078527522485120471e+01 1.181653001658300752e+02
2.490861848810864387e+01 1.598558350834703958e+02 7.078527522485120471e+01 1.181653001658300752e+02
2.490861848810864387e+01 1.598558350834703958e+02 7.078527522485120471e+01 1.181653001658300752e+02
2.490861848810864387e+01 1.598558350834703958e+02 7.078527522485120471e+01 1.181653001658300752e+02
2.490861848810864387e+01 1.598558350834703958e+02 7.078527522485120471e+01 1.181653001658300752e+02
2.490861848810864387e+01 1.598558350834703958e+02 7.078527522485120471e+01 1.181653001658300752e+02
2.490861848810864387e+01 1.598558350834703958e+02 7.078527522485120471e+01 1.181653001658300752e+02
2.490861848810864387e+01 1.598558350834703958e+02 7.078527522485120471e+01 1.181653001658300752e+02
2.490861848810864387e+01 1.598558350834703958e+02 7.078527522485120471e+01 1.181653001658300752e+02
2.490861848810864387e+01 1.598558350834703958e+02 7.078527522485120471e+01 1.181653001658300752e+02
2.490861848810864387e+01 1.598558350834703958e+02 7.078527522485120471e+01 1.181653001658300752e+02
2.490861848810864387e+01 1.598558350834703958e+02 7.078527522485120471e+01 1.181653001658300752e+02
2.490861848810864387e+01 1.598558350834703958e+02 7.078527522485120471e+01 1.181653001658300752e+02
2.490861848810864387e+01 1.598558350834703958e+02 7.078527522485120471e+01 1.181653001658300752e+02
2.490861848810864387e+01 1.598558350834703958e+02 7.078527522485120471e+01 1.181653001658300752e+02
2.490861848810864387e+01 1.598558350834703958e+02 7.078527522485120471e+01 1.181653001658300752e+02
2.490861848810864387e+01 1.598558350834703958e+02 7.078527522485120471e+01 1.181653001658300752e+02
2.490861848810864387e+01 1.598558350834703958e+02 7.078527522485120471e+01 1.181653001658300752e+02
2.490861848810864387e+01 1.598558350834703958e+02 7.078527522485120471e+01 1.181653001658300752e+02
2.490861848810864387e+01 1.598558350834703958e+02 7.078527522485120471e+01 1.181653001658300752e+02
2.490861848810864387e+01 1.598558350834703958e+02 7.078527522485120471e+01 1.181653001658300752e+02
2.490861848810864387e+01 1.598558350834703958e+02 7.078527522485120471e+01 1.181653001658300752e+02
2.490861848810864387e+01 1.598558350834703958e+02 7.078527522485120471e+01 1.181653001658300752e+02
2.490861848810864387e+01 1.598558350834703958e+02 7.078527522485120471e+01 1.181653001658300752e+02
2.490861848810864387e+01 1.598558350834703958e+02 7.078527522485120471e+01 1.181653001658300752e+02
2.490861848810864387e+01 1.598558350834703958e+02 7.078527522485120471e+01 1.181653001658300752e+02
2.490861848810864387e+01 1.598558350834703958e+02 7.078527522485120471e+01 1.181653001658300752e+02
2.490861848810864387e+01 1.598558350834703958e+02 7.078527522485120471e+01 1.181653001658300752e+02
2.536715180779651391e+01 1.598104396222004198e+02 7.049133225029345340e+01 1.166184462630948531e+02
2.536715180779651391e+01 1.598104396222004198e+02 7.049133225029345340e+01 1.166184462630948531e+02
2.536715180779651391e+01 1.598104396222004198e+02 7.049133225029345340e+01 1.166184462630948531e+02
2.536715180779651391e+01 1.598104396222004198e+02 7.049133225029345340e+01 1.166184462630948531e+02
2.536715180779651391e+01 1.598104396222004198e+02 7.049133225029345340e+01 1.166184462630948531e+02
2.536715180779651391e+01 1.598104396222004198e+02 7.049133225029345340e+01 1.166184462630948531e+02
2.536715180779651391e+01 1.598104396222004198e+02 7.049133225029345340e+01 1.166184462630948531e+02
2.536715180779651391e+01 1.598104396222004198e+02 7.049133225029345340e+01 1.166184462630948531e+02
2.536715180779651391e+01 1.598104396222004198e+02 7.049133225029345340e+01 1.166184462630948531e+02
2.536715180779651391e+01 1.598104396222004198e+02 7.049133225029345340e+01 1.166184462630948531e+02
2.536715180779651391e+01 1.598104396222004198e+02 7.049133225029345340e+01 1.166184462630948531e+02
2.536715180779651391e+01 1.598104396222004198e+02 7.049133225029345340e+01 1.166184462630948531e+02
2.536715180779651391e+01 1.598104396222004198e+02 7.049133225029345340e+01 1.166184462630948531e+02
2.536715180779651391e+01 1.598104396222004198e+02 7.049133225029345340e+01 1.166184462630948531e+02
2.536715180779651391e+01 1.598104396222004198e+02 7.049133225029345340e+01 1.166184462630948531e+02
2.536715180779651391e+01 1.598104396222004198e+02 7.049133225029345340e+01 1.166184462630948531e+02
2.536715180779651391e+01 1.598104396222004198e+02 7.049133225029345340e+01 1.166184462630948531e+02
2.536715180779651391e+01 1.598104396222004198e+02 7.049133225029345340e+01 1.166184462630948531e+02
2.536715180779651391e+01 1.598104396222004198e+02 7.049133225029345340e+01 1.166184462630948531e+02
2.536715180779651391e+01 1.598104396222004198e+02 7.049133225029345340e+01 1.166184462630948531e+02
2.536715180779651391e+01 1.598104396222004198e+02 7.049133225029345340e+01 1.166184462630948531e+02
2.536715180779651391e+01 1.598104396222004198e+02 7.049133225029345340e+01 1.166184462630948531e+02
2.536715180779651391e+01 1.598104396222004198e+02 7.049133225029345340e+01 1.166184462630948531e+02
2.536715180779651391e+01 1.598104396222004198e+02 7.049133225029345340e+01 1.166184462630948531e+02
2.536715180779651391e+01 1.598104396222004198e+02 7.049133225029345340e+01 1.166184462630948531e+02
2.536715180779651391e+01 1.598104396222004198e+02 7.049133225029345340e+01 1.166184462630948531e+02
2.536715180779651391e+01 1.598104396222004198e+02 7.049133225029345340e+01 1.166184462630948531e+02
2.536715180779651391e+01 1.598104396222004198e+02 7.049133225029345340e+01 1.166184462630948531e+02
2.536715180779651391e+01 1.598104396222004198e+02 7.049133225029345340e+01 1.166184462630948531e+02
2.536715180779651391e+01 1.598104396222004198e+02 7.049133225029345340e+01 1.166184462630948531e+02
2.536715180779651391e+01 1.598104396222004198e+02 7.049133225029345340e+01 1.166184462630948531e+02
2.536715180779651391e+01 1.598104396222004198e+02 7.049133225029345340e+01 1.166184462630948531e+02
2.536715180779651391e+01 1.598104396222004198e+02 7.049133225029345340e+01 1.166184462630948531e+02
2.536715180779651391e+01 1.598104396222004198e+02 7.049133225029345340e+01 1.166184462630948531e+02
2.536715180779651391e+01 1.598104396222004198e+02 7.049133225029345340e+01 1.166184462630948531e+02
2.536715180779651391e+01 1.598104396222004198e+02 7.049133225029345340e+01 1.166184462630948531e+02
2.536715180779651391e+01 1.598104396222004198e+02 7.049133225029345340e+01 1.166184462630948531e+02
2.536715180779651391e+01 1.598104396222004198e+02 7.049133225029345340e+01 1.166184462630948531e+02
2.536715180779651391e+01 1.598104396222004198e+02 7.049133225029345340e+01 1.166184462630948531e+02
2.536715180779651391e+01 1.598104396222004198e+02 7.049133225029345340e+01 1.166184462630948531e+02
2.536715180779651391e+01 1.598104396222004198e+02 7.049133225029345340e+01 1.166184462630948531e+02
2.536715180779651391e+01 1.598104396222004198e+02 7.049133225029345340e+01 1.166184462630948531e+02
2.536715180779651391e+01 1.598104396222004198e+02 7.049133225029345340e+01 1.166184462630948531e+02
2.536715180779651391e+01 1.598104396222004198e+02 7.049133225029345340e+01 1.166184462630948531e+02
2.522413671177992001e+01 1.590970254447795753e+02 7.058216099749016337e+01 1.164575513612510491e+02
2.522413671177992001e+01 1.590970254447795753e+02 7.058216099749016337e+01 1.164575513612510491e+02
2.522413671177992001e+01 1.590970254447795753e+02 7.058216099749016337e+01 1.164575513612510491e+02
2.522413671177992001e+01 1.590970254447795753e+02 7.058216099749016337e+01 1.164575513612510491e+02
2.522413671177992001e+01 1.590970254447795753e+02 7.058216099749016337e+01 1.164575513612510491e+02
2.522413671177992001e+01 1.590970254447795753e+02 7.058216099749016337e+01 1.164575513612510491e+02
2.522413671177992001e+01 1.590970254447795753e+02 7.058216099749016337e+01 1.164575513612510491e+02
2.522413671177992001e+01 1.590970254447795753e+02 7.058216099749016337e+01 1.164575513612510491e+02
2.522413671177992001e+01 1.590970254447795753e+02 7.058216099749016337e+01 1.164575513612510491e+02
2.522413671177992001e+01 1.590970254447795753e+02 7.058216099749016337e+01 1.164575513612510491e+02
2.522413671177992001e+01 1.590970254447795753e+02 7.058216099749016337e+01 1.164575513612510491e+02
2.522413671177992001e+01 1.590970254447795753e+02 7.058216099749016337e+01 1.164575513612510491e+02
2.522413671177992001e+01 1.590970254447795753e+02 7.058216099749016337e+01 1.164575513612510491e+02
2.522413671177992001e+01 1.590970254447795753e+02 7.058216099749016337e+01 1.164575513612510491e+02
2.522413671177992001e+01 1.590970254447795753e+02 7.058216099749016337e+01 1.164575513612510491e+02
2.522413671177992001e+01 1.590970254447795753e+02 7.058216099749016337e+01 1.164575513612510491e+02
2.522413671177992001e+01 1.590970254447795753e+02 7.058216099749016337e+01 1.164575513612510491e+02
2.522413671177992001e+01 1.590970254447795753e+02 7.058216099749016337e+01 1.164575513612510491e+02
2.522413671177992001e+01 1.590970254447795753e+02 7.058216099749016337e+01 1.164575513612510491e+02
2.522413671177992001e+01 1.590970254447795753e+02 7.058216099749016337e+01 1.164575513612510491e+02
2.522413671177992001e+01 1.590970254447795753e+02 7.058216099749016337e+01 1.164575513612510491e+02
2.522413671177992001e+01 1.590970254447795753e+02 7.058216099749016337e+01 1.164575513612510491e+02
2.522413671177992001e+01 1.590970254447795753e+02 7.058216099749016337e+01 1.164575513612510491e+02
2.522413671177992001e+01 1.590970254447795753e+02 7.058216099749016337e+01 1.164575513612510491e+02
2.522413671177992001e+01 1.590970254447795753e+02 7.058216099749016337e+01 1.164575513612510491e+02
2.522413671177992001e+01 1.590970254447795753e+02 7.058216099749016337e+01 1.164575513612510491e+02
2.522413671177992001e+01 1.590970254447795753e+02 7.058216099749016337e+01 1.164575513612510491e+02
2.522413671177992001e+01 1.590970254447795753e+02 7.058216099749016337e+01 1.164575513612510491e+02
2.522413671177992001e+01 1.590970254447795753e+02 7.058216099749016337e+01 1.164575513612510491e+02
2.522413671177992001e+01 1.590970254447795753e+02 7.058216099749016337e+01 1.164575513612510491e+02
2.522413671177992001e+01 1.590970254447795753e+02 7.058216099749016337e+01 1.164575513612510491e+02
2.522413671177992001e+01 1.590970254447795753e+02 7.058216099749016337e+01 1.164575513612510491e+02
2.522413671177992001e+01 1.590970254447795753e+02 7.058216099749016337e+01 1.164575513612510491e+02
2.522413671177992001e+01 1.590970254447795753e+02 7.058216099749016337e+01 1.164575513612510491e+02
2.522413671177992001e+01 1.590970254447795753e+02 7.058216099749016337e+01 1.164575513612510491e+02
2.522413671177992001e+01 1.590970254447795753e+02 7.058216099749016337e+01 1.164575513612510491e+02
2.522413671177992001e+01 1.590970254447795753e+02 7.058216099749016337e+01 1.164575513612510491e+02
2.522413671177992001e+01 1.590970254447795753e+02 7.058216099749016337e+01 1.164575513612510491e+02
2.522413671177992001e+01 1.590970254447795753e+02 7.058216099749016337e+01 1.164575513612510491e+02
2.522413671177992001e+01 1.590970254447795753e+02 7.058216099749016337e+01 1.164575513612510491e+02
2.522413671177992001e+01 1.590970254447795753e+02 7.058216099749016337e+01 1.164575513612510491e+02
2.522413671177992001e+01 1.590970254447795753e+02 7.058216099749016337e+01 1.164575513612510491e+02
2.522413671177992001e+01 1.590970254447795753e+02 7.058216099749016337e+01 1.164575513612510491e+02
2.522413671177992001e+01 1.590970254447795753e+02 7.058216099749016337e+01 1.164575513612510491e+02
2.522413671177992001e+01 1.590970254447795753e+02 7.058216099749016337e+01 1.164575513612510491e+02
2.522413671177992001e+01 1.590970254447795753e+02 7.058216099749016337e+01 1.164575513612510491e+02
2.522413671177992001e+01 1.590970254447795753e+02 7.058216099749016337e+01 1.164575513612510491e+02
2.522413671177992001e+01 1.590970254447795753e+02 7.058216099749016337e+01 1.164575513612510491e+02
2.522413671177992001e+01 1.590970254447795753e+02 7.058216099749016337e+01 1.164575513612510491e+02
2.522413671177992001e+01 1.590970254447795753e+02 7.058216099749016337e+01 1.164575513612510491e+02
2.522413671177992001e+01 1.590970254447795753e+02 7.058216099749016337e+01 1.164575513612510491e+02
2.522413671177992001e+01 1.590970254447795753e+02 7.058216099749016337e+01 1.164575513612510491e+02
2.522413671177992001e+01 1.590970254447795753e+02 7.058216099749016337e+01 1.164575513612510491e+02
2.522413671177992001e+01 1.590970254447795753e+02 7.058216099749016337e+01 1.164575513612510491e+02
2.522413671177992001e+01 1.590970254447795753e+02 7.058216099749016337e+01 1.164575513612510491e+02
2.522413671177992001e+01 1.590970254447795753e+02 7.058216099749016337e+01 1.164575513612510491e+02
2.522413671177992001e+01 1.590970254447795753e+02 7.058216099749016337e+01 1.164575513612510491e+02
2.522413671177992001e+01 1.590970254447795753e+02 7.058216099749016337e+01 1.164575513612510491e+02
2.522413671177992001e+01 1.590970254447795753e+02 7.058216099749016337e+01 1.164575513612510491e+02
2.522413671177992001e+01 1.590970254447795753e+02 7.058216099749016337e+01 1.164575513612510491e+02
2.522413671177992001e+01 1.590970254447795753e+02 7.058216099749016337e+01 1.164575513612510491e+02
2.522413671177992001e+01 1.590970254447795753e+02 7.058216099749016337e+01 1.164575513612510491e+02
2.522413671177992001e+01 1.590970254447795753e+02 7.058216099749016337e+01 1.164575513612510491e+02
2.522413671177992001e+01 1.590970254447795753e+02 7.058216099749016337e+01 1.164575513612510491e+02
2.522413671177992001e+01 1.590970254447795753e+02 7.058216099749016337e+01 1.164575513612510491e+02
2.522413671177992001e+01 1.590970254447795753e+02 7.058216099749016337e+01 1.164575513612510491e+02
2.522413671177992001e+01 1.590970254447795753e+02 7.058216099749016337e+01 1.164575513612510491e+02
2.522413671177992001e+01 1.590970254447795753e+02 7.058216099749016337e+01 1.164575513612510491e+02
2.522413671177992001e+01 1.590970254447795753e+02 7.058216099749016337e+01 1.164575513612510491e+02
2.522413671177992001e+01 1.590970254447795753e+02 7.058216099749016337e+01 1.164575513612510491e+02
2.522413671177992001e+01 1.590970254447795753e+02 7.058216099749016337e+01 1.164575513612510491e+02
2.522413671177992001e+01 1.590970254447795753e+02 7.058216099749016337e+01 1.164575513612510491e+02
2.522413671177992001e+01 1.590970254447795753e+02 7.058216099749016337e+01 1.164575513612510491e+02
2.522413671177992001e+01 1.590970254447795753e+02 7.058216099749016337e+01 1.164575513612510491e+02
2.522413671177992001e+01 1.590970254447795753e+02 7.058216099749016337e+01 1.164575513612510491e+02
2.522413671177992001e+01 1.590970254447795753e+02 7.058216099749016337e+01 1.164575513612510491e+02
2.522413671177992001e+01 1.590970254447795753e+02 7.058216099749016337e+01 1.164575513612510491e+02
2.522413671177992001e+01 1.590970254447795753e+02 7.058216099749016337e+01 1.164575513612510491e+02
2.522413671177992001e+01 1.590970254447795753e+02 7.058216099749016337e+01 1.164575513612510491e+02
2.522413671177992001e+01 1.590970254447795753e+02 7.058216099749016337e+01 1.164575513612510491e+02
2.522413671177992001e+01 1.590970254447795753e+02 7.058216099749016337e+01 1.164575513612510491e+02
2.522413671177992001e+01 1.590970254447795753e+02 7.058216099749016337e+01 1.164575513612510491e+02
2.522413671177992001e+01 1.590970254447795753e+02 7.058216099749016337e+01 1.164575513612510491e+02
2.522413671177992001e+01 1.590970254447795753e+02 7.058216099749016337e+01 1.164575513612510491e+02
2.522413671177992001e+01 1.590970254447795753e+02 7.058216099749016337e+01 1.164575513612510491e+02
2.522413671177992001e+01 1.590970254447795753e+02 7.058216099749016337e+01 1.164575513612510491e+02
2.522413671177992001e+01 1.590970254447795753e+02 7.058216099749016337e+01 1.164575513612510491e+02
2.522413671177992001e+01 1.590970254447795753e+02 7.058216099749016337e+01 1.164575513612510491e+02
2.522413671177992001e+01 1.590970254447795753e+02 7.058216099749016337e+01 1.164575513612510491e+02
2.522413671177992001e+01 1.590970254447795753e+02 7.058216099749016337e+01 1.164575513612510491e+02
2.522413671177992001e+01 1.590970254447795753e+02 7.058216099749016337e+01 1.164575513612510491e+02
2.522413671177992001e+01 1.590970254447795753e+02 7.058216099749016337e+01 1.164575513612510491e+02
2.522413671177992001e+01 1.590970254447795753e+02 7.058216099749016337e+01 1.164575513612510491e+02
2.522413671177992001e+01 1.590970254447795753e+02 7.058216099749016337e+01 1.164575513612510491e+02
2.522413671177992001e+01 1.590970254447795753e+02 7.058216099749016337e+01 1.164575513612510491e+02
2.522413671177992001e+01 1.590970254447795753e+02 7.058216099749016337e+01 1.164575513612510491e+02
2.522413671177992001e+01 1.590970254447795753e+02 7.058216099749016337e+01 1.164575513612510491e+02
2.522413671177992001e+01 1.590970254447795753e+02 7.058216099749016337e+01 1.164575513612510491e+02
2.522413671177992001e+01 1.590970254447795753e+02 7.058216099749016337e+01 1.164575513612510491e+02
2.522413671177992001e+01 1.590970254447795753e+02 7.058216099749016337e+01 1.164575513612510491e+02
