1.000000000000000000e+00 1.000000000000000000e+00 1.000000000000000000e+00 1.000000000000000000e+00
7.525153252621250011e-02 2.578659307310322557e-01 1.859240339642591167e+01 5.348467539783793301e-01
7.814921331927919546e-02 2.474509090086074170e-01 1.804866999763818924e+01 5.829386365620227162e-01
7.179525986807760995e-02 2.586367708967999279e-01 1.760181370619531194e+01 5.383283695339393660e-01
7.710691145755114995e-02 2.768054817189266603e-01 1.849809676574733786e+01 5.124335103737748254e-01
6.321324297257664704e-02 2.359234235724445850e-01 1.744127010712822923e+01 5.000013595414943834e-01
6.624973738091201325e-02 2.057703905273763345e-01 1.660338080034833297e+01 5.347741429924796064e-01
5.937488377289868585e-02 2.036341195945183258e-01 1.627295667716063576e+01 4.852767659713287385e-01
6.089788851681710025e-02 2.050931848097055921e-01 1.858699740155580216e+01 4.960510679434493309e-01
6.402793281000583592e-02 2.072092847247946901e-01 1.526165301931873586e+01 5.306690469944750355e-01
6.880415253347577087e-02 1.865692121603584330e-01 1.544793583155776595e+01 4.877693318633971598e-01
5.746776334193417352e-02 2.027446635429489552e-01 1.503512237618306457e+01 5.481435860238980107e-01
6.179771253725736130e-02 2.273243432374353057e-01 1.165445671280939521e+01 5.285803308015826207e-01
6.052627305210755287e-02 1.987639178934323403e-01 1.139465669582722107e+01 5.116130405989377516e-01
6.517335397634228811e-02 1.935508247827799899e-01 1.201836270535523710e+01 5.381790533532727627e-01
6.477211445335070983e-02 2.034425839054392615e-01 1.149283513190293959e+01 5.189126725491701730e-01
6.828859557174969674e-02 1.990054398478044995e-01 9.387506809890529880e+00 5.171985418510094412e-01
5.348559368714767004e-02 2.574795753162642531e-01 8.889620389730175987e+00 4.618239723022171672e-01
5.693818275974565218e-02 2.311381094371406653e-01 9.826070335335140626e+00 5.130229868194566833e-01
5.384507699356043398e-02 2.173003764365568080e-01 8.454922613921654673e+00 4.599273693406422669e-01
5.368047439505454349e-02 2.388994400894125236e-01 9.404750465831574147e+00 4.741169400316196381e-01
4.658640277291635490e-02 2.350262876627490227e-01 7.577084099692229735e+00 4.750199770776251107e-01
4.880230730042356413e-02 2.207702575805730316e-01 1.043957203515356724e+01 4.761853909954219533e-01
5.477976317200012463e-02 1.702973507340146964e-01 9.990688812904551241e+00 5.053618154215904212e-01
6.050681191096305561e-02 1.646718643108654456e-01 9.230738759585245035e+00 5.493685042185850742e-01
7.561489741415861054e-02 1.087488600103949377e-01 6.711043483274324650e+00 5.106840053260314205e-01
6.723635906789268701e-02 1.059582601729906204e-01 6.966161296151371474e+00 4.733988224038701564e-01
7.337473779635984850e-02 9.558374775477961049e-02 5.888254826354851978e+00 5.633414052555484330e-01
7.929587464809284558e-02 1.092677991429670120e-01 3.503079972841464329e+00 5.400320006512786541e-01
7.940694966767831986e-02 1.050661622065401368e-01 3.516369259524423363e+00 5.514376799195136458e-01
7.704243068573744802e-02 1.096013253503537316e-01 3.468899060313117566e+00 5.593189476814045547e-01
8.935626494193181502e-02 9.581739034638232788e-02 3.248607101473798942e+00 5.904924036226776307e-01
7.985910547513845603e-02 9.613456480164503382e-02 3.318414206208787132e+00 5.460070584025080720e-01
8.303635240177063837e-02 9.434835007954867070e-02 3.498738564531495232e+00 5.767934336900467640e-01
8.518952352828347563e-02 9.763893368290821329e-02 3.235301795739514485e+00 5.732363804893831905e-01
8.698598462882099758e-02 9.322837483920427826e-02 3.228243346018603521e+00 5.639120276668787568e-01
7.815417316844867901e-02 1.183583757674698395e-01 1.977062224690206094e+00 5.817876584999431833e-01
7.402789339306369010e-02 9.989100446705327652e-02 1.897030350956943945e+00 5.657113573954801744e-01
7.015543876245988741e-02 1.106644908242440106e-01 1.527451206546240892e+00 6.350283655299372443e-01
7.785525164947103283e-02 1.096554257486934691e-01 1.821898861426254346e+00 5.336995859192859015e-01
8.905638141458174784e-02 1.043601594464409060e-01 1.797385855126888865e+00 5.827114417830114856e-01
8.423546303133346014e-02 1.025604053415831302e-01 1.731845675050466715e+00 5.514355000410624541e-01
7.479021305670503772e-02 9.931496963729732896e-02 1.731351346539838687e+00 5.430862998708767542e-01
7.865254439799874986e-02 9.428821038108184394e-02 1.718564049712189234e+00 6.000635932339841716e-01
7.394881442573529584e-02 1.025290976540492727e-01 1.794002320081506729e+00 5.893725604277075814e-01
8.367975623022939902e-02 7.848632659323032112e-02 1.542909231512892276e+00 5.795067904335493569e-01
9.061410637838059057e-02 7.397966978247307035e-02 1.399864050173894814e+00 5.203756417104762333e-01
8.297935879611306742e-02 9.616706313417873464e-02 4.658765776059650143e-01 5.664277025707963320e-01
9.359043295687942410e-02 1.307389948940714253e-01 2.533740525007061595e-01 5.693835177610867548e-01
9.575586933568744352e-02 1.273200585424022480e-01 1.698044141856221434e-01 6.692751465229868080e-01
9.979276333878238370e-02 1.255232549340306314e-01 1.479951389823978281e-01 5.699737961116774221e-01
9.331113718028230530e-02 1.185316785486773966e-01 1.544710024009689486e-01 5.994965421652892479e-01
8.791501569412928097e-02 1.283338404531087495e-01 1.630828231144302864e-01 5.893061677024963307e-01
9.096974010075201122e-02 1.417938752761689070e-01 1.578732079146085709e-01 5.763014711435962001e-01
8.748626432207633197e-02 1.171392064640362773e-01 1.522660594922126132e-01 5.860923342916223300e-01
8.834847924850422474e-02 1.130680301686013967e-01 1.484811950071373565e-01 6.213234196420847066e-01
1.014934328383079731e-01 1.098861543800768864e-01 1.643360196173776488e-01 6.674473638156545041e-01
8.815730949761196866e-02 1.070727485745288921e-01 1.568426866703115929e-01 6.354701643183950921e-01
8.906660166009902624e-02 1.185803667636166625e-01 1.592923797759355220e-01 5.576580141780705935e-01
9.789055017664602398e-02 1.046532573999780502e-01 1.353426995357051854e-01 6.033535211531867448e-01
9.335498870714313557e-02 1.078773213142951298e-01 1.436064424497878189e-01 6.380463511095478824e-01
9.640212541547953096e-02 1.081973472782436496e-01 1.512395092398354790e-01 5.993317770539460243e-01
9.896814734186855367e-02 5.273898811932559161e-02 1.801101174478638434e-01 6.393312518512241915e-01
1.119171717819218564e-01 5.100148880112697486e-02 1.746139165147199690e-01 6.869891523724596105e-01
1.008069265826315175e-01 5.548167094874480176e-02 1.583735809916508308e-01 6.068036868894323144e-01
1.083197628327394330e-01 5.494051937422864823e-02 1.492546647726387954e-01 5.828390521106870947e-01
1.060307518441375024e-01 5.408087755014603232e-02 1.566540308141180504e-01 6.438116527167543346e-01
1.003633673369937890e-01 3.882829996527246974e-02 1.404727041728232317e-01 5.945504436228067346e-01
1.011949481274385942e-01 4.430903893203833738e-02 1.465244318659529865e-01 5.810064425390725207e-01
9.704575297104146847e-02 4.239336372082161408e-02 1.393113530839560354e-01 5.838066135028907588e-01
1.038794661890203308e-01 4.133061442280046988e-02 1.491660926987729285e-01 6.665236266869386528e-01
1.113649496854034887e-01 3.899721082815694323e-02 1.409893810521497537e-01 6.402388630516953061e-01
9.798130277910682695e-02 3.206151890449083358e-02 1.453192090641644285e-01 6.094041946638756313e-01
9.947060159996586048e-02 3.084315786040881663e-02 1.447115381196928119e-01 5.863145145269725855e-01
1.234872380619505133e-01 2.273504112697639912e-02 1.219414738318852359e-01 5.718107982245278498e-01
1.173838481097044112e-01 2.399628075637497832e-02 1.234988704687678684e-01 6.223162005076184888e-01
1.053809800292740267e-01 2.252351456527165036e-02 1.165026382153563078e-01 6.377042107966643947e-01
1.252191996711670696e-01 2.009687756186496338e-02 1.371407166528482990e-01 6.097641400795481559e-01
1.164508070804878836e-01 1.662964619724179721e-02 1.407982353085444061e-01 5.771821268495068713e-01
1.264710800771899069e-01 1.639081151910257508e-02 1.395808152072725850e-01 5.929389718289153066e-01
1.172275027474860426e-01 1.843901192188625304e-02 1.388470359518005903e-01 6.449789454877866701e-01
1.165246388469605154e-01 1.573504653363079486e-02 1.259271661667355491e-01 6.641981491366988344e-01
1.249113222695303060e-01 1.449051078410003128e-02 1.315340387627960683e-01 6.540138363610867867e-01
1.221918201165258927e-01 1.452291170153022573e-02 1.272415419775675682e-01 6.835508393936706728e-01
1.229184612449030906e-01 1.440355376160625846e-02 1.307889346099143646e-01 5.953103386720710599e-01
1.225399294091563535e-01 1.495576342054656671e-02 1.345313481368808350e-01 6.513307469486881995e-01
1.248357813498741781e-01 1.497332444796506401e-02 1.477533532493373880e-01 6.497435251721468408e-01
1.260438956973500835e-01 1.420688941432970802e-02 1.442540680306217127e-01 6.138539540972099973e-01
1.309431319036692964e-01 1.365765464342627404e-02 1.448619696144189950e-01 6.711765960199994607e-01
1.250758648937796702e-01 1.379145157535143808e-02 1.367516716170351643e-01 6.936505288858115792e-01
1.316466499039133375e-01 1.318629527740365799e-02 1.164775921507308076e-01 6.760983503755567670e-01
1.291589382211358328e-01 1.220037663006658980e-02 1.251377290935736519e-01 6.791356740506987455e-01
1.266197994926981374e-01 1.193823559859239804e-02 1.361901567597030294e-01 6.845985547058514031e-01
1.185008570670841449e-01 1.265034275366247983e-02 1.345773886548000398e-01 6.897181633942349732e-01
1.365445927011443294e-01 1.237472383457364523e-02 1.322652648518020946e-01 6.477308028984252175e-01
1.333977441269891817e-01 1.423941876850307563e-02 1.219348494404348948e-01 6.871884384526509848e-01
1.286414510403494638e-01 1.256048091653972319e-02 1.148688642495893364e-01 6.556195027033299150e-01
1.341029518025057266e-01 1.262753541319443576e-02 1.285484503259337885e-01 6.005630223940583434e-01
1.311839120782689050e-01 1.338150700603476378e-02 1.232204934883243119e-01 6.799581848077947965e-01
1.377045201043534395e-01 1.297454526567031786e-02 1.269053570463899994e-01 6.549205569671352478e-01
1.335670516521684226e-01 1.327573984572536815e-02 1.231764904822611889e-01 6.352548393454392484e-01
1.361066605500096671e-01 1.238689483903081950e-02 1.261530406033813945e-01 6.411877692736613898e-01
1.382913081203915595e-01 1.212886350727288877e-02 1.206354016306031285e-01 6.620714984392845892e-01
1.466976818343993239e-01 1.211658636287895122e-02 1.281931668408899938e-01 6.503897455937334149e-01
1.359404666668702910e-01 1.267519523989366244e-02 1.333022728369255561e-01 5.973807988211172759e-01
1.381383841482865527e-01 1.265739491573245230e-02 1.279456874610193362e-01 6.667847171961309716e-01
1.359568242787618786e-01 1.374075874043445729e-02 1.300885066484467056e-01 6.309594928923899504e-01
1.438984704825866101e-01 1.273671562477805136e-02 1.195327733964043210e-01 6.092730499537242217e-01
1.211460206110968607e-01 1.260627067392071712e-02 1.367735088057651094e-01 6.472777543379353293e-01
1.256529136393192136e-01 1.340021243353880891e-02 1.251716246274639510e-01 6.107017374528650455e-01
1.283403026761374688e-01 1.217898182997215889e-02 1.228036823381347398e-01 6.379199126931959229e-01
1.253212146236140079e-01 1.324203950335983704e-02 1.357484145448259738e-01 6.456254668853412815e-01
1.187753669066512058e-01 1.208297577513448365e-02 1.271373048616446233e-01 6.134117009998315551e-01
1.277731433455382981e-01 1.114320225233969217e-02 1.252794309126996908e-01 6.488093633962248585e-01
1.321043948794967116e-01 1.296908475471463332e-02 1.224862824448706700e-01 5.745592346195738109e-01
1.182281752246954615e-01 1.261979430813943426e-02 1.200579031463934743e-01 5.968601807323818953e-01
1.315928614297923738e-01 1.256912590918226810e-02 1.209694244962599557e-01 6.657005701746148141e-01
1.259776870876037902e-01 1.256600898924542346e-02 1.346565798459220531e-01 6.620194831618418929e-01
1.212278494859604511e-01 1.142383954806848456e-02 1.297559095813766439e-01 6.520179555825784679e-01
1.285086101975119466e-01 1.061748663131513448e-02 1.197643676161148224e-01 6.556508856487580639e-01
1.304470892532265114e-01 1.210228078330551071e-02 1.207769888525364321e-01 7.823075522343807542e-01
1.201434863705107964e-01 1.132106636654815930e-02 1.351007559717353756e-01 6.221322825886449470e-01
1.210718689045918312e-01 1.247979183201870269e-02 1.295132859320221042e-01 6.797665847787178750e-01
1.329129161295098949e-01 1.210175772785734849e-02 1.274355496475446381e-01 6.476905788771174510e-01
1.281562948287282011e-01 1.273458833717521291e-02 1.268531467520493394e-01 6.562704246367407901e-01
1.342168289199889841e-01 1.154637576038839222e-02 1.197571861090565293e-01 6.346207002604210556e-01
1.326711764806771943e-01 1.186973663927523223e-02 1.243028661200679397e-01 6.657819907783921742e-01
1.322646475931188725e-01 1.190962120183466054e-02 1.399286633356267295e-01 6.358077018270008596e-01
1.213679614306599763e-01 1.215084765525643526e-02 1.296893831414041021e-01 6.906940271381218910e-01
1.300401085884090868e-01 1.174783031082946537e-02 1.189542299424267424e-01 5.478998186793603287e-01
1.196553954949959031e-01 1.097388241550807837e-02 1.171931685223899927e-01 6.601344254268968204e-01
1.303572523593219956e-01 1.167003587140617339e-02 1.325963302660755627e-01 6.784265396703449413e-01
1.297993927503352796e-01 1.342348821628986354e-02 1.308601643696946926e-01 7.128897591144127688e-01
1.241325893146680154e-01 1.225663625636855963e-02 1.175995927515642303e-01 6.061676142134736489e-01
1.343755816991697438e-01 1.177652282682130173e-02 1.150155417069509134e-01 6.376100073379211697e-01
1.383551689791229500e-01 1.253182941205224776e-02 1.206681040356983037e-01 6.382545486887378772e-01
1.461454461250253078e-01 1.036001226337882573e-02 1.343224079850521280e-01 6.480452628488548861e-01
1.217550957984781107e-01 1.126926237256701581e-02 1.322111596040543291e-01 6.587436753732210937e-01
1.327511467314471949e-01 1.083578905680639311e-02 1.357169990820303040e-01 6.710301231415269907e-01
1.344809702268392748e-01 1.057588006584323816e-02 1.372983238329506805e-01 6.024724652366053590e-01
1.330173033536320715e-01 1.111803340900085514e-02 1.347970906995414053e-01 6.438002065802800322e-01
1.282302638337512180e-01 1.154112892248221334e-02 1.344046735137682524e-01 6.330587097798372476e-01
1.349040932927221548e-01 1.133645770192558480e-02 1.276774495789459174e-01 6.267986110797447719e-01
1.384653573525336800e-01 1.175576895823527215e-02 1.226626582767669921e-01 6.392828175519318368e-01
1.314488840625194777e-01 1.141921252353473443e-02 1.316695137575781549e-01 6.925011671733796170e-01
1.404865371648779115e-01 1.126396792211831546e-02 1.363064798453679782e-01 6.786981374784781806e-01
1.278353599571078747e-01 1.122665293732647701e-02 1.113055769706818299e-01 7.044437994488841337e-01
1.441209186644372142e-01 1.125726121530527465e-02 1.232310316691935942e-01 6.423246430829142595e-01
1.174594265736710469e-01 1.215194718720687649e-02 1.273583580149432182e-01 6.161609078136088824e-01
1.325020621415359534e-01 1.212930160799266001e-02 1.305467027310808770e-01 5.986222214524751228e-01
1.283375587193057998e-01 1.058868807098428677e-02 1.399078617286934612e-01 6.778505940249008876e-01
1.280161906217648637e-01 1.029248613049442776e-02 1.302047829529072720e-01 6.193144297258400544e-01
1.346961849690331559e-01 1.073696923737449578e-02 1.241430991670620099e-01 6.901407006636816055e-01
1.298122452566621288e-01 1.004169576486817032e-02 1.307275757731258814e-01 6.756248290140741686e-01
1.193386603681973607e-01 1.045893084859197790e-02 1.378150021686371796e-01 6.754336284473823060e-01
1.194861451756395604e-01 1.079815597209061312e-02 1.239717848788395027e-01 6.412159320476769064e-01
1.223884294600295353e-01 1.033365685679454339e-02 1.102004070930612672e-01 6.448214117667377954e-01
1.297536989842638933e-01 1.001799602928749033e-02 1.179113582419697437e-01 6.463145092221377341e-01
1.331217785474985704e-01 1.029164407807808303e-02 1.281822615605828775e-01 6.460131787106319079e-01
1.303916573338092522e-01 1.051881760640792363e-02 1.193526021099201306e-01 6.544086467423771980e-01
1.354642096235403048e-01 1.123879724533696951e-02 1.232838293912845995e-01 5.992176026056510452e-01
1.342632647410397784e-01 9.913768885786263668e-03 1.053015297685866020e-01 6.887611525409251811e-01
1.339501606653548949e-01 1.033535296343751630e-02 1.200897876297949279e-01 6.581615890271594882e-01
1.383957479860676021e-01 1.031724955851111812e-02 1.232505459525141817e-01 6.811564109596397465e-01
1.342933474119140935e-01 9.541354737715189438e-03 1.161837392182795692e-01 5.954643971534956393e-01
1.333869723499898075e-01 1.019994743827420079e-02 1.229771886981857881e-01 6.506279383320864307e-01
1.339528923959231177e-01 9.485765575644651906e-03 1.270736393467724323e-01 6.295405417990662666e-01
1.320928815756148844e-01 1.035442896783137640e-02 1.309661371754526071e-01 5.966976332094432456e-01
1.351639394510766867e-01 9.790392801123115954e-03 1.143844528665109855e-01 6.185426997557775808e-01
1.314990455330922459e-01 1.056510228514844461e-02 1.295183833841626608e-01 6.348687785163472652e-01
1.360800614468513359e-01 1.056180431727499723e-02 1.225018027693804135e-01 6.416449940062880497e-01
1.281221253519775893e-01 1.014993365992987277e-02 1.253296622935130833e-01 6.448646292812338920e-01
1.302556619144893957e-01 9.770150698324998537e-03 1.177074367533031546e-01 6.907591555584254861e-01
1.343913449094501777e-01 9.850930060796765989e-03 1.276183012620701607e-01 6.016562564443517225e-01
1.283827238188869346e-01 1.001983554622259791e-02 1.187250052827036606e-01 5.864595049853459363e-01
1.296386629114338607e-01 1.012415374805879752e-02 1.207753127928474085e-01 6.517465525165793139e-01
1.259835816285811427e-01 9.293712432706394133e-03 1.195390752065656065e-01 6.214597672940628259e-01
1.304734204304983103e-01 9.682425113081295776e-03 1.172581790926281037e-01 6.122701987911952637e-01
1.229630111103384854e-01 9.038156715058620269e-03 1.287823748818917868e-01 6.500004522829488929e-01
1.266585803411494071e-01 9.566928580829633239e-03 1.193923510237987207e-01 6.672368932450568613e-01
1.345972746390883268e-01 9.239443198296984697e-03 1.204233962894486754e-01 5.649663972788478983e-01
1.336311156885836848e-01 1.044461356456004991e-02 1.277977450648107582e-01 6.714908545346199853e-01
1.229392275445159166e-01 9.902877170810130830e-03 1.236793442473389099e-01 6.300939132795473352e-01
1.378578610064422616e-01 9.560731498845157286e-03 1.430355450764791703e-01 6.901601678962947517e-01
1.327220593146597460e-01 9.362031607509667397e-03 1.259841259232249988e-01 6.619184775390711817e-01
1.241720401260591883e-01 9.637697094210199295e-03 1.146338889737091443e-01 6.334839138761488853e-01
1.459641222377655589e-01 9.130090429739723401e-03 1.278252871582621075e-01 6.198072489496458948e-01
1.410808342274601501e-01 1.015356539602106818e-02 1.216263886468772759e-01 6.341147201273594769e-01
1.294241040420835986e-01 9.063509420902716301e-03 1.280858169553463211e-01 6.191377431172453427e-01
1.263143262375126252e-01 1.019098325041031122e-02 1.232370216043001815e-01 6.624130398644396678e-01
1.215416274246403083e-01 1.069910826806034707e-02 1.242835174802838089e-01 6.270944966662064246e-01
1.391303304406603103e-01 9.774265955470850739e-03 1.210644424165289862e-01 6.653769128782912601e-01
1.464602380926237901e-01 9.480190087135244650e-03 1.227284048504089786e-01 6.066735101564466603e-01
1.397749032987128104e-01 9.691401889167771191e-03 1.242518605114592556e-01 6.283507131129979495e-01
1.233142653507642156e-01 9.774458856873008070e-03 1.228958958148638342e-01 5.698830481031118556e-01
1.255588301741036306e-01 9.388996063753015167e-03 1.189003960637841362e-01 6.878693318057265138e-01
1.351546262796406439e-01 9.579402783250565850e-03 1.292659455543520020e-01 6.617130427225612621e-01
1.196900107578291739e-01 9.966534309680152165e-03 1.255990282653668688e-01 6.383460113721005635e-01
1.340505071305264917e-01 1.016297671994105881e-02 1.275986834130143632e-01 6.363657513614618955e-01
1.428736512945587289e-01 9.215195611580830060e-03 1.273728677776167495e-01 6.617161338344286214e-01
1.206172575079667575e-01 1.000993187307582487e-02 1.316168103710833592e-01 6.195946769238277474e-01
1.360342597211534887e-01 9.731254962857807320e-03 1.272018112343872576e-01 6.284038847268073047e-01
1.346114218142450414e-01 1.036168614105952533e-02 1.346852237773343008e-01 6.170675468635170580e-01
1.383949947162749494e-01 9.753642842934343721e-03 1.386442146744454873e-01 6.754324316311249854e-01
1.362762525833658978e-01 9.209366367939909523e-03 1.181149592232094425e-01 6.425337402824576882e-01
1.211666059007023150e-01 1.035358082414775116e-02 1.246672283991167723e-01 6.695122340665287108e-01
1.221427855073053820e-01 9.565236915865631129e-03 1.148028065954362215e-01 6.965354179450826688e-01
1.365786588961271919e-01 9.680612502631125854e-03 1.239915062927984257e-01 6.367860508453773161e-01
1.282149790558577973e-01 1.052669451145347816e-02 1.100460601335416649e-01 6.780242083148482202e-01
1.309910598948627602e-01 9.453661130545298885e-03 1.141953124362796723e-01 6.437339001758709545e-01
1.219716097760581153e-01 9.000859812510629901e-03 1.226849430684754105e-01 6.012485526416481152e-01
1.363220166833042923e-01 9.723298830242765173e-03 1.160816458248628141e-01 6.295617955440563351e-01
1.241589639930267969e-01 9.447577972894118103e-03 1.218223930187974924e-01 6.367645191858873899e-01
1.282170264654471925e-01 8.599568065217918014e-03 1.141550834757221466e-01 6.938571318953219436e-01
1.230627231335289506e-01 9.927378815347978960e-03 1.239361794419129026e-01 6.489781219885497610e-01
1.313195521936884047e-01 9.148728719831876466e-03 1.303080219922658489e-01 5.821683099946768358e-01
1.286019523706703749e-01 9.292929194555722347e-03 1.218738626633246169e-01 6.622230286635859553e-01
1.350603332857991112e-01 9.223314183327597712e-03 1.278472018169470037e-01 6.067460301076231799e-01
1.180063267923754239e-01 9.823439153468794746e-03 1.182536756501606362e-01 5.777572411257813068e-01
1.224025485366178057e-01 9.806847938395459041e-03 1.238254387058833617e-01 6.294812115929452334e-01
1.276943868337785115e-01 9.215089579493927763e-03 1.218479944051387709e-01 6.589731678131801607e-01
1.209677031243850676e-01 1.004467571257241371e-02 1.138412054629101555e-01 7.081057657969531682e-01
1.243857096674365892e-01 9.617584451197244699e-03 1.374522093083551944e-01 6.241058443061960892e-01
1.363915641303910242e-01 9.829388356172811397e-03 1.189598976320760254e-01 6.013925843464121845e-01
1.230571227744191448e-01 8.890490489788571704e-03 1.179617540248577012e-01 5.995326819528435935e-01
1.320957905177738978e-01 9.417812119964475218e-03 1.237271563369087279e-01 6.553373409058717014e-01
1.473972920515984886e-01 1.001349410394031768e-02 1.184488965034061203e-01 6.359667163050587435e-01
1.250169797457267584e-01 1.067831406502690525e-02 1.156452880606476386e-01 6.350916656912517499e-01
1.337477556388910749e-01 1.067788716533608732e-02 1.106266396108736144e-01 6.383655145325575209e-01
1.221140480011918134e-01 9.563957949107611614e-03 1.164029427540285710e-01 6.392676903341650840e-01
1.371752202435696233e-01 9.248135207805811830e-03 1.104550613903468731e-01 6.225647309716662026e-01
1.318973226342110838e-01 9.427303992973550331e-03 1.163525330124247775e-01 6.755136530472061196e-01
1.333974692861291389e-01 1.015550672353322456e-02 1.219871909120797820e-01 6.941602814050188419e-01
1.373995991674713257e-01 1.140035498470032965e-02 1.284260561471907147e-01 5.789431161999455400e-01
1.251980616616480690e-01 9.973695058179877018e-03 1.208713702187483169e-01 6.334625997939574704e-01
1.259299601295348903e-01 9.178863213532057266e-03 1.279047914934804131e-01 6.514428919249320993e-01
1.201674750838033351e-01 9.001216786417442703e-03 1.135439030468492483e-01 6.335010803387928213e-01
1.472806862774359571e-01 1.077552283507812909e-02 1.127935212629865847e-01 6.635432820132045606e-01
1.273039710915728207e-01 9.098182402196182406e-03 1.283324129190149543e-01 6.193905591155406398e-01
1.271369516215799245e-01 9.480359410358766767e-03 1.276312723805350657e-01 6.168030267807786959e-01
1.215557047577458943e-01 9.821843921200877972e-03 1.332944986709782564e-01 6.916161403369656124e-01
1.384765241006952752e-01 9.529959172488104702e-03 1.211425607716232616e-01 5.785713050199863261e-01
1.270086301935626216e-01 1.031298873510693749e-02 1.318629961490145608e-01 6.160698407008933231e-01
1.345050313435792455e-01 9.776906326802791564e-03 1.198255975392733125e-01 6.474778339656057646e-01
1.341080311903685984e-01 9.897907575585347673e-03 1.198170945965086193e-01 6.690597462508288684e-01
1.231024927268710017e-01 9.726773310776629447e-03 1.222259327138442292e-01 6.673454976623963697e-01
1.366811404043046518e-01 9.352800491611548001e-03 1.161994893853300070e-01 6.920844776057398784e-01
1.132165420650037974e-01 8.983796758425194665e-03 1.285231069005728644e-01 6.408176200604197570e-01
1.290495513307045872e-01 9.721870412287831123e-03 1.166020433795895428e-01 6.475855858807417764e-01
1.189101037347399248e-01 9.797988626674086418e-03 1.204088138844272016e-01 6.083693409306980548e-01
1.256410365458409117e-01 1.024241548736170605e-02 1.308637937535734874e-01 5.480504602092808319e-01
1.249588266779174534e-01 9.141135109622718774e-03 1.182205670071315162e-01 5.887054464737045967e-01
1.249850694331579720e-01 9.793597789415417823e-03 1.188615708635048646e-01 5.933442658685095239e-01
1.309109095178919158e-01 8.697572273278006763e-03 1.190738962826895370e-01 5.856759386246762622e-01
1.297242949727997474e-01 1.007920578011342952e-02 1.280657974757913875e-01 6.480607041196954077e-01
1.327150311422497786e-01 1.046267800340975121e-02 1.143401907620281710e-01 6.469783255008138001e-01
1.191881084299679372e-01 8.704788945195187505e-03 1.190185997479645819e-01 6.990012826876271790e-01
1.273191520824451528e-01 9.372153419760616277e-03 1.204892680737359167e-01 6.642876344003302291e-01
1.227857905571148045e-01 9.302997340452487732e-03 1.302266581180067662e-01 6.897673436121150026e-01
1.264310275825012986e-01 9.379290206456699155e-03 1.200285732408743339e-01 6.366012541073908793e-01
1.302448960662530852e-01 1.008864062920423153e-02 1.262286629290537976e-01 6.559943718949632352e-01
1.365413794254657087e-01 9.624241869846216282e-03 1.260295609520077353e-01 6.589884081415134931e-01
1.329461944265961093e-01 9.523304774601561509e-03 1.264930798665726830e-01 5.785949132133527684e-01
1.238897431593175419e-01 1.052137717624012508e-02 1.271668612645079910e-01 5.949031011811511949e-01
1.388048093357173995e-01 8.573177985761976788e-03 1.262830988057913884e-01 6.232784253514622730e-01
1.300283924567672000e-01 9.582776228417183920e-03 1.120838146738084296e-01 6.122747703441014933e-01
1.379468626191187042e-01 9.753389190079630316e-03 1.308432532652484825e-01 6.732111175282934346e-01
1.310781745508022011e-01 9.153682862589778910e-03 1.212402114159414207e-01 6.505312483716476635e-01
1.348663491627318523e-01 8.911820677946340544e-03 1.249963002067276813e-01 5.792551540966652812e-01
1.275605152218646232e-01 8.944876781963364762e-03 1.216557355420708475e-01 6.199253465784336781e-01
1.341831615794038535e-01 1.048846535962609863e-02 1.221380727009327843e-01 6.444756241281912601e-01
1.159660199628130828e-01 1.074716698761778166e-02 1.380259596915539844e-01 6.393507169994936401e-01
1.267601701071174869e-01 8.221449549002925183e-03 1.243795087963772972e-01 6.715335102769673936e-01
1.294654550961531203e-01 9.595662972081213729e-03 1.246626245466918165e-01 6.258988538890872810e-01
1.315666699912396986e-01 9.899309026144600607e-03 1.120016284870480328e-01 6.136197724522386432e-01
1.166087811039919209e-01 9.518768287766097777e-03 1.102420685871627754e-01 5.960370374479033728e-01
1.264937296893945684e-01 9.722995623456184150e-03 1.311080406067709203e-01 5.827016808552473170e-01
1.234038635329330197e-01 1.057031229986859708e-02 1.184979415695708860e-01 6.067812312044542633e-01
1.208520791909989817e-01 9.520701596832071081e-03 1.314399368543969493e-01 5.901002989754179362e-01
1.346228857218922381e-01 9.890190021233320750e-03 1.268564729781830602e-01 6.390254157546194635e-01
1.269198203378884005e-01 9.045814532129936580e-03 1.402438195766068096e-01 6.491163969165176795e-01
1.305188128029521055e-01 9.391113631719457538e-03 1.278072067918557542e-01 6.580940039356850679e-01
1.333117909091652009e-01 9.432949440191558052e-03 1.167118715055832506e-01 5.784740391590199593e-01
1.342102122231549066e-01 8.864313069241699580e-03 1.301563022942696934e-01 5.833147152227383669e-01
1.333077851858238683e-01 9.494694233383288093e-03 1.269721603421963552e-01 5.915701207630803538e-01
1.336608064779993832e-01 1.000133083234273391e-02 1.259762583221296084e-01 6.109050751969117288e-01
1.294006420004571722e-01 1.054689434834553061e-02 1.333452949751011141e-01 6.949289466269723547e-01
1.300458594824910052e-01 9.627732509038137987e-03 1.247081651728220442e-01 6.127252718533081621e-01
1.329120176206841086e-01 9.196797394730534328e-03 1.288123268414915201e-01 6.573626739959884668e-01
1.295955908118549549e-01 9.354511893698565922e-03 1.265909059561956540e-01 6.401802511451284428e-01
1.410944529480445131e-01 9.307194928851379029e-03 1.330891137122931500e-01 6.097567958706761049e-01
1.286359461549543837e-01 8.674863132498713061e-03 1.161841833780244415e-01 6.420564674260785809e-01
1.422252230118665473e-01 9.038888605441844359e-03 1.215569031039069881e-01 6.053426895012476994e-01
1.266021003010521506e-01 1.027518469083235977e-02 1.276408744873918644e-01 6.874593323838205094e-01
1.254592891579723590e-01 1.013821852077578106e-02 1.213006606806507487e-01 5.788490700743008643e-01
1.398357652959431041e-01 9.655761665884186884e-03 1.247063363391946039e-01 6.041973848429057492e-01
1.413505822561939573e-01 9.545980110555242829e-03 1.210003920691243712e-01 6.108599302984004664e-01
1.244587690152125226e-01 9.520056585453053055e-03 1.357989189933026530e-01 6.647257448083104814e-01
1.194898059649923960e-01 9.535676714546794872e-03 1.220262646123362327e-01 6.374210278489006454e-01
1.378661586153118734e-01 8.775222144994382009e-03 1.301806917393957264e-01 6.365160571510780629e-01
1.362373082269691393e-01 1.006171263804524381e-02 1.204772699760623539e-01 7.089051506385883883e-01
1.393342093630781098e-01 9.725975796816152541e-03 1.184608865743987383e-01 5.942911712216439879e-01
1.272574693607041729e-01 9.376364942071150135e-03 1.238207144891575046e-01 6.195893629000949199e-01
1.213039143543908072e-01 9.210195342335436922e-03 1.158074131775605198e-01 6.350000504091372067e-01
1.241255683156501782e-01 9.141530000807281467e-03 1.263340236533589123e-01 6.433761462274630860e-01
1.173907903037363504e-01 8.652215904980406144e-03 1.143585022446730604e-01 6.148093632466415936e-01
1.423049270730812610e-01 9.957262976099369445e-03 1.307417357428107552e-01 6.601991002296624389e-01
1.164574451944971195e-01 9.258172629833222311e-03 1.198249283441622098e-01 6.432452538940391928e-01
1.303742303196065155e-01 9.489509454136004982e-03 1.289788080369087542e-01 6.398367224721361879e-01
1.314763701775042148e-01 9.546330531772277694e-03 1.213184312639826457e-01 5.801482795685726224e-01
1.309900541329033774e-01 8.970787572549446254e-03 1.233754116505503817e-01 6.247382376369595702e-01
1.194053106231422884e-01 8.534901486891536757e-03 1.167632234097361887e-01 6.207602789706591073e-01
1.356233657154924388e-01 9.436697432846873762e-03 1.284920376273868126e-01 6.592666053307270069e-01
1.162289197173343169e-01 9.881541589358909528e-03 1.100554201555226375e-01 6.183623719725127588e-01
1.403412206372685322e-01 8.688336705078569810e-03 1.234361217946039480e-01 6.587547126885445747e-01
1.218982172268908148e-01 8.747535091797610171e-03 1.238199205549653376e-01 6.005212909128718746e-01
1.383702775308853217e-01 9.533201969767382544e-03 1.341838586198429717e-01 5.456235359860700518e-01
1.185822107464111347e-01 8.990479362155469681e-03 1.259856810742635280e-01 6.013492294204665356e-01
1.334383299551721025e-01 9.030272975376516312e-03 1.306669743555375907e-01 6.360541389054433781e-01
1.240571322502810048e-01 9.777976368423599643e-03 1.350819807974878717e-01 6.453416267962508446e-01
1.225198448981996563e-01 9.031645915769156291e-03 1.203084814366242455e-01 6.798717100249092038e-01
1.295356938383402101e-01 9.115019765016893830e-03 1.245214733672260765e-01 6.057572576527910924e-01
1.201268667911723625e-01 9.915653639779510586e-03 1.181232481481447050e-01 6.441773510956897431e-01
1.291048339042168425e-01 9.587368558521490100e-03 1.147245085886729465e-01 6.482868602965576876e-01
1.192357750162615915e-01 9.716310325289271785e-03 1.227911821535459802e-01 6.630800097181905883e-01
1.258773581683302611e-01 9.718963351601911382e-03 1.298034505956407458e-01 6.646943342014340894e-01
1.270596019046211222e-01 8.593423083537167842e-03 1.296824059522350414e-01 6.289432275652323545e-01
1.324489813370424707e-01 8.137195819332435076e-03 1.206102495769163924e-01 6.562457671570701701e-01
1.322742930071551803e-01 9.892668328394135097e-03 1.327595566984920150e-01 6.716093326304524158e-01
1.410286284074134255e-01 8.961847865170334895e-03 1.261955261272166839e-01 6.294903447353960013e-01
1.261277644377987173e-01 8.965615114439202601e-03 1.291315957085000521e-01 7.102992983792340009e-01
1.347531194248313691e-01 8.402365231756301830e-03 1.222671731308290766e-01 6.483474029152033191e-01
1.289381281650469335e-01 8.515043680986033106e-03 1.210992065045805727e-01 6.614399249136727610e-01
1.302421626331995708e-01 8.712878313749524914e-03 1.254098868956129709e-01 5.723851710672028803e-01
1.169212459452957514e-01 8.324918983981617268e-03 1.291813634094975127e-01 5.938226023855268654e-01
1.294377979662428291e-01 8.497847978382842837e-03 1.219291484602365722e-01 6.053192621599539081e-01
1.423666640207980894e-01 7.266135459282447098e-03 1.171745371543440328e-01 6.519520250701796860e-01
1.399840195740750248e-01 8.479189974494861365e-03 1.231889285761390701e-01 6.773330501499578160e-01
1.391512592279144367e-01 8.110739314374525166e-03 1.232428434519565325e-01 6.678802057304343842e-01
1.404313144628373533e-01 8.812813359970040825e-03 1.210264994355914336e-01 6.847815406083330725e-01
1.332628924879206422e-01 8.535089924459261790e-03 1.210337669698070689e-01 6.327534853682676985e-01
1.407889648307408814e-01 8.931696695616917619e-03 1.308634166500963480e-01 6.159369560779084374e-01
1.313030887550243886e-01 8.843617547167479526e-03 1.369113404048103999e-01 6.249737073691934430e-01
1.289577958048790107e-01 8.789223728294810398e-03 1.337288180919184999e-01 6.284273194417980823e-01
1.281212280193385900e-01 9.135987480269022395e-03 1.192685868196394078e-01 6.776700683788864366e-01
1.183195069787198878e-01 8.108719391104454721e-03 1.249781519237513211e-01 6.102368934271857892e-01
1.201521615491687872e-01 8.712907415927426819e-03 1.219738199640463261e-01 6.761561460488531017e-01
1.380710052695851564e-01 8.729987195378733841e-03 1.190200564255955856e-01 6.600289522070750259e-01
1.338713308029993165e-01 8.808610088266081647e-03 1.197753542079853933e-01 6.572202918061188504e-01
1.432369443273281417e-01 8.700707920388430633e-03 1.246017476833041343e-01 6.400462862183761148e-01
1.300618515744383363e-01 8.507604544078997341e-03 1.284539659290312996e-01 7.264611766550127525e-01
1.213244346195936907e-01 8.635801071309475926e-03 1.237397967468314708e-01 6.014793353142898757e-01
1.313232050175678900e-01 8.992342295779441261e-03 1.246704981631652775e-01 6.214780840218074864e-01
1.405981552470188800e-01 8.908560116960674916e-03 1.197928622773578311e-01 7.390709716381839156e-01
1.335841825004218664e-01 8.983360763799928816e-03 1.181123374721074898e-01 6.703652346208808233e-01
1.229531694950367626e-01 8.860129478822894103e-03 1.255100050853455440e-01 6.101300653117978090e-01
1.265499414603593609e-01 8.129561482892701946e-03 1.261949474604912025e-01 6.144580225589144629e-01
1.421662360474050535e-01 8.178520656314365589e-03 1.346834314359396656e-01 6.167386933597375220e-01
1.288426896557999246e-01 7.792417768908592446e-03 1.179912655154739670e-01 6.207308839879530638e-01
1.193499559697802082e-01 9.164125000785438083e-03 1.199101504316245626e-01 6.452239389632369315e-01
1.214779507886575571e-01 8.573707261229293261e-03 1.329858213998484084e-01 6.449595868397286491e-01
1.322257820614120560e-01 8.698448128464993101e-03 1.218187085301931233e-01 6.705951478025519163e-01
1.369362622234775728e-01 9.196096287727575230e-03 1.282718683528484838e-01 6.009324145926396854e-01
1.267901218543834585e-01 8.714541977556456917e-03 1.201589329047010185e-01 6.000821229982389315e-01
1.280086323798873549e-01 7.840921715673385833e-03 1.242073307667137250e-01 6.869037876651921115e-01
1.297868961555179446e-01 8.158019090603402246e-03 1.252654501429504019e-01 6.244335600322826751e-01
1.358101565826697055e-01 8.787224622073191299e-03 1.248228392823951260e-01 6.506146779506675193e-01
1.437333839209286590e-01 7.988915689590625133e-03 1.298706365312750910e-01 5.848675483868102098e-01
1.257017995370305896e-01 8.360067319150336906e-03 1.217211612403060889e-01 6.463505530345162731e-01
1.344227129814153376e-01 8.081537227307181506e-03 1.131437075533973796e-01 6.748343488876827889e-01
1.302297292588195932e-01 8.397769255972862071e-03 1.154797557170791911e-01 6.383308304657565602e-01
1.372823805634377781e-01 9.210419485008438864e-03 1.343515473955481931e-01 6.345852129869233860e-01
1.235557337969122593e-01 8.386843559997502959e-03 1.304755066434184485e-01 6.397991078309527291e-01
1.170700666377915838e-01 9.276697854914009791e-03 1.268682678621967375e-01 6.607708401186230818e-01
1.310711337628541195e-01 7.981843884382007481e-03 1.281694950784388054e-01 6.500763061645946639e-01
1.317765654443316947e-01 8.318810092780749496e-03 1.230237772758401571e-01 6.816811553758403974e-01
1.405023749625537166e-01 9.568135712500340159e-03 1.244046487876909052e-01 6.226137877888778815e-01
1.319126814267220504e-01 8.160721748998440647e-03 1.177384086419602516e-01 6.244570466764964856e-01
1.265112986104731940e-01 7.845685998296374197e-03 1.223048348750477021e-01 6.128878014804186591e-01
1.399158654190333362e-01 8.949584286939706382e-03 1.246890762083823767e-01 6.833888767363485162e-01
1.346157727013114203e-01 8.242744736595737295e-03 1.379710606986165322e-01 6.184499281642704682e-01
1.355604686513849633e-01 8.105447220009378770e-03 1.252463677196452019e-01 6.494955434147956508e-01
1.194100584113938629e-01 8.701078004458460621e-03 1.206360104123660182e-01 6.349805285319993775e-01
1.383293605102368373e-01 8.443361804710005150e-03 1.194405658145209909e-01 6.310898260943182958e-01
1.128931168186957934e-01 9.078022064004409239e-03 1.469012926679548470e-01 6.498094771424282046e-01
1.324017053254347431e-01 8.439955805167979885e-03 1.228197193422213285e-01 6.824814494762455608e-01
1.236067708088803424e-01 7.532550593711391518e-03 1.271189891429668206e-01 5.840767132993668342e-01
1.277490012438940725e-01 8.189294645028153893e-03 1.106273312014002530e-01 7.134980749412774825e-01
1.396825625679486982e-01 8.041614163801072412e-03 1.280400899809352733e-01 6.304986595781925107e-01
1.328131173215724714e-01 8.175709019778274259e-03 1.405931990082530669e-01 6.627812510402966151e-01
1.256246250649099838e-01 8.583511779044983303e-03 1.210023604550136828e-01 6.439573804297732407e-01
1.177013979119229670e-01 8.801251806960102425e-03 1.369560233284879136e-01 6.592581679656338567e-01
1.261832609752223666e-01 8.833697195537844327e-03 1.165278804182320882e-01 7.174439405971174688e-01
1.279474655636484715e-01 7.940437850428527788e-03 1.179487448027735225e-01 6.451219282395980192e-01
1.269506881182561331e-01 8.172903274041545124e-03 1.309403909353993867e-01 6.054594425840964522e-01
1.261882971530467190e-01 8.470569199945618064e-03 1.429380349151631313e-01 6.609585759467809796e-01
1.261983059700277909e-01 8.385836068037224103e-03 1.106435939424960102e-01 6.698968078940997772e-01
1.211802951089182567e-01 8.659903734862030647e-03 1.360431339659481653e-01 6.580047799976603828e-01
1.405759493334448329e-01 8.135048311164945131e-03 1.264726306681109580e-01 6.140680895671570827e-01
1.359699332667699267e-01 8.739722262854692988e-03 1.237287120553414999e-01 6.569025402428575466e-01
1.192050408741014145e-01 7.885245471138368697e-03 1.207594368278294278e-01 6.152952253717035580e-01
1.239469137618905425e-01 8.204672786278470811e-03 1.163726818041635608e-01 6.419704746250359806e-01
1.210243671191855996e-01 8.374295971092095975e-03 1.185804611049484508e-01 7.194606042982513161e-01
1.309099636871768335e-01 7.994473525777891915e-03 1.243733227439980243e-01 6.142158356108335937e-01
1.167704799106735192e-01 7.703693494734338738e-03 1.187826237576784100e-01 6.351853757601584327e-01
1.264104415889736044e-01 8.083617012524397724e-03 1.244068939325405909e-01 6.119672457440658020e-01
1.305227597261223171e-01 8.888028151596548757e-03 1.261426737750293015e-01 6.244594441031426912e-01
1.307369694220417433e-01 8.080985478536324013e-03 1.244763456406860341e-01 6.292701888872116456e-01
1.324857530643583636e-01 7.778333856701306372e-03 1.309605060855842662e-01 6.585267504536260752e-01
1.291967151186154961e-01 8.173865103481862612e-03 1.293377619351246677e-01 6.274047838423987278e-01
1.339764057030398414e-01 9.033048236337626671e-03 1.177427766896937539e-01 6.913817007165610207e-01
1.464096889085920727e-01 8.859721536482340412e-03 1.136274587166135747e-01 6.480957805767791902e-01
1.216106775613720326e-01 9.090190708022362689e-03 1.278686573749977240e-01 6.066216461247322389e-01
1.390738635594350181e-01 8.648316892977674086e-03 1.223447598376706247e-01 6.540145861290385110e-01
1.336957969863152851e-01 8.400930205424499489e-03 1.220615801700939834e-01 6.307012568552887721e-01
1.241804569008551351e-01 8.733134902157340188e-03 1.283638090651464392e-01 6.195196288744966306e-01
1.290412065984849754e-01 8.660417872292729483e-03 1.266055178285322158e-01 6.848598812960018378e-01
1.398694483298556224e-01 9.016783776798601574e-03 1.230263863354388032e-01 6.052426200987996996e-01
1.342664148376153110e-01 9.462166441551936660e-03 1.215418215018246872e-01 6.196048239657001577e-01
1.406543948490128482e-01 8.039748274445821311e-03 1.286845935972010524e-01 5.994655907060463251e-01
1.248334320635306610e-01 8.177543215726182368e-03 1.247206489693998693e-01 6.302062943028526876e-01
1.403336256041403385e-01 8.177679930424520613e-03 1.520640987479192074e-01 6.158518818395511962e-01
1.337145676218123580e-01 7.846797061790212677e-03 1.198786199926937523e-01 6.259810797076944544e-01
1.310968414156890860e-01 8.012721100548233361e-03 1.276284619550143162e-01 7.026918225657342587e-01
1.257859230404844708e-01 7.684009704446956822e-03 1.194157888858978223e-01 6.804263674452649679e-01
1.253560273010063952e-01 9.293560674805356747e-03 1.317717204288111899e-01 6.369719565356704027e-01
1.422288871893794271e-01 8.251829467800913046e-03 1.243368971392052186e-01 6.737444612967457003e-01
1.269906730766769409e-01 8.955220337260882263e-03 1.270012735508425361e-01 6.177795759500634976e-01
1.388591930539660457e-01 7.957278608546947130e-03 1.303518443232170865e-01 6.502414824972638785e-01
1.239884803109323613e-01 9.076717649633197701e-03 1.200356370283326701e-01 6.582116295508931847e-01
1.221020418623968706e-01 8.205250270713835767e-03 1.186428923292095483e-01 6.247654540700899872e-01
1.375113663287944876e-01 9.254568856826626486e-03 1.289381274134919486e-01 6.337446791900369636e-01
1.395959138516903730e-01 8.405529979984642172e-03 1.240963847120917646e-01 5.833737109896180995e-01
1.325242883219575341e-01 8.043262579753485478e-03 1.186818671060256014e-01 6.683831291931749963e-01
1.323643698730267715e-01 8.437828601673882239e-03 1.313337684706480379e-01 5.933835093926694837e-01
1.295054515809939966e-01 8.558312074901925151e-03 1.328844372383247985e-01 6.577599811146210840e-01
1.215968448667472251e-01 9.516608124028812579e-03 1.230276954316806282e-01 6.637573382537058642e-01
1.353656078277274133e-01 8.613067726141480571e-03 1.233303707415861206e-01 6.517363103757353171e-01
1.232915761373564872e-01 7.801290326275510736e-03 1.281156185382793522e-01 6.737156444699523572e-01
1.412261713084592141e-01 8.585227003426241024e-03 1.191618949306125774e-01 6.837814018818330064e-01
1.271613541304487949e-01 7.767688807900553771e-03 1.205858148216259196e-01 6.329961986957340914e-01
1.316597452934023249e-01 7.894890513395189102e-03 1.319122998429319293e-01 6.427785522669355878e-01
1.200831478056603036e-01 8.281204796212072311e-03 1.193778069296745487e-01 5.934380352449050156e-01
1.468072780306574898e-01 9.639595600450356905e-03 1.213098858306007333e-01 6.443987641839160618e-01
1.281467866532279010e-01 9.066543645174163918e-03 1.268350150208792104e-01 6.497957487760578354e-01
1.275535106450712552e-01 7.906695440877943570e-03 1.186104711268195083e-01 7.001886344362628911e-01
1.352846558995649817e-01 9.363404190429054988e-03 1.167354974918036054e-01 6.289827658625781748e-01
1.378401648928334333e-01 8.211904769008758487e-03 1.118176988786764026e-01 5.808936065432179774e-01
1.323838932528580425e-01 7.759324868003913273e-03 1.187715066105460016e-01 6.693026168388713781e-01
1.261853756014323369e-01 8.599282634734322153e-03 1.304406886493467976e-01 6.557114167114848069e-01
1.242745599156650088e-01 9.478002129749932281e-03 1.291354054538340068e-01 6.038956867453044719e-01
1.252252936520027726e-01 8.274666324493732197e-03 1.332725058286458597e-01 7.204726391830585941e-01
1.327757576351558944e-01 8.196414281732072524e-03 1.269784264349382297e-01 6.374864436508724808e-01
1.204405932952088837e-01 8.411868817955549943e-03 1.315708909727764109e-01 5.975207298170290837e-01
1.382000081237500511e-01 9.370770889429010098e-03 1.411303345175923263e-01 6.338371896257353200e-01
1.275856374893869216e-01 8.124952121615370074e-03 1.217443364192382915e-01 6.549501673356329379e-01
1.304420645787136013e-01 7.896709036899419304e-03 1.144345047995802139e-01 6.791456017694809111e-01
1.336315521357896996e-01 8.855024152618533664e-03 1.293294796580918560e-01 5.936725401802859237e-01
1.348186311278144756e-01 8.504407578074146129e-03 1.283468107311051543e-01 5.723983817277771280e-01
1.448517308734840192e-01 8.084688475777481245e-03 1.307430161504246069e-01 6.797611991575360779e-01
1.292874735732957303e-01 8.431900974127706436e-03 1.193674700001989553e-01 6.357576771870416810e-01
1.204977452118540654e-01 8.317620785520396520e-03 1.232190283295280797e-01 6.292846509037341995e-01
1.269895766818541771e-01 8.122822773415539974e-03 1.269241624819909542e-01 6.786081958381184887e-01
1.333010994552179529e-01 7.985162049458642552e-03 1.274765982269108477e-01 6.659243731277310063e-01
1.208901612770083706e-01 8.677238369247183489e-03 1.246966849558217433e-01 6.508517836068952178e-01
1.252207981742016474e-01 8.101432708463659690e-03 1.181268376860230840e-01 6.652426704832589133e-01
1.391171846361319020e-01 8.087134437867602582e-03 1.253189457620551839e-01 6.237266938632121116e-01
1.260173561588533164e-01 8.394864996038624988e-03 1.240616686755447173e-01 6.358002676968308453e-01
1.451700555401676807e-01 8.746965472069470962e-03 1.322087828529065479e-01 6.405731569829165029e-01
1.305840570995924488e-01 8.411362801579599924e-03 1.283113608184321963e-01 6.493223236769963824e-01
1.390870932136303029e-01 8.335715532615906725e-03 1.229123253456538001e-01 6.429361442303084262e-01
1.251774047799937284e-01 8.515159626993937247e-03 1.218231234135826874e-01 7.197016460109754155e-01
1.400010587870877399e-01 7.658390666168530224e-03 1.130905973108034812e-01 6.683103433776479418e-01
1.259832823967698689e-01 7.670719408923976600e-03 1.288032733388222439e-01 6.409878832882394128e-01
1.247542241342107922e-01 8.734333613664367960e-03 1.165297467183420421e-01 6.132405835650123205e-01
1.462458016242675907e-01 8.095611547400089619e-03 1.280828421349889668e-01 6.180832452309739100e-01
1.213655488908710611e-01 9.718924865683115782e-03 1.220345601959994947e-01 6.750500748008058105e-01
1.302485517378109414e-01 7.749209367674055222e-03 1.229960527982754959e-01 6.629481785118944703e-01
1.341337469572130014e-01 8.249377362610747430e-03 1.225086636277034069e-01 6.365869521908814610e-01
1.239897397146278168e-01 8.273185664543243958e-03 1.271644948463965530e-01 6.185651265885554473e-01
1.394969306545137955e-01 7.763200788340468041e-03 1.291576534647436159e-01 5.895778772532603851e-01
1.449333175054703660e-01 9.426256083158624996e-03 1.282056036719746994e-01 6.051362693596988862e-01
1.304341810446928152e-01 7.393319034007835369e-03 1.269110108481963095e-01 6.979627929804844699e-01
1.329737595579447706e-01 8.083935853792578730e-03 1.269936475716685609e-01 6.682595352230566998e-01
1.227144342941273170e-01 7.515316919020392956e-03 1.259607262928445492e-01 5.924999705777962422e-01
1.279461438870922452e-01 7.833792024306288765e-03 1.301932199326511497e-01 6.746645638563830705e-01
1.311633312100936866e-01 8.674235908354898869e-03 1.196633869606090472e-01 5.995694966400764159e-01
1.269513070100729835e-01 8.552179789407364160e-03 1.206365738279688016e-01 6.643200595195132285e-01
1.256465838758474562e-01 7.579123438900286884e-03 1.367388297293952448e-01 6.948434767369978671e-01
1.254808873008541881e-01 8.387152310565026969e-03 1.250161124517847888e-01 6.266849502408199379e-01
1.213404113127409117e-01 8.345772802804962698e-03 1.189570704036894133e-01 6.675732851436405602e-01
1.331403642963350231e-01 7.547180358366402213e-03 1.228723417119725603e-01 6.397006098316241340e-01
1.244695731592080218e-01 8.866810628930042737e-03 1.434549244657539191e-01 6.762008848861063015e-01
1.293635006214214067e-01 8.169618820915987983e-03 1.288578397716542145e-01 5.911101431504095505e-01
1.377950799562728812e-01 8.825863429131813181e-03 1.232039239195274194e-01 6.181734882276322951e-01
1.267437284466312042e-01 8.383678884676859858e-03 1.212936590145197308e-01 6.857480637067778773e-01
1.387604799204435746e-01 8.315616320306746037e-03 1.185700263607828014e-01 6.496448113836437166e-01
1.339294767582941692e-01 8.332470923640920499e-03 1.256961000365969250e-01 6.710263162009426630e-01
1.250512327520849898e-01 8.464651717500045608e-03 1.238784987399435683e-01 6.426120187670056882e-01
1.349198899641513294e-01 8.350302602163135746e-03 1.274388611946466465e-01 7.100949062708155068e-01
