4.067617047171670208e+01 2.194713136148879187e+02 1.499556184291236059e+04 3.577978525907471408e+02
5.203285632591568088e+01 1.890282550756070066e+02 1.305792328459429882e+04 3.926362673100568941e+02
5.203365179468961799e+01 1.900422398262526258e+02 1.309165813887262266e+04 3.901827370003686610e+02
5.180975720349671576e+01 1.822916336916161697e+02 1.282479104293904493e+04 3.878221205104212572e+02
5.180975720349671576e+01 1.822916336916161697e+02 1.282479104293904493e+04 3.878221205104212572e+02
4.604434863023672619e+01 1.558069915404168739e+02 1.239379217941062598e+04 3.623681697804684063e+02
4.604434863023672619e+01 1.558069915404168739e+02 1.239379217941062598e+04 3.623681697804684063e+02
4.246105707256048589e+01 1.570139574485920093e+02 1.210079688660725333e+04 3.486529642608199993e+02
4.246105707256048589e+01 1.570139574485920093e+02 1.210079688660725333e+04 3.486529642608199993e+02
4.216000168634009526e+01 1.501522267952120444e+02 1.085397454887420281e+04 3.595237169080047579e+02
4.216000168634009526e+01 1.501522267952120444e+02 1.085397454887420281e+04 3.595237169080047579e+02
4.216000168634009526e+01 1.501522267952120444e+02 1.085397454887420281e+04 3.595237169080047579e+02
4.421571713473198884e+01 1.556367143595986988e+02 8.627433075253538846e+03 3.725171348999120369e+02
4.493298132480872908e+01 1.514492200473953289e+02 8.243087104715943497e+03 3.719332869505968802e+02
4.574027489077359121e+01 1.451556408470387680e+02 7.752866826817302353e+03 3.775464385386908930e+02
4.593349265282280669e+01 1.478908742353543460e+02 7.406136536555775820e+03 3.783748711572299612e+02
4.475240528558054365e+01 1.486957982229416473e+02 7.629859744097955627e+03 3.767619247544869836e+02
3.841273442711763408e+01 1.736113104759546673e+02 6.624617285091549093e+03 3.544254977162958085e+02
3.841273442711763408e+01 1.736113104759546673e+02 6.624617285091549093e+03 3.544254977162958085e+02
3.777067937538572551e+01 1.682594055680661995e+02 6.471696501147361232e+03 3.526152175855174278e+02
3.777067937538572551e+01 1.682594055680661995e+02 6.471696501147361232e+03 3.526152175855174278e+02
3.760410761966588922e+01 1.787571142074005479e+02 6.140584700404075193e+03 3.470874531053502778e+02
3.560603294206558900e+01 1.514344152273912414e+02 7.384702221952046784e+03 3.453517275737470413e+02
3.991619177946996899e+01 1.176421926003907288e+02 6.707598244685381360e+03 3.540829734507277067e+02
3.991818633404743366e+01 1.159805864361819232e+02 6.186417222471535752e+03 3.497157238233147609e+02
4.906555659903312971e+01 7.750826553227881277e+01 4.894643873777625231e+03 3.729880721249738258e+02
4.906555659903312971e+01 7.750826553227881277e+01 4.894643873777625231e+03 3.729880721249738258e+02
5.191151543104062682e+01 7.033265855864483740e+01 4.675308002016056889e+03 3.814928260309602592e+02
5.434041961643087859e+01 7.892302025421345490e+01 2.401569973002644929e+03 3.918001600120892931e+02
5.766265264770921561e+01 6.716673094243553521e+01 2.468411456005370383e+03 4.006137708306870309e+02
5.766265264770921561e+01 6.716673094243553521e+01 2.468411456005370383e+03 4.006137708306870309e+02
5.766265264770921561e+01 6.716673094243553521e+01 2.468411456005370383e+03 4.006137708306870309e+02
5.766265264770921561e+01 6.716673094243553521e+01 2.468411456005370383e+03 4.006137708306870309e+02
5.766265264770921561e+01 6.716673094243553521e+01 2.468411456005370383e+03 4.006137708306870309e+02
5.766265264770921561e+01 6.716673094243553521e+01 2.468411456005370383e+03 4.006137708306870309e+02
5.926260152440711693e+01 6.864318781043297690e+01 2.243447134122039643e+03 4.099739719819808670e+02
5.476348385964536192e+01 8.091340298832804478e+01 1.444880484627173701e+03 3.988809715774094684e+02
5.663447339008749992e+01 7.170414618929444828e+01 1.370408180100314894e+03 3.978152068283527001e+02
5.442048972055835776e+01 7.363246722832515445e+01 1.287275574313377092e+03 3.990463681263211697e+02
5.442048972055835776e+01 7.363246722832515445e+01 1.287275574313377092e+03 3.990463681263211697e+02
5.442048972055835776e+01 7.363246722832515445e+01 1.287275574313377092e+03 3.990463681263211697e+02
5.442048972055835776e+01 7.363246722832515445e+01 1.287275574313377092e+03 3.990463681263211697e+02
5.442048972055835776e+01 7.363246722832515445e+01 1.287275574313377092e+03 3.990463681263211697e+02
5.499985327907017307e+01 7.278393571071146084e+01 1.263613272395402191e+03 3.989721545196118768e+02
5.499985327907017307e+01 7.278393571071146084e+01 1.263613272395402191e+03 3.989721545196118768e+02
6.263531806733708862e+01 5.445124260559499163e+01 1.195095796132166015e+03 4.142051011330203778e+02
6.303421653569598249e+01 5.609494169306209699e+01 1.009909651299559982e+03 4.157241915758752384e+02
6.379068272016465357e+01 7.202610981243778099e+01 3.081860091921444109e+02 4.181639567197968290e+02
6.257238007843339744e+01 9.296019123437076814e+01 1.720405922801685961e+02 4.217411097935663520e+02
6.409931698503366704e+01 9.347673517971749391e+01 1.295647940525344666e+02 4.287337243107493236e+02
6.650590279016692818e+01 8.669425375517967325e+01 1.167523540748190385e+02 4.318695064255097122e+02
6.650590279016692818e+01 8.669425375517967325e+01 1.167523540748190385e+02 4.318695064255097122e+02
6.650590279016692818e+01 8.669425375517967325e+01 1.167523540748190385e+02 4.318695064255097122e+02
6.384763149665145221e+01 9.368359916456780923e+01 1.140737202280932365e+02 4.276453832073769945e+02
6.384763149665145221e+01 9.368359916456780923e+01 1.140737202280932365e+02 4.276453832073769945e+02
6.678290430292324231e+01 7.815361576812418321e+01 1.114087614633807846e+02 4.323625531268584723e+02
6.678290430292324231e+01 7.815361576812418321e+01 1.114087614633807846e+02 4.323625531268584723e+02
6.678290430292324231e+01 7.815361576812418321e+01 1.114087614633807846e+02 4.323625531268584723e+02
6.678290430292324231e+01 7.815361576812418321e+01 1.114087614633807846e+02 4.323625531268584723e+02
6.678290430292324231e+01 7.815361576812418321e+01 1.114087614633807846e+02 4.323625531268584723e+02
6.678290430292324231e+01 7.815361576812418321e+01 1.114087614633807846e+02 4.323625531268584723e+02
6.781321539680089927e+01 7.195283468935024018e+01 1.109740062977864454e+02 4.332849440387010418e+02
7.403420635766812552e+01 3.922598221165226562e+01 1.274784413696183663e+02 4.396921524990403327e+02
7.403420635766812552e+01 3.922598221165226562e+01 1.274784413696183663e+02 4.396921524990403327e+02
7.330692454374189992e+01 4.082428468989586179e+01 1.120357249598942531e+02 4.385331651287633576e+02
7.330692454374189992e+01 4.082428468989586179e+01 1.120357249598942531e+02 4.385331651287633576e+02
7.330692454374189992e+01 4.082428468989586179e+01 1.120357249598942531e+02 4.385331651287633576e+02
7.267440097511590125e+01 2.904858843581729033e+01 9.964254062509868959e+01 4.412462298480520531e+02
7.267440097511590125e+01 2.904858843581729033e+01 9.964254062509868959e+01 4.412462298480520531e+02
7.267440097511590125e+01 2.904858843581729033e+01 9.964254062509868959e+01 4.412462298480520531e+02
7.267440097511590125e+01 2.904858843581729033e+01 9.964254062509868959e+01 4.412462298480520531e+02
7.294645626682996919e+01 2.738844554956923716e+01 1.037917633113409863e+02 4.416476747241936209e+02
7.445880557825211099e+01 2.313318224330194539e+01 1.051966518149794751e+02 4.449119460104748214e+02
7.365808667015446076e+01 2.158715088969750440e+01 1.063905794159151981e+02 4.429231073824507234e+02
8.332271619569567633e+01 1.648161297966118255e+01 9.143735269817655364e+01 4.489908310413895265e+02
8.332271619569567633e+01 1.648161297966118255e+01 9.143735269817655364e+01 4.489908310413895265e+02
8.525875311874773388e+01 1.544868965158145357e+01 9.104925214451142779e+01 4.531513597177472548e+02
8.525875311874773388e+01 1.544868965158145357e+01 9.104925214451142779e+01 4.531513597177472548e+02
8.448285544189502616e+01 1.229555924519568499e+01 1.003609857703810064e+02 4.515019762615436889e+02
8.448285544189502616e+01 1.229555924519568499e+01 1.003609857703810064e+02 4.515019762615436889e+02
8.448285544189502616e+01 1.229555924519568499e+01 1.003609857703810064e+02 4.515019762615436889e+02
8.713387910115442025e+01 1.145164403659351748e+01 9.557303075715930163e+01 4.513829455350111175e+02
8.972850351174309935e+01 1.071619780472070005e+01 9.237536626791796834e+01 4.588252720780763525e+02
8.972850351174309935e+01 1.071619780472070005e+01 9.237536626791796834e+01 4.588252720780763525e+02
8.972850351174309935e+01 1.071619780472070005e+01 9.237536626791796834e+01 4.588252720780763525e+02
8.972850351174309935e+01 1.071619780472070005e+01 9.237536626791796834e+01 4.588252720780763525e+02
9.032111127987256793e+01 1.018711711804103182e+01 9.418155303150471980e+01 4.600993703704716609e+02
9.032111127987256793e+01 1.018711711804103182e+01 9.418155303150471980e+01 4.600993703704716609e+02
9.142913898225492630e+01 9.619154504279885387e+00 9.504140964172701445e+01 4.602414116683516454e+02
9.142913898225492630e+01 9.619154504279885387e+00 9.504140964172701445e+01 4.602414116683516454e+02
9.349809531322469525e+01 9.054806193168994710e+00 9.259305149200537244e+01 4.609390867386334776e+02
9.349809531322469525e+01 9.054806193168994710e+00 9.259305149200537244e+01 4.609390867386334776e+02
9.349809531322469525e+01 9.054806193168994710e+00 9.259305149200537244e+01 4.609390867386334776e+02
9.349809531322469525e+01 9.054806193168994710e+00 9.259305149200537244e+01 4.609390867386334776e+02
9.349809531322469525e+01 9.054806193168994710e+00 9.259305149200537244e+01 4.609390867386334776e+02
9.349809531322469525e+01 9.054806193168994710e+00 9.259305149200537244e+01 4.609390867386334776e+02
9.349809531322469525e+01 9.054806193168994710e+00 9.259305149200537244e+01 4.609390867386334776e+02
9.549677565118972211e+01 9.054069038795546476e+00 9.025828457509359737e+01 4.637161559833244837e+02
9.549677565118972211e+01 9.054069038795546476e+00 9.025828457509359737e+01 4.637161559833244837e+02
9.549677565118972211e+01 9.054069038795546476e+00 9.025828457509359737e+01 4.637161559833244837e+02
9.549677565118972211e+01 9.054069038795546476e+00 9.025828457509359737e+01 4.637161559833244837e+02
9.549677565118972211e+01 9.054069038795546476e+00 9.025828457509359737e+01 4.637161559833244837e+02
9.734955044649346689e+01 8.655000884360175561e+00 8.992753582471137008e+01 4.673089126732648992e+02
9.734955044649346689e+01 8.655000884360175561e+00 8.992753582471137008e+01 4.673089126732648992e+02
9.415906107181271523e+01 8.866568875174468900e+00 8.955344975007412245e+01 4.607305325137970726e+02
9.415906107181271523e+01 8.866568875174468900e+00 8.955344975007412245e+01 4.607305325137970726e+02
9.415906107181271523e+01 8.866568875174468900e+00 8.955344975007412245e+01 4.607305325137970726e+02
9.415906107181271523e+01 8.866568875174468900e+00 8.955344975007412245e+01 4.607305325137970726e+02
9.415906107181271523e+01 8.866568875174468900e+00 8.955344975007412245e+01 4.607305325137970726e+02
9.415906107181271523e+01 8.866568875174468900e+00 8.955344975007412245e+01 4.607305325137970726e+02
9.415906107181271523e+01 8.866568875174468900e+00 8.955344975007412245e+01 4.607305325137970726e+02
9.415906107181271523e+01 8.866568875174468900e+00 8.955344975007412245e+01 4.607305325137970726e+02
9.415906107181271523e+01 8.866568875174468900e+00 8.955344975007412245e+01 4.607305325137970726e+02
9.415906107181271523e+01 8.866568875174468900e+00 8.955344975007412245e+01 4.607305325137970726e+02
9.415906107181271523e+01 8.866568875174468900e+00 8.955344975007412245e+01 4.607305325137970726e+02
9.415906107181271523e+01 8.866568875174468900e+00 8.955344975007412245e+01 4.607305325137970726e+02
9.415906107181271523e+01 8.866568875174468900e+00 8.955344975007412245e+01 4.607305325137970726e+02
9.415906107181271523e+01 8.866568875174468900e+00 8.955344975007412245e+01 4.607305325137970726e+02
9.404812456202735405e+01 8.805695287582363306e+00 8.990247906034154823e+01 4.599398189207996097e+02
9.404812456202735405e+01 8.805695287582363306e+00 8.990247906034154823e+01 4.599398189207996097e+02
9.443724350555761760e+01 8.574881875899563966e+00 9.155454030174591651e+01 4.607374484596601860e+02
9.365989610375009988e+01 8.593322750825119982e+00 9.075620156707945796e+01 4.610412895876514199e+02
9.365989610375009988e+01 8.593322750825119982e+00 9.075620156707945796e+01 4.610412895876514199e+02
9.365989610375009988e+01 8.593322750825119982e+00 9.075620156707945796e+01 4.610412895876514199e+02
9.365989610375009988e+01 8.593322750825119982e+00 9.075620156707945796e+01 4.610412895876514199e+02
9.365989610375009988e+01 8.593322750825119982e+00 9.075620156707945796e+01 4.610412895876514199e+02
9.365989610375009988e+01 8.593322750825119982e+00 9.075620156707945796e+01 4.610412895876514199e+02
9.365989610375009988e+01 8.593322750825119982e+00 9.075620156707945796e+01 4.610412895876514199e+02
9.365989610375009988e+01 8.593322750825119982e+00 9.075620156707945796e+01 4.610412895876514199e+02
9.365989610375009988e+01 8.593322750825119982e+00 9.075620156707945796e+01 4.610412895876514199e+02
9.365989610375009988e+01 8.593322750825119982e+00 9.075620156707945796e+01 4.610412895876514199e+02
9.404852078466541343e+01 8.683381183030453698e+00 8.965518708282446880e+01 4.593881688477041507e+02
9.404852078466541343e+01 8.683381183030453698e+00 8.965518708282446880e+01 4.593881688477041507e+02
9.404852078466541343e+01 8.683381183030453698e+00 8.965518708282446880e+01 4.593881688477041507e+02
9.404852078466541343e+01 8.683381183030453698e+00 8.965518708282446880e+01 4.593881688477041507e+02
9.404852078466541343e+01 8.683381183030453698e+00 8.965518708282446880e+01 4.593881688477041507e+02
9.638099078091262584e+01 7.967501436762633560e+00 9.051986893481220875e+01 4.618548333998865019e+02
9.763822258086132422e+01 7.915623829247421028e+00 8.938682577108390603e+01 4.674518657777130670e+02
9.586352229528051794e+01 7.805753656266151808e+00 9.173992765723687626e+01 4.629635846593429847e+02
9.586352229528051794e+01 7.805753656266151808e+00 9.173992765723687626e+01 4.629635846593429847e+02
9.586352229528051794e+01 7.805753656266151808e+00 9.173992765723687626e+01 4.629635846593429847e+02
9.586352229528051794e+01 7.805753656266151808e+00 9.173992765723687626e+01 4.629635846593429847e+02
9.586352229528051794e+01 7.805753656266151808e+00 9.173992765723687626e+01 4.629635846593429847e+02
9.586352229528051794e+01 7.805753656266151808e+00 9.173992765723687626e+01 4.629635846593429847e+02
9.586352229528051794e+01 7.805753656266151808e+00 9.173992765723687626e+01 4.629635846593429847e+02
9.586352229528051794e+01 7.805753656266151808e+00 9.173992765723687626e+01 4.629635846593429847e+02
9.551163428073230932e+01 8.061499731410499692e+00 8.887951727869892693e+01 4.611581764906201784e+02
9.467492108241940230e+01 8.090626940587190674e+00 8.925725457917758376e+01 4.596512750752968373e+02
9.467492108241940230e+01 8.090626940587190674e+00 8.925725457917758376e+01 4.596512750752968373e+02
9.291217978287284041e+01 8.197671166204870019e+00 8.895182527947103779e+01 4.578162881600092078e+02
9.535342617548673161e+01 7.420050008444630585e+00 9.030653539617554770e+01 4.636413682218602048e+02
9.535342617548673161e+01 7.420050008444630585e+00 9.030653539617554770e+01 4.636413682218602048e+02
9.535342617548673161e+01 7.420050008444630585e+00 9.030653539617554770e+01 4.636413682218602048e+02
9.535342617548673161e+01 7.420050008444630585e+00 9.030653539617554770e+01 4.636413682218602048e+02
9.535342617548673161e+01 7.420050008444630585e+00 9.030653539617554770e+01 4.636413682218602048e+02
9.542998659283303198e+01 7.428117541866802398e+00 8.880154215717804789e+01 4.638324585666674693e+02
9.489989392091266041e+01 7.315800208543858041e+00 8.908338884683811898e+01 4.634165481954187840e+02
9.489989392091266041e+01 7.315800208543858041e+00 8.908338884683811898e+01 4.634165481954187840e+02
9.489989392091266041e+01 7.315800208543858041e+00 8.908338884683811898e+01 4.634165481954187840e+02
9.489989392091266041e+01 7.315800208543858041e+00 8.908338884683811898e+01 4.634165481954187840e+02
9.489989392091266041e+01 7.315800208543858041e+00 8.908338884683811898e+01 4.634165481954187840e+02
9.489989392091266041e+01 7.315800208543858041e+00 8.908338884683811898e+01 4.634165481954187840e+02
9.489989392091266041e+01 7.315800208543858041e+00 8.908338884683811898e+01 4.634165481954187840e+02
9.489989392091266041e+01 7.315800208543858041e+00 8.908338884683811898e+01 4.634165481954187840e+02
9.489989392091266041e+01 7.315800208543858041e+00 8.908338884683811898e+01 4.634165481954187840e+02
9.489989392091266041e+01 7.315800208543858041e+00 8.908338884683811898e+01 4.634165481954187840e+02
9.489989392091266041e+01 7.315800208543858041e+00 8.908338884683811898e+01 4.634165481954187840e+02
9.489989392091266041e+01 7.315800208543858041e+00 8.908338884683811898e+01 4.634165481954187840e+02
9.450926711824736515e+01 7.240553345834578991e+00 8.888969663964378753e+01 4.626520399749518901e+02
9.450926711824736515e+01 7.240553345834578991e+00 8.888969663964378753e+01 4.626520399749518901e+02
9.450926711824736515e+01 7.240553345834578991e+00 8.888969663964378753e+01 4.626520399749518901e+02
9.450926711824736515e+01 7.240553345834578991e+00 8.888969663964378753e+01 4.626520399749518901e+02
9.450926711824736515e+01 7.240553345834578991e+00 8.888969663964378753e+01 4.626520399749518901e+02
9.450926711824736515e+01 7.240553345834578991e+00 8.888969663964378753e+01 4.626520399749518901e+02
9.381013043493453551e+01 7.066140263472153293e+00 8.788772489277199895e+01 4.601101658770132872e+02
9.381013043493453551e+01 7.066140263472153293e+00 8.788772489277199895e+01 4.601101658770132872e+02
9.381013043493453551e+01 7.066140263472153293e+00 8.788772489277199895e+01 4.601101658770132872e+02
9.381013043493453551e+01 7.066140263472153293e+00 8.788772489277199895e+01 4.601101658770132872e+02
9.381013043493453551e+01 7.066140263472153293e+00 8.788772489277199895e+01 4.601101658770132872e+02
9.381013043493453551e+01 7.066140263472153293e+00 8.788772489277199895e+01 4.601101658770132872e+02
9.381013043493453551e+01 7.066140263472153293e+00 8.788772489277199895e+01 4.601101658770132872e+02
9.381013043493453551e+01 7.066140263472153293e+00 8.788772489277199895e+01 4.601101658770132872e+02
9.381013043493453551e+01 7.066140263472153293e+00 8.788772489277199895e+01 4.601101658770132872e+02
9.381013043493453551e+01 7.066140263472153293e+00 8.788772489277199895e+01 4.601101658770132872e+02
9.381013043493453551e+01 7.066140263472153293e+00 8.788772489277199895e+01 4.601101658770132872e+02
9.381013043493453551e+01 7.066140263472153293e+00 8.788772489277199895e+01 4.601101658770132872e+02
9.381013043493453551e+01 7.066140263472153293e+00 8.788772489277199895e+01 4.601101658770132872e+02
9.381013043493453551e+01 7.066140263472153293e+00 8.788772489277199895e+01 4.601101658770132872e+02
9.381013043493453551e+01 7.066140263472153293e+00 8.788772489277199895e+01 4.601101658770132872e+02
9.381013043493453551e+01 7.066140263472153293e+00 8.788772489277199895e+01 4.601101658770132872e+02
9.381013043493453551e+01 7.066140263472153293e+00 8.788772489277199895e+01 4.601101658770132872e+02
9.381013043493453551e+01 7.066140263472153293e+00 8.788772489277199895e+01 4.601101658770132872e+02
9.381013043493453551e+01 7.066140263472153293e+00 8.788772489277199895e+01 4.601101658770132872e+02
9.381013043493453551e+01 7.066140263472153293e+00 8.788772489277199895e+01 4.601101658770132872e+02
9.381013043493453551e+01 7.066140263472153293e+00 8.788772489277199895e+01 4.601101658770132872e+02
9.381013043493453551e+01 7.066140263472153293e+00 8.788772489277199895e+01 4.601101658770132872e+02
9.381013043493453551e+01 7.066140263472153293e+00 8.788772489277199895e+01 4.601101658770132872e+02
9.381013043493453551e+01 7.066140263472153293e+00 8.788772489277199895e+01 4.601101658770132872e+02
9.381013043493453551e+01 7.066140263472153293e+00 8.788772489277199895e+01 4.601101658770132872e+02
9.381013043493453551e+01 7.066140263472153293e+00 8.788772489277199895e+01 4.601101658770132872e+02
9.381013043493453551e+01 7.066140263472153293e+00 8.788772489277199895e+01 4.601101658770132872e+02
9.381013043493453551e+01 7.066140263472153293e+00 8.788772489277199895e+01 4.601101658770132872e+02
9.386707712367324064e+01 7.006674400296209804e+00 8.812233595859011359e+01 4.614449080274085304e+02
9.386707712367324064e+01 7.006674400296209804e+00 8.812233595859011359e+01 4.614449080274085304e+02
9.386707712367324064e+01 7.006674400296209804e+00 8.812233595859011359e+01 4.614449080274085304e+02
9.386707712367324064e+01 7.006674400296209804e+00 8.812233595859011359e+01 4.614449080274085304e+02
9.386707712367324064e+01 7.006674400296209804e+00 8.812233595859011359e+01 4.614449080274085304e+02
9.386707712367324064e+01 7.006674400296209804e+00 8.812233595859011359e+01 4.614449080274085304e+02
9.386707712367324064e+01 7.006674400296209804e+00 8.812233595859011359e+01 4.614449080274085304e+02
9.386707712367324064e+01 7.006674400296209804e+00 8.812233595859011359e+01 4.614449080274085304e+02
9.347632913315972303e+01 7.056152116104101424e+00 8.804708601687585201e+01 4.596550288097212160e+02
9.347632913315972303e+01 7.056152116104101424e+00 8.804708601687585201e+01 4.596550288097212160e+02
9.347632913315972303e+01 7.056152116104101424e+00 8.804708601687585201e+01 4.596550288097212160e+02
9.326676699590132102e+01 7.032719605307564237e+00 8.806562021589009248e+01 4.592926581217496391e+02
9.326676699590132102e+01 7.032719605307564237e+00 8.806562021589009248e+01 4.592926581217496391e+02
9.326676699590132102e+01 7.032719605307564237e+00 8.806562021589009248e+01 4.592926581217496391e+02
9.326676699590132102e+01 7.032719605307564237e+00 8.806562021589009248e+01 4.592926581217496391e+02
9.326676699590132102e+01 7.032719605307564237e+00 8.806562021589009248e+01 4.592926581217496391e+02
9.326676699590132102e+01 7.032719605307564237e+00 8.806562021589009248e+01 4.592926581217496391e+02
9.326676699590132102e+01 7.032719605307564237e+00 8.806562021589009248e+01 4.592926581217496391e+02
9.326676699590132102e+01 7.032719605307564237e+00 8.806562021589009248e+01 4.592926581217496391e+02
9.326676699590132102e+01 7.032719605307564237e+00 8.806562021589009248e+01 4.592926581217496391e+02
9.326676699590132102e+01 7.032719605307564237e+00 8.806562021589009248e+01 4.592926581217496391e+02
9.326676699590132102e+01 7.032719605307564237e+00 8.806562021589009248e+01 4.592926581217496391e+02
9.326676699590132102e+01 7.032719605307564237e+00 8.806562021589009248e+01 4.592926581217496391e+02
9.573449210964352574e+01 6.794039751227854751e+00 8.780730033500458376e+01 4.635965588096040051e+02
9.243655701913070288e+01 7.099504957786059833e+00 8.838023241616613745e+01 4.561573301204078348e+02
9.243655701913070288e+01 7.099504957786059833e+00 8.838023241616613745e+01 4.561573301204078348e+02
9.243655701913070288e+01 7.099504957786059833e+00 8.838023241616613745e+01 4.561573301204078348e+02
9.243655701913070288e+01 7.099504957786059833e+00 8.838023241616613745e+01 4.561573301204078348e+02
9.243655701913070288e+01 7.099504957786059833e+00 8.838023241616613745e+01 4.561573301204078348e+02
9.243655701913070288e+01 7.099504957786059833e+00 8.838023241616613745e+01 4.561573301204078348e+02
9.243655701913070288e+01 7.099504957786059833e+00 8.838023241616613745e+01 4.561573301204078348e+02
9.243655701913070288e+01 7.099504957786059833e+00 8.838023241616613745e+01 4.561573301204078348e+02
9.243655701913070288e+01 7.099504957786059833e+00 8.838023241616613745e+01 4.561573301204078348e+02
9.198485476767726254e+01 7.118199445572450657e+00 8.874454250571092473e+01 4.549947130811679585e+02
9.198485476767726254e+01 7.118199445572450657e+00 8.874454250571092473e+01 4.549947130811679585e+02
9.198485476767726254e+01 7.118199445572450657e+00 8.874454250571092473e+01 4.549947130811679585e+02
9.228722778230182655e+01 7.041412896866821924e+00 8.861452486358886915e+01 4.556683135718751032e+02
9.228722778230182655e+01 7.041412896866821924e+00 8.861452486358886915e+01 4.556683135718751032e+02
9.228722778230182655e+01 7.041412896866821924e+00 8.861452486358886915e+01 4.556683135718751032e+02
9.228722778230182655e+01 7.041412896866821924e+00 8.861452486358886915e+01 4.556683135718751032e+02
9.228722778230182655e+01 7.041412896866821924e+00 8.861452486358886915e+01 4.556683135718751032e+02
9.228722778230182655e+01 7.041412896866821924e+00 8.861452486358886915e+01 4.556683135718751032e+02
9.227895715365743001e+01 6.992587738022775667e+00 8.874105115488809759e+01 4.554702826173962649e+02
9.227895715365743001e+01 6.992587738022775667e+00 8.874105115488809759e+01 4.554702826173962649e+02
9.227895715365743001e+01 6.992587738022775667e+00 8.874105115488809759e+01 4.554702826173962649e+02
9.208428431407141090e+01 6.889526294835394360e+00 8.916926005834280033e+01 4.544621840074410102e+02
9.208428431407141090e+01 6.889526294835394360e+00 8.916926005834280033e+01 4.544621840074410102e+02
9.208428431407141090e+01 6.889526294835394360e+00 8.916926005834280033e+01 4.544621840074410102e+02
9.208428431407141090e+01 6.889526294835394360e+00 8.916926005834280033e+01 4.544621840074410102e+02
9.208428431407141090e+01 6.889526294835394360e+00 8.916926005834280033e+01 4.544621840074410102e+02
9.208428431407141090e+01 6.889526294835394360e+00 8.916926005834280033e+01 4.544621840074410102e+02
9.208428431407141090e+01 6.889526294835394360e+00 8.916926005834280033e+01 4.544621840074410102e+02
9.208428431407141090e+01 6.889526294835394360e+00 8.916926005834280033e+01 4.544621840074410102e+02
9.208428431407141090e+01 6.889526294835394360e+00 8.916926005834280033e+01 4.544621840074410102e+02
9.208428431407141090e+01 6.889526294835394360e+00 8.916926005834280033e+01 4.544621840074410102e+02
9.208428431407141090e+01 6.889526294835394360e+00 8.916926005834280033e+01 4.544621840074410102e+02
9.208428431407141090e+01 6.889526294835394360e+00 8.916926005834280033e+01 4.544621840074410102e+02
9.208428431407141090e+01 6.889526294835394360e+00 8.916926005834280033e+01 4.544621840074410102e+02
9.208428431407141090e+01 6.889526294835394360e+00 8.916926005834280033e+01 4.544621840074410102e+02
9.208428431407141090e+01 6.889526294835394360e+00 8.916926005834280033e+01 4.544621840074410102e+02
9.208428431407141090e+01 6.889526294835394360e+00 8.916926005834280033e+01 4.544621840074410102e+02
9.208428431407141090e+01 6.889526294835394360e+00 8.916926005834280033e+01 4.544621840074410102e+02
9.208428431407141090e+01 6.889526294835394360e+00 8.916926005834280033e+01 4.544621840074410102e+02
9.208428431407141090e+01 6.889526294835394360e+00 8.916926005834280033e+01 4.544621840074410102e+02
9.208428431407141090e+01 6.889526294835394360e+00 8.916926005834280033e+01 4.544621840074410102e+02
9.208428431407141090e+01 6.889526294835394360e+00 8.916926005834280033e+01 4.544621840074410102e+02
9.208428431407141090e+01 6.889526294835394360e+00 8.916926005834280033e+01 4.544621840074410102e+02
9.208428431407141090e+01 6.889526294835394360e+00 8.916926005834280033e+01 4.544621840074410102e+02
9.208428431407141090e+01 6.889526294835394360e+00 8.916926005834280033e+01 4.544621840074410102e+02
9.208428431407141090e+01 6.889526294835394360e+00 8.916926005834280033e+01 4.544621840074410102e+02
9.208428431407141090e+01 6.889526294835394360e+00 8.916926005834280033e+01 4.544621840074410102e+02
9.208428431407141090e+01 6.889526294835394360e+00 8.916926005834280033e+01 4.544621840074410102e+02
9.208428431407141090e+01 6.889526294835394360e+00 8.916926005834280033e+01 4.544621840074410102e+02
9.208428431407141090e+01 6.889526294835394360e+00 8.916926005834280033e+01 4.544621840074410102e+02
9.208428431407141090e+01 6.889526294835394360e+00 8.916926005834280033e+01 4.544621840074410102e+02
9.208428431407141090e+01 6.889526294835394360e+00 8.916926005834280033e+01 4.544621840074410102e+02
9.208428431407141090e+01 6.889526294835394360e+00 8.916926005834280033e+01 4.544621840074410102e+02
9.208428431407141090e+01 6.889526294835394360e+00 8.916926005834280033e+01 4.544621840074410102e+02
9.208428431407141090e+01 6.889526294835394360e+00 8.916926005834280033e+01 4.544621840074410102e+02
9.208428431407141090e+01 6.889526294835394360e+00 8.916926005834280033e+01 4.544621840074410102e+02
9.208428431407141090e+01 6.889526294835394360e+00 8.916926005834280033e+01 4.544621840074410102e+02
9.208428431407141090e+01 6.889526294835394360e+00 8.916926005834280033e+01 4.544621840074410102e+02
9.208428431407141090e+01 6.889526294835394360e+00 8.916926005834280033e+01 4.544621840074410102e+02
9.208428431407141090e+01 6.889526294835394360e+00 8.916926005834280033e+01 4.544621840074410102e+02
9.208428431407141090e+01 6.889526294835394360e+00 8.916926005834280033e+01 4.544621840074410102e+02
9.208428431407141090e+01 6.889526294835394360e+00 8.916926005834280033e+01 4.544621840074410102e+02
9.208428431407141090e+01 6.889526294835394360e+00 8.916926005834280033e+01 4.544621840074410102e+02
9.208428431407141090e+01 6.889526294835394360e+00 8.916926005834280033e+01 4.544621840074410102e+02
9.208428431407141090e+01 6.889526294835394360e+00 8.916926005834280033e+01 4.544621840074410102e+02
9.208428431407141090e+01 6.889526294835394360e+00 8.916926005834280033e+01 4.544621840074410102e+02
9.208428431407141090e+01 6.889526294835394360e+00 8.916926005834280033e+01 4.544621840074410102e+02
9.208428431407141090e+01 6.889526294835394360e+00 8.916926005834280033e+01 4.544621840074410102e+02
9.211338811509827451e+01 6.887481435780434147e+00 8.900527514587143685e+01 4.549397199363503432e+02
9.211338811509827451e+01 6.887481435780434147e+00 8.900527514587143685e+01 4.549397199363503432e+02
9.211338811509827451e+01 6.887481435780434147e+00 8.900527514587143685e+01 4.549397199363503432e+02
9.211338811509827451e+01 6.887481435780434147e+00 8.900527514587143685e+01 4.549397199363503432e+02
9.211338811509827451e+01 6.887481435780434147e+00 8.900527514587143685e+01 4.549397199363503432e+02
9.211338811509827451e+01 6.887481435780434147e+00 8.900527514587143685e+01 4.549397199363503432e+02
9.211338811509827451e+01 6.887481435780434147e+00 8.900527514587143685e+01 4.549397199363503432e+02
9.211338811509827451e+01 6.887481435780434147e+00 8.900527514587143685e+01 4.549397199363503432e+02
9.211338811509827451e+01 6.887481435780434147e+00 8.900527514587143685e+01 4.549397199363503432e+02
9.174013207476460252e+01 6.913917435113978271e+00 8.905510922061034762e+01 4.546278139081426843e+02
9.226063157710002827e+01 6.880113183586018089e+00 8.885231410943684693e+01 4.550737796709998406e+02
9.208005695248239419e+01 6.805535623861862504e+00 8.926855718200027923e+01 4.560178087810426746e+02
9.208005695248239419e+01 6.805535623861862504e+00 8.926855718200027923e+01 4.560178087810426746e+02
9.177829398366384339e+01 6.766938977344018724e+00 8.904169415674208210e+01 4.541258720010259822e+02
9.177829398366384339e+01 6.766938977344018724e+00 8.904169415674208210e+01 4.541258720010259822e+02
9.177829398366384339e+01 6.766938977344018724e+00 8.904169415674208210e+01 4.541258720010259822e+02
9.177829398366384339e+01 6.766938977344018724e+00 8.904169415674208210e+01 4.541258720010259822e+02
9.177829398366384339e+01 6.766938977344018724e+00 8.904169415674208210e+01 4.541258720010259822e+02
9.177829398366384339e+01 6.766938977344018724e+00 8.904169415674208210e+01 4.541258720010259822e+02
9.177829398366384339e+01 6.766938977344018724e+00 8.904169415674208210e+01 4.541258720010259822e+02
9.123773854856463572e+01 6.706013004564765012e+00 8.899818591399153433e+01 4.562281484855416807e+02
9.123773854856463572e+01 6.706013004564765012e+00 8.899818591399153433e+01 4.562281484855416807e+02
9.123773854856463572e+01 6.706013004564765012e+00 8.899818591399153433e+01 4.562281484855416807e+02
9.123773854856463572e+01 6.706013004564765012e+00 8.899818591399153433e+01 4.562281484855416807e+02
9.123773854856463572e+01 6.706013004564765012e+00 8.899818591399153433e+01 4.562281484855416807e+02
9.123773854856463572e+01 6.706013004564765012e+00 8.899818591399153433e+01 4.562281484855416807e+02
9.123773854856463572e+01 6.706013004564765012e+00 8.899818591399153433e+01 4.562281484855416807e+02
9.123773854856463572e+01 6.706013004564765012e+00 8.899818591399153433e+01 4.562281484855416807e+02
9.131407871911649465e+01 6.707426857023754962e+00 8.905221007956002666e+01 4.562860100441764644e+02
9.131407871911649465e+01 6.707426857023754962e+00 8.905221007956002666e+01 4.562860100441764644e+02
9.131407871911649465e+01 6.707426857023754962e+00 8.905221007956002666e+01 4.562860100441764644e+02
9.131407871911649465e+01 6.707426857023754962e+00 8.905221007956002666e+01 4.562860100441764644e+02
9.480255088579359324e+01 6.282345538582494449e+00 8.955007319082439210e+01 4.626567949197938674e+02
9.480255088579359324e+01 6.282345538582494449e+00 8.955007319082439210e+01 4.626567949197938674e+02
9.478019626080451587e+01 6.286006303378802507e+00 8.900388880701353855e+01 4.621626166389257833e+02
9.478019626080451587e+01 6.286006303378802507e+00 8.900388880701353855e+01 4.621626166389257833e+02
9.448093592103623450e+01 6.227609973197280269e+00 8.895502042080221372e+01 4.615695806303927498e+02
9.448093592103623450e+01 6.227609973197280269e+00 8.895502042080221372e+01 4.615695806303927498e+02
9.448093592103623450e+01 6.227609973197280269e+00 8.895502042080221372e+01 4.615695806303927498e+02
9.405892563363788383e+01 6.236487739227866811e+00 8.937867547533645052e+01 4.613544566835515752e+02
9.405892563363788383e+01 6.236487739227866811e+00 8.937867547533645052e+01 4.613544566835515752e+02
9.405892563363788383e+01 6.236487739227866811e+00 8.937867547533645052e+01 4.613544566835515752e+02
9.405892563363788383e+01 6.236487739227866811e+00 8.937867547533645052e+01 4.613544566835515752e+02
9.388959742172758638e+01 6.183984455403837899e+00 8.935015828390424986e+01 4.616650585856329485e+02
9.388959742172758638e+01 6.183984455403837899e+00 8.935015828390424986e+01 4.616650585856329485e+02
9.388959742172758638e+01 6.183984455403837899e+00 8.935015828390424986e+01 4.616650585856329485e+02
9.388959742172758638e+01 6.183984455403837899e+00 8.935015828390424986e+01 4.616650585856329485e+02
9.388959742172758638e+01 6.183984455403837899e+00 8.935015828390424986e+01 4.616650585856329485e+02
9.388959742172758638e+01 6.183984455403837899e+00 8.935015828390424986e+01 4.616650585856329485e+02
9.388959742172758638e+01 6.183984455403837899e+00 8.935015828390424986e+01 4.616650585856329485e+02
9.388959742172758638e+01 6.183984455403837899e+00 8.935015828390424986e+01 4.616650585856329485e+02
9.388959742172758638e+01 6.183984455403837899e+00 8.935015828390424986e+01 4.616650585856329485e+02
9.388959742172758638e+01 6.183984455403837899e+00 8.935015828390424986e+01 4.616650585856329485e+02
9.388959742172758638e+01 6.183984455403837899e+00 8.935015828390424986e+01 4.616650585856329485e+02
9.388959742172758638e+01 6.183984455403837899e+00 8.935015828390424986e+01 4.616650585856329485e+02
9.388959742172758638e+01 6.183984455403837899e+00 8.935015828390424986e+01 4.616650585856329485e+02
9.388959742172758638e+01 6.183984455403837899e+00 8.935015828390424986e+01 4.616650585856329485e+02
9.388959742172758638e+01 6.183984455403837899e+00 8.935015828390424986e+01 4.616650585856329485e+02
9.388959742172758638e+01 6.183984455403837899e+00 8.935015828390424986e+01 4.616650585856329485e+02
9.388959742172758638e+01 6.183984455403837899e+00 8.935015828390424986e+01 4.616650585856329485e+02
9.388959742172758638e+01 6.183984455403837899e+00 8.935015828390424986e+01 4.616650585856329485e+02
9.388959742172758638e+01 6.183984455403837899e+00 8.935015828390424986e+01 4.616650585856329485e+02
9.388959742172758638e+01 6.183984455403837899e+00 8.935015828390424986e+01 4.616650585856329485e+02
9.388959742172758638e+01 6.183984455403837899e+00 8.935015828390424986e+01 4.616650585856329485e+02
9.388959742172758638e+01 6.183984455403837899e+00 8.935015828390424986e+01 4.616650585856329485e+02
9.388959742172758638e+01 6.183984455403837899e+00 8.935015828390424986e+01 4.616650585856329485e+02
9.388959742172758638e+01 6.183984455403837899e+00 8.935015828390424986e+01 4.616650585856329485e+02
9.388959742172758638e+01 6.183984455403837899e+00 8.935015828390424986e+01 4.616650585856329485e+02
9.388959742172758638e+01 6.183984455403837899e+00 8.935015828390424986e+01 4.616650585856329485e+02
9.388959742172758638e+01 6.183984455403837899e+00 8.935015828390424986e+01 4.616650585856329485e+02
9.388959742172758638e+01 6.183984455403837899e+00 8.935015828390424986e+01 4.616650585856329485e+02
9.388959742172758638e+01 6.183984455403837899e+00 8.935015828390424986e+01 4.616650585856329485e+02
9.388959742172758638e+01 6.183984455403837899e+00 8.935015828390424986e+01 4.616650585856329485e+02
9.388959742172758638e+01 6.183984455403837899e+00 8.935015828390424986e+01 4.616650585856329485e+02
9.388959742172758638e+01 6.183984455403837899e+00 8.935015828390424986e+01 4.616650585856329485e+02
9.388959742172758638e+01 6.183984455403837899e+00 8.935015828390424986e+01 4.616650585856329485e+02
9.391785388783230815e+01 6.044332721986076074e+00 8.948790324104012939e+01 4.613254857897732109e+02
9.391785388783230815e+01 6.044332721986076074e+00 8.948790324104012939e+01 4.613254857897732109e+02
9.391785388783230815e+01 6.044332721986076074e+00 8.948790324104012939e+01 4.613254857897732109e+02
9.391785388783230815e+01 6.044332721986076074e+00 8.948790324104012939e+01 4.613254857897732109e+02
9.391785388783230815e+01 6.044332721986076074e+00 8.948790324104012939e+01 4.613254857897732109e+02
9.391785388783230815e+01 6.044332721986076074e+00 8.948790324104012939e+01 4.613254857897732109e+02
9.391785388783230815e+01 6.044332721986076074e+00 8.948790324104012939e+01 4.613254857897732109e+02
9.391785388783230815e+01 6.044332721986076074e+00 8.948790324104012939e+01 4.613254857897732109e+02
9.391785388783230815e+01 6.044332721986076074e+00 8.948790324104012939e+01 4.613254857897732109e+02
9.391785388783230815e+01 6.044332721986076074e+00 8.948790324104012939e+01 4.613254857897732109e+02
9.391785388783230815e+01 6.044332721986076074e+00 8.948790324104012939e+01 4.613254857897732109e+02
9.391785388783230815e+01 6.044332721986076074e+00 8.948790324104012939e+01 4.613254857897732109e+02
9.391785388783230815e+01 6.044332721986076074e+00 8.948790324104012939e+01 4.613254857897732109e+02
9.391785388783230815e+01 6.044332721986076074e+00 8.948790324104012939e+01 4.613254857897732109e+02
9.391785388783230815e+01 6.044332721986076074e+00 8.948790324104012939e+01 4.613254857897732109e+02
9.391785388783230815e+01 6.044332721986076074e+00 8.948790324104012939e+01 4.613254857897732109e+02
9.391785388783230815e+01 6.044332721986076074e+00 8.948790324104012939e+01 4.613254857897732109e+02
9.391785388783230815e+01 6.044332721986076074e+00 8.948790324104012939e+01 4.613254857897732109e+02
9.391785388783230815e+01 6.044332721986076074e+00 8.948790324104012939e+01 4.613254857897732109e+02
9.391785388783230815e+01 6.044332721986076074e+00 8.948790324104012939e+01 4.613254857897732109e+02
9.391785388783230815e+01 6.044332721986076074e+00 8.948790324104012939e+01 4.613254857897732109e+02
9.391785388783230815e+01 6.044332721986076074e+00 8.948790324104012939e+01 4.613254857897732109e+02
9.391785388783230815e+01 6.044332721986076074e+00 8.948790324104012939e+01 4.613254857897732109e+02
9.391785388783230815e+01 6.044332721986076074e+00 8.948790324104012939e+01 4.613254857897732109e+02
9.391785388783230815e+01 6.044332721986076074e+00 8.948790324104012939e+01 4.613254857897732109e+02
9.391785388783230815e+01 6.044332721986076074e+00 8.948790324104012939e+01 4.613254857897732109e+02
9.391785388783230815e+01 6.044332721986076074e+00 8.948790324104012939e+01 4.613254857897732109e+02
9.391785388783230815e+01 6.044332721986076074e+00 8.948790324104012939e+01 4.613254857897732109e+02
9.391785388783230815e+01 6.044332721986076074e+00 8.948790324104012939e+01 4.613254857897732109e+02
9.391785388783230815e+01 6.044332721986076074e+00 8.948790324104012939e+01 4.613254857897732109e+02
9.391785388783230815e+01 6.044332721986076074e+00 8.948790324104012939e+01 4.613254857897732109e+02
9.391785388783230815e+01 6.044332721986076074e+00 8.948790324104012939e+01 4.613254857897732109e+02
9.391785388783230815e+01 6.044332721986076074e+00 8.948790324104012939e+01 4.613254857897732109e+02
9.388850762754807988e+01 6.025503258231534431e+00 8.936987477701688931e+01 4.607969535572446489e+02
9.388850762754807988e+01 6.025503258231534431e+00 8.936987477701688931e+01 4.607969535572446489e+02
9.388850762754807988e+01 6.025503258231534431e+00 8.936987477701688931e+01 4.607969535572446489e+02
9.388850762754807988e+01 6.025503258231534431e+00 8.936987477701688931e+01 4.607969535572446489e+02
9.388850762754807988e+01 6.025503258231534431e+00 8.936987477701688931e+01 4.607969535572446489e+02
9.388850762754807988e+01 6.025503258231534431e+00 8.936987477701688931e+01 4.607969535572446489e+02
9.388850762754807988e+01 6.025503258231534431e+00 8.936987477701688931e+01 4.607969535572446489e+02
9.388850762754807988e+01 6.025503258231534431e+00 8.936987477701688931e+01 4.607969535572446489e+02
9.388850762754807988e+01 6.025503258231534431e+00 8.936987477701688931e+01 4.607969535572446489e+02
9.388553839658084144e+01 6.036040717829898483e+00 8.928977299252800037e+01 4.610969889829758586e+02
9.388553839658084144e+01 6.036040717829898483e+00 8.928977299252800037e+01 4.610969889829758586e+02
9.388553839658084144e+01 6.036040717829898483e+00 8.928977299252800037e+01 4.610969889829758586e+02
9.388553839658084144e+01 6.036040717829898483e+00 8.928977299252800037e+01 4.610969889829758586e+02
9.388553839658084144e+01 6.036040717829898483e+00 8.928977299252800037e+01 4.610969889829758586e+02
9.388553839658084144e+01 6.036040717829898483e+00 8.928977299252800037e+01 4.610969889829758586e+02
9.388553839658084144e+01 6.036040717829898483e+00 8.928977299252800037e+01 4.610969889829758586e+02
9.388553839658084144e+01 6.036040717829898483e+00 8.928977299252800037e+01 4.610969889829758586e+02
9.388553839658084144e+01 6.036040717829898483e+00 8.928977299252800037e+01 4.610969889829758586e+02
9.388553839658084144e+01 6.036040717829898483e+00 8.928977299252800037e+01 4.610969889829758586e+02
9.388553839658084144e+01 6.036040717829898483e+00 8.928977299252800037e+01 4.610969889829758586e+02
9.388553839658084144e+01 6.036040717829898483e+00 8.928977299252800037e+01 4.610969889829758586e+02
9.388553839658084144e+01 6.036040717829898483e+00 8.928977299252800037e+01 4.610969889829758586e+02
9.388553839658084144e+01 6.036040717829898483e+00 8.928977299252800037e+01 4.610969889829758586e+02
9.388553839658084144e+01 6.036040717829898483e+00 8.928977299252800037e+01 4.610969889829758586e+02
9.388553839658084144e+01 6.036040717829898483e+00 8.928977299252800037e+01 4.610969889829758586e+02
9.388553839658084144e+01 6.036040717829898483e+00 8.928977299252800037e+01 4.610969889829758586e+02
9.388553839658084144e+01 6.036040717829898483e+00 8.928977299252800037e+01 4.610969889829758586e+02
9.388553839658084144e+01 6.036040717829898483e+00 8.928977299252800037e+01 4.610969889829758586e+02
9.388553839658084144e+01 6.036040717829898483e+00 8.928977299252800037e+01 4.610969889829758586e+02
9.388553839658084144e+01 6.036040717829898483e+00 8.928977299252800037e+01 4.610969889829758586e+02
9.388553839658084144e+01 6.036040717829898483e+00 8.928977299252800037e+01 4.610969889829758586e+02
9.388553839658084144e+01 6.036040717829898483e+00 8.928977299252800037e+01 4.610969889829758586e+02
9.388553839658084144e+01 6.036040717829898483e+00 8.928977299252800037e+01 4.610969889829758586e+02
9.399375882563208506e+01 6.030279873089795295e+00 8.927232071667597779e+01 4.609622381396306423e+02
9.399375882563208506e+01 6.030279873089795295e+00 8.927232071667597779e+01 4.609622381396306423e+02
9.399375882563208506e+01 6.030279873089795295e+00 8.927232071667597779e+01 4.609622381396306423e+02
9.399375882563208506e+01 6.030279873089795295e+00 8.927232071667597779e+01 4.609622381396306423e+02
9.381978298982315323e+01 6.030642322389093479e+00 8.931998043683505273e+01 4.618912945991231140e+02
9.325897778997381238e+01 5.972002274528565025e+00 8.970053203282942889e+01 4.610257232127081579e+02
9.325897778997381238e+01 5.972002274528565025e+00 8.970053203282942889e+01 4.610257232127081579e+02
9.325897778997381238e+01 5.972002274528565025e+00 8.970053203282942889e+01 4.610257232127081579e+02
9.322957346452544414e+01 5.964219785377802729e+00 8.970840188326708642e+01 4.609689044154662270e+02
9.322957346452544414e+01 5.964219785377802729e+00 8.970840188326708642e+01 4.609689044154662270e+02
9.322957346452544414e+01 5.964219785377802729e+00 8.970840188326708642e+01 4.609689044154662270e+02
9.322957346452544414e+01 5.964219785377802729e+00 8.970840188326708642e+01 4.609689044154662270e+02
9.322957346452544414e+01 5.964219785377802729e+00 8.970840188326708642e+01 4.609689044154662270e+02
9.322957346452544414e+01 5.964219785377802729e+00 8.970840188326708642e+01 4.609689044154662270e+02
9.332937797312520445e+01 5.974179936923013301e+00 8.999271201286082089e+01 4.602162269812445174e+02
9.332937797312520445e+01 5.974179936923013301e+00 8.999271201286082089e+01 4.602162269812445174e+02
9.332937797312520445e+01 5.974179936923013301e+00 8.999271201286082089e+01 4.602162269812445174e+02
9.332937797312520445e+01 5.974179936923013301e+00 8.999271201286082089e+01 4.602162269812445174e+02
9.332937797312520445e+01 5.974179936923013301e+00 8.999271201286082089e+01 4.602162269812445174e+02
9.332937797312520445e+01 5.974179936923013301e+00 8.999271201286082089e+01 4.602162269812445174e+02
9.332937797312520445e+01 5.974179936923013301e+00 8.999271201286082089e+01 4.602162269812445174e+02
9.332937797312520445e+01 5.974179936923013301e+00 8.999271201286082089e+01 4.602162269812445174e+02
9.332937797312520445e+01 5.974179936923013301e+00 8.999271201286082089e+01 4.602162269812445174e+02
9.332937797312520445e+01 5.974179936923013301e+00 8.999271201286082089e+01 4.602162269812445174e+02
9.332937797312520445e+01 5.974179936923013301e+00 8.999271201286082089e+01 4.602162269812445174e+02
9.332937797312520445e+01 5.974179936923013301e+00 8.999271201286082089e+01 4.602162269812445174e+02
9.332937797312520445e+01 5.974179936923013301e+00 8.999271201286082089e+01 4.602162269812445174e+02
9.332937797312520445e+01 5.974179936923013301e+00 8.999271201286082089e+01 4.602162269812445174e+02
9.332937797312520445e+01 5.974179936923013301e+00 8.999271201286082089e+01 4.602162269812445174e+02
9.332937797312520445e+01 5.974179936923013301e+00 8.999271201286082089e+01 4.602162269812445174e+02
9.332937797312520445e+01 5.974179936923013301e+00 8.999271201286082089e+01 4.602162269812445174e+02
9.332937797312520445e+01 5.974179936923013301e+00 8.999271201286082089e+01 4.602162269812445174e+02
9.332937797312520445e+01 5.974179936923013301e+00 8.999271201286082089e+01 4.602162269812445174e+02
9.332937797312520445e+01 5.974179936923013301e+00 8.999271201286082089e+01 4.602162269812445174e+02
9.332937797312520445e+01 5.974179936923013301e+00 8.999271201286082089e+01 4.602162269812445174e+02
9.332937797312520445e+01 5.974179936923013301e+00 8.999271201286082089e+01 4.602162269812445174e+02
9.332937797312520445e+01 5.974179936923013301e+00 8.999271201286082089e+01 4.602162269812445174e+02
9.332937797312520445e+01 5.974179936923013301e+00 8.999271201286082089e+01 4.602162269812445174e+02
9.332937797312520445e+01 5.974179936923013301e+00 8.999271201286082089e+01 4.602162269812445174e+02
9.332937797312520445e+01 5.974179936923013301e+00 8.999271201286082089e+01 4.602162269812445174e+02
9.332937797312520445e+01 5.974179936923013301e+00 8.999271201286082089e+01 4.602162269812445174e+02
9.332937797312520445e+01 5.974179936923013301e+00 8.999271201286082089e+01 4.602162269812445174e+02
9.335325517486940328e+01 5.968705195699209654e+00 8.941965105865806152e+01 4.602246529769860786e+02
9.335325517486940328e+01 5.968705195699209654e+00 8.941965105865806152e+01 4.602246529769860786e+02
9.335325517486940328e+01 5.968705195699209654e+00 8.941965105865806152e+01 4.602246529769860786e+02
9.335325517486940328e+01 5.968705195699209654e+00 8.941965105865806152e+01 4.602246529769860786e+02
9.335325517486940328e+01 5.968705195699209654e+00 8.941965105865806152e+01 4.602246529769860786e+02
9.335325517486940328e+01 5.968705195699209654e+00 8.941965105865806152e+01 4.602246529769860786e+02
9.335325517486940328e+01 5.968705195699209654e+00 8.941965105865806152e+01 4.602246529769860786e+02
9.335325517486940328e+01 5.968705195699209654e+00 8.941965105865806152e+01 4.602246529769860786e+02
9.335325517486940328e+01 5.968705195699209654e+00 8.941965105865806152e+01 4.602246529769860786e+02
9.335325517486940328e+01 5.968705195699209654e+00 8.941965105865806152e+01 4.602246529769860786e+02
9.335325517486940328e+01 5.968705195699209654e+00 8.941965105865806152e+01 4.602246529769860786e+02
9.335325517486940328e+01 5.968705195699209654e+00 8.941965105865806152e+01 4.602246529769860786e+02
9.335325517486940328e+01 5.968705195699209654e+00 8.941965105865806152e+01 4.602246529769860786e+02
9.335325517486940328e+01 5.968705195699209654e+00 8.941965105865806152e+01 4.602246529769860786e+02
9.335325517486940328e+01 5.968705195699209654e+00 8.941965105865806152e+01 4.602246529769860786e+02
9.335325517486940328e+01 5.968705195699209654e+00 8.941965105865806152e+01 4.602246529769860786e+02
9.335325517486940328e+01 5.968705195699209654e+00 8.941965105865806152e+01 4.602246529769860786e+02
9.335325517486940328e+01 5.968705195699209654e+00 8.941965105865806152e+01 4.602246529769860786e+02
9.335325517486940328e+01 5.968705195699209654e+00 8.941965105865806152e+01 4.602246529769860786e+02
9.335325517486940328e+01 5.968705195699209654e+00 8.941965105865806152e+01 4.602246529769860786e+02
9.335325517486940328e+01 5.968705195699209654e+00 8.941965105865806152e+01 4.602246529769860786e+02
9.335325517486940328e+01 5.968705195699209654e+00 8.941965105865806152e+01 4.602246529769860786e+02
