1.000000000000000000e+00 1.000000000000000000e+00 1.000000000000000000e+00 1.000000000000000000e+00
2.995009501589957976e-02 8.183560999357853971e-01 2.431502135536706248e+02 4.162299852256168831e-01
2.864478416076127534e-02 8.242386059864982295e-01 2.712658754503475507e+02 4.020834834286572401e-01
2.822272900448013350e-02 7.745141056987111527e-01 2.482307232115360875e+02 4.068138817234540627e-01
2.849522323653803577e-02 7.625244313701420307e-01 2.671107951912006229e+02 4.053324612730501708e-01
2.862900316548640592e-02 8.122606764613681252e-01 2.616430799637498126e+02 3.728990307566756313e-01
2.833731311408991052e-02 7.220965766659102059e-01 2.510159685906975824e+02 3.906422430498794340e-01
2.773395388907192935e-02 7.954514847146150203e-01 2.547621156536514206e+02 4.111770385195402944e-01
2.842697481911942575e-02 7.248658731679487044e-01 2.610569780869736292e+02 3.786277162983101019e-01
2.885305849712636872e-02 7.033060421610409785e-01 2.393268050828810374e+02 3.772840128030194307e-01
2.573039882773155845e-02 7.495584901794868360e-01 2.116170995411492015e+02 3.816018907491499634e-01
2.601517603331694392e-02 5.774237611104785506e-01 2.546606733592055605e+02 4.042885335359501786e-01
2.719154472532388928e-02 6.375998857913324214e-01 2.365775472783538476e+02 3.836941200265094887e-01
2.480951430071053065e-02 6.660394148954553728e-01 2.398447677361020567e+02 3.881332012811726795e-01
2.475149368115634255e-02 6.295647507473660642e-01 2.235084823580575062e+02 3.894823879000999245e-01
2.908339385597322538e-02 7.034660382544467572e-01 2.217523564291182083e+02 4.220840429681167461e-01
2.650169833103039815e-02 6.113846056302173482e-01 2.819473697930260414e+02 4.258136311668948570e-01
2.656531185101572434e-02 7.201243959750288637e-01 2.471751574566312968e+02 3.724455544502767168e-01
2.598447152522643730e-02 6.303655773278501462e-01 2.657666397969677519e+02 3.664102044596105889e-01
2.609597591210381651e-02 6.147451119743995163e-01 2.410002636283126662e+02 3.482572560007132778e-01
2.484337560019179991e-02 6.433641167042284392e-01 2.557588709755206651e+02 3.775931886871907173e-01
2.809640248380520372e-02 6.488345102468374703e-01 2.528888053522579469e+02 3.480061922138762420e-01
2.689352406407705814e-02 6.141715931669344819e-01 2.395214791550198470e+02 3.414652860184568817e-01
2.459470568372077934e-02 6.442657251133059315e-01 2.426191766616952634e+02 3.431737693098282915e-01
2.948554320054808109e-02 6.420640263796516534e-01 2.215131016225180076e+02 3.633852281527117922e-01
2.602052648295316226e-02 5.930682000374452034e-01 2.143332953326502661e+02 3.372291086019708062e-01
2.576946473540263696e-02 5.152203618465819313e-01 2.245559453908839771e+02 3.889336060485275581e-01
2.883398548843296369e-02 4.887997966705669994e-01 2.211617374828338995e+02 3.726765088836332951e-01
2.603076246782185660e-02 5.153724567659374589e-01 1.860527047732634287e+02 3.975722863274783192e-01
2.690288641401339040e-02 5.538345595615843386e-01 2.042068404923019216e+02 3.464277979260326212e-01
2.744969591543241702e-02 3.522760050729645820e-01 2.185502947994167755e+02 3.975043249176322679e-01
2.722194965067748981e-02 4.161603949378834821e-01 2.024166880058493518e+02 3.942475134523014679e-01
2.633364233416381900e-02 3.703201471826053637e-01 2.053910401801979901e+02 3.731390933232301976e-01
2.770726219793844328e-02 3.847176031161713694e-01 1.986152366456677498e+02 3.915021866063689293e-01
2.700442562775481545e-02 3.733864844335101352e-01 2.234451252815867122e+02 3.619359092525035182e-01
2.461066371367851002e-02 3.812662206891231920e-01 2.305443992269941020e+02 3.864040454288787396e-01
2.619665362244477311e-02 3.707859946937812623e-01 2.006165597182657052e+02 4.080482098954092973e-01
2.886820191221736373e-02 3.692940899542802580e-01 2.101057708033040115e+02 3.953630530784938979e-01
2.485577729414512049e-02 3.957389448879221616e-01 1.916452278303201808e+02 4.104406904100753595e-01
2.610250772157599042e-02 3.333563125768735924e-01 2.045707225791519761e+02 4.161381315060858621e-01
2.329815956661994772e-02 3.433894930217993302e-01 1.943040508629285625e+02 4.177441954591712414e-01
2.556452684813761284e-02 3.312157876512693000e-01 2.083490351044548561e+02 3.643871965766046217e-01
2.367593209333854198e-02 3.616587222420901693e-01 1.978630387782926903e+02 3.898981283713887636e-01
2.279889061865161132e-02 3.236053112828310430e-01 2.144967594586312316e+02 4.218806011563016045e-01
2.665406469084102489e-02 3.551043258526853652e-01 2.102052160787384025e+02 3.930261125001026090e-01
2.469770505160587964e-02 3.568398696551549620e-01 2.003868739133926908e+02 3.936848726668639720e-01
2.747627274730048835e-02 3.421819597039878480e-01 2.073230335822595123e+02 4.289249323992823104e-01
2.709379577574471884e-02 3.133318662091726381e-01 2.051093452755273461e+02 4.088431279043369670e-01
2.491055067266018802e-02 2.767396803811892902e-01 2.151100118197501558e+02 3.987319242937780728e-01
2.510750906590470191e-02 2.958122813211566116e-01 2.240696447122525967e+02 3.412677140190871206e-01
2.597428108760568496e-02 3.150796081574009366e-01 1.971952847948674901e+02 4.119902168067807180e-01
2.534686453009554405e-02 3.223132889069984519e-01 1.835288876878914550e+02 4.320866387495313488e-01
2.692011821601769661e-02 3.032740858812966733e-01 1.806170520481171593e+02 3.767220027090104062e-01
2.808733657445863785e-02 2.911134923208953396e-01 1.765914000092872982e+02 4.049365099270325619e-01
2.592512220642613843e-02 2.677245635711817395e-01 1.928178061055492094e+02 4.292398965436316494e-01
2.663579394576735468e-02 2.691401191988059272e-01 1.943637184596253462e+02 3.884594662825396338e-01
2.732430082850410835e-02 2.520557858056071687e-01 1.826906565418150876e+02 4.548889769349733769e-01
2.778796663146636606e-02 3.005444833706855112e-01 1.800001614554967375e+02 4.216104327713486311e-01
2.628020366932026092e-02 2.577905519290126790e-01 1.841344860454801733e+02 3.974204844176011941e-01
2.521073148867153044e-02 2.784381965369829293e-01 1.659598418698403464e+02 4.058679522901816883e-01
2.556128181960235640e-02 2.590471636708276404e-01 1.617249502124506080e+02 4.173457742086832956e-01
2.982556446658691032e-02 1.911555061504962572e-01 1.973380336290231298e+02 4.011778341174017104e-01
2.921356322726236313e-02 1.766856789802546956e-01 1.864479941179929483e+02 3.891604992280708331e-01
2.968280361733976330e-02 1.690952011064362215e-01 1.886666119515523405e+02 4.348856758109327370e-01
2.801991180697264994e-02 1.703258744847230555e-01 1.860640152701351440e+02 3.929846357361633791e-01
2.665472553226149940e-02 1.636391350508181741e-01 1.880349109329895612e+02 4.243872938692982988e-01
2.910201655719542313e-02 1.679736639162510425e-01 1.847246742486133542e+02 4.126355473018146758e-01
2.909055030220814367e-02 1.683282836284405171e-01 1.847644232851026231e+02 4.333395821396835434e-01
2.858473441022088557e-02 1.778308039304731525e-01 1.827603581174590204e+02 4.693306055099236707e-01
2.729327301362326208e-02 1.673810006024658292e-01 1.990239670122054179e+02 3.936660441932123833e-01
2.938022796763548397e-02 1.258484020802095871e-01 1.904458413988420489e+02 4.365148677562416535e-01
3.142041090669113468e-02 1.197486476852731851e-01 1.907354749081136163e+02 4.405149819488809460e-01
3.091187601836205279e-02 1.258893500760313033e-01 1.633450646946934341e+02 4.693740035839054636e-01
3.136986004451541160e-02 1.195950955360464418e-01 1.766342129475107185e+02 4.021474314706889319e-01
2.920238325062485263e-02 1.227803905064771273e-01 1.957904660245690422e+02 4.518412357450475869e-01
3.520633100739076204e-02 1.077092468030284994e-01 1.763696182698460291e+02 4.816057531405856240e-01
3.343203222257965651e-02 1.031435044987196181e-01 1.795315667050609818e+02 4.733714709557885203e-01
3.069859104437407463e-02 1.159662162298211174e-01 1.903153869189032150e+02 4.339933739988521832e-01
3.400410657688331117e-02 1.034406654594873798e-01 1.883643890175285946e+02 4.577016647030118790e-01
3.214872605365932251e-02 9.349594314021315855e-02 1.663802002912705973e+02 4.419020465215902638e-01
3.269691863414754540e-02 1.120520582129499593e-01 1.852204797230900795e+02 4.524252024250892124e-01
3.304953976691960005e-02 1.040900600750766791e-01 1.746143150298128717e+02 4.786445962779906638e-01
3.508259991950307688e-02 1.113048120810859049e-01 1.692945342658749439e+02 4.315448451630479187e-01
3.279244527827317873e-02 1.063480959529653352e-01 1.660062571680745691e+02 4.672713958774705190e-01
3.326916674635838761e-02 1.065552927803506411e-01 1.690786271960949421e+02 4.539317795272885259e-01
3.168156502494740706e-02 1.095723598362119966e-01 1.697153032834142152e+02 4.228793842021543181e-01
3.358011458733440452e-02 1.002370071439962346e-01 1.910626702363104243e+02 4.571703608749234649e-01
3.451185895137316717e-02 1.154123127570943486e-01 1.752981553957947654e+02 4.402313030072855238e-01
3.191945939972611751e-02 1.067070584346151430e-01 1.711210018423295480e+02 4.801100191166114972e-01
3.511531932391202121e-02 9.914147436400926050e-02 1.904266839557357684e+02 4.070902504486448859e-01
3.453173499782392214e-02 1.117733886123206816e-01 1.778465921929514764e+02 4.414709074528358479e-01
2.892257393726588646e-02 1.056265517883276661e-01 1.846482063859515961e+02 4.386870947996581727e-01
3.219363314741325449e-02 1.006258154542632455e-01 1.927304998533106186e+02 4.143337120150036856e-01
4.009864801156472203e-02 6.384922205854855204e-02 1.750390862955700300e+02 5.251229711925045063e-01
4.014305253598872414e-02 6.775215917486940298e-02 1.669098338286688943e+02 5.119779356420198768e-01
3.804848646501311771e-02 7.073818126983537347e-02 1.685181240314820741e+02 4.532424176194809751e-01
3.716508123722404161e-02 6.924094267017512350e-02 1.813187296691282882e+02 4.829875618321256003e-01
4.202212326433668599e-02 6.975114261079154443e-02 1.651012435693379814e+02 4.376257638729701416e-01
4.093741881204340100e-02 6.601460204339720805e-02 1.804448893360047919e+02 4.595280807435305204e-01
4.159725213367441304e-02 6.907902742078902980e-02 1.688582346043050393e+02 4.391765201392137663e-01
4.236898994451819556e-02 6.722057927295174706e-02 1.555094807498702494e+02 5.017379996268199749e-01
4.160193909373047921e-02 6.397955685952178007e-02 1.557188840681624242e+02 4.809553441624387915e-01
4.292008560830501418e-02 6.761048488418944236e-02 1.631929523101465520e+02 5.125234794194596377e-01
4.107598409917937593e-02 6.257421870185826684e-02 1.750823779314057731e+02 4.526662938946912074e-01
3.984331598003097719e-02 6.375577860394054941e-02 1.654562882125543410e+02 4.778879132645882377e-01
3.977533029147121285e-02 6.933239243614854053e-02 1.580413563299671011e+02 4.845072440509815559e-01
4.205105995683956072e-02 6.088991546067703403e-02 1.683889797885578332e+02 4.690399309288055263e-01
4.134662618373531606e-02 6.245909724727943119e-02 1.711369395342228472e+02 4.854061107927754026e-01
4.154931245588530664e-02 6.244988601159656011e-02 1.721195198849194981e+02 4.603928219215011053e-01
3.989619983504222311e-02 5.797494881907978848e-02 1.666792655179937412e+02 5.258531002377866415e-01
3.902831791789157512e-02 6.666197902282168519e-02 1.557561365957994042e+02 4.695437549064661598e-01
3.861886844877756436e-02 6.321714486509034947e-02 1.804478834859389167e+02 4.689240503714990349e-01
3.992798193498370285e-02 7.325127640087580883e-02 1.663544679097480810e+02 4.395437375518753131e-01
4.063667978054437413e-02 6.862396771592843558e-02 1.602480792980907722e+02 4.710336688963084883e-01
4.012145712224847449e-02 6.530600158073229800e-02 1.746829651665451877e+02 4.819496523168629865e-01
4.274812383453080455e-02 6.391004707450115285e-02 1.539566731716081165e+02 4.582132768050179994e-01
4.078975039035698941e-02 6.691048715404543379e-02 1.634176740984611627e+02 4.549006456216213024e-01
3.767424091621537213e-02 6.942611718365962470e-02 1.590420388964162441e+02 4.909330140679936116e-01
3.976944184709937935e-02 7.259080588581973137e-02 1.458325409745943944e+02 4.866158427175689138e-01
4.009207536343131068e-02 6.238352689965043218e-02 1.495186830491697094e+02 4.210033539884164289e-01
4.031491955313836612e-02 6.839796494691628703e-02 1.737736545115987781e+02 5.126672812297241588e-01
3.676912050397219273e-02 6.688073436009106532e-02 1.628626411642761695e+02 4.767170592490985181e-01
3.835905541169223887e-02 6.611745374504446326e-02 1.692669734256068921e+02 4.764977690365426177e-01
3.965393451696792165e-02 6.506730949902526928e-02 1.690874588438218780e+02 4.383462723126369531e-01
4.346055431540659514e-02 7.639167251580823714e-02 1.608943640010386673e+02 5.400824305037299489e-01
4.122423678873183422e-02 6.611671288553758186e-02 1.715084199243919159e+02 5.039171971010208972e-01
4.208022892132053105e-02 7.014353795176926643e-02 1.542217627684221384e+02 4.417548704947474869e-01
3.861300313979754151e-02 6.868319043676084090e-02 1.663686149471315332e+02 4.477003269936556951e-01
4.097440779087656998e-02 6.980190786123065261e-02 1.703567369225543757e+02 4.409679572869388275e-01
3.935955702987489757e-02 7.018473600148004976e-02 1.651318983558501259e+02 4.833832434667417188e-01
3.559133057222878260e-02 6.215317033539228403e-02 1.723989061966168777e+02 4.873985125719520473e-01
4.107621443512646936e-02 6.621164837466518571e-02 1.594787047167279468e+02 4.540447702657332552e-01
4.287376671493015740e-02 7.079644944536642170e-02 1.684843365786214520e+02 5.073667018254298666e-01
4.297702963925304626e-02 6.484314559064265071e-02 1.704823511742226572e+02 4.556957197094159140e-01
4.313215609886014018e-02 6.521679501611671315e-02 1.455331834176058123e+02 5.074041226828032158e-01
3.997833697276113180e-02 7.088503229144144102e-02 1.783324347032209118e+02 4.897749008115782621e-01
3.862064863846702972e-02 7.501753835592633868e-02 1.600779989134739481e+02 4.591192803843951453e-01
4.008292638402639191e-02 6.673936178390772744e-02 1.718924065834866326e+02 4.654700738893721712e-01
4.010126316232439508e-02 6.622970601663655255e-02 1.613447100013472948e+02 4.674429359892833258e-01
4.250794916866827006e-02 6.613955054100396913e-02 1.579107508097011703e+02 4.657429833602692026e-01
3.867879641915086819e-02 6.801196504605475091e-02 1.715542820522544218e+02 4.514864357364901659e-01
3.661850859244450418e-02 6.469223303987897689e-02 1.700948140790075342e+02 4.573294033140369863e-01
3.773067212677307797e-02 6.314951813386900092e-02 1.633014319310454141e+02 4.940211915588219038e-01
3.876868306256357755e-02 6.638593771684354883e-02 1.583665740843695175e+02 4.451475082753794110e-01
3.783430041854892595e-02 6.976159128637400564e-02 1.644327904534931406e+02 4.838354996984869927e-01
3.719186947465903670e-02 6.263969782748544934e-02 1.627950161065436987e+02 4.964330216098326032e-01
3.911754594217239228e-02 6.413878146548374071e-02 1.738302549697432653e+02 5.195131401947994387e-01
3.695169753366141230e-02 6.319710279350909676e-02 1.692297608314328272e+02 4.927073957650257574e-01
4.097706298529126684e-02 6.540358663526066318e-02 1.651365859874510988e+02 4.530535156417418441e-01
3.601309520839821032e-02 6.329202425388706643e-02 1.584745227120671984e+02 4.641642730364189950e-01
3.855664706420772886e-02 7.392839195368530736e-02 1.622069907123167809e+02 4.526553563852853679e-01
3.984884107221367544e-02 7.177830601329331095e-02 1.614949390061504175e+02 4.572039875572819767e-01
4.016180267366457196e-02 6.180340858797819109e-02 1.622734660087485281e+02 4.755752479456911708e-01
3.782364384028990417e-02 6.519007422044657829e-02 1.487705670124095718e+02 4.741678949290125122e-01
4.301842809074150897e-02 6.331247005202625400e-02 1.523460193906513211e+02 4.882394668810789984e-01
4.171969436395783076e-02 6.883295059791784409e-02 1.710437624125907519e+02 5.189755367767400207e-01
3.842731816026496994e-02 6.861509781235734795e-02 1.648407179337600041e+02 4.551280867006613495e-01
3.885783339464322222e-02 6.823625161636540093e-02 1.568159887538740236e+02 4.885047391581137100e-01
3.426331911583117840e-02 7.125283192858059000e-02 1.573576393610497348e+02 4.855732532923092148e-01
3.654350622655089253e-02 7.370855447263190141e-02 1.641053104302166616e+02 4.669366193717111591e-01
3.625011654884819495e-02 6.267699716636507268e-02 1.693442052079857376e+02 4.828931045910326847e-01
3.875257944723949771e-02 6.847742855567767739e-02 1.850513579972175080e+02 4.659720154516359680e-01
3.708151809616169053e-02 7.758550186182217034e-02 1.684562018635943446e+02 4.684717667147923481e-01
4.035137089998823423e-02 6.926598401754331669e-02 1.555363038683069021e+02 4.660879136321621763e-01
3.939184538905292354e-02 6.781944212609565537e-02 1.533086351582721250e+02 4.874368849803628612e-01
3.896375486805729593e-02 6.877155759877359720e-02 1.726287323979676103e+02 4.409329455875189985e-01
3.664927829260493375e-02 6.814091383681079861e-02 1.703959998809273770e+02 4.979638564454377248e-01
3.531838139858473752e-02 7.199243586692466446e-02 1.713783727846636964e+02 5.259041450519850169e-01
3.515470152896269657e-02 6.911183771763447503e-02 1.735145888579472455e+02 4.631683092249944678e-01
4.155805120035905437e-02 6.750958156481394468e-02 1.638141807518140922e+02 5.096141300592589296e-01
4.282010996114275769e-02 6.588104346735429440e-02 1.661196865352011116e+02 4.841779989179191834e-01
3.781964926924847453e-02 6.763769624363462352e-02 1.646700885517566348e+02 4.930341375305042351e-01
4.038925519197348463e-02 6.903248858834229451e-02 1.390595365654054660e+02 4.579875738775313621e-01
3.926980365297737946e-02 6.358418988047165321e-02 1.646705068733912753e+02 4.714443764220295208e-01
3.934257117435253914e-02 5.854321253477325071e-02 1.679379969714479159e+02 4.825449925771774784e-01
3.745986561190291914e-02 6.389506266074734819e-02 1.589291491952386934e+02 4.455123732007483794e-01
3.840594551593601996e-02 6.788527015228315586e-02 1.601993387140071832e+02 4.254909352711578330e-01
4.201013666585038525e-02 6.127026474129049216e-02 1.702917000777562180e+02 4.905624023403592493e-01
3.974109648760333624e-02 6.665252816919337020e-02 1.640478329477028012e+02 4.698507552641621454e-01
4.262004949689046640e-02 6.536431527928011909e-02 1.705908047128510816e+02 4.778256559963792727e-01
3.990818026254082385e-02 6.056564068097992914e-02 1.698573647418697306e+02 4.738975830936285050e-01
3.898719582432998848e-02 6.747262604256240581e-02 1.479327303553608886e+02 4.727255157323091983e-01
3.626828186738450394e-02 6.581137310629682491e-02 1.547652791398767533e+02 4.174541426018407719e-01
3.760309915494235850e-02 6.551355249024258531e-02 1.550914176949324030e+02 4.602088636747134198e-01
3.814006819703597700e-02 6.560033229962052015e-02 1.772030422649963270e+02 4.501583994452075244e-01
3.639018147033358519e-02 6.585478108745249082e-02 1.625763092139904984e+02 4.981865149113415270e-01
3.973618003034849744e-02 6.850848527862946069e-02 1.625714708749907516e+02 4.850577935823240927e-01
3.901467657637538305e-02 6.685832889192114270e-02 1.768926097775809012e+02 4.372786335420267290e-01
3.680741835888327179e-02 6.369768949164934801e-02 1.740530698496106652e+02 4.697264506389212113e-01
3.893418991399042600e-02 6.751139235495040580e-02 1.546465331967305019e+02 4.390822368448427659e-01
3.893110668719529377e-02 6.531801825805065576e-02 1.587496166718098038e+02 4.671586744357277277e-01
4.176709595649731599e-02 6.429160195841691905e-02 1.636588050264290075e+02 4.332604076953051053e-01
3.755984769051690098e-02 6.152153659481961190e-02 1.649215882904499324e+02 5.000729748289347576e-01
4.044043206385254663e-02 6.549515674630537743e-02 1.576780100650006489e+02 4.434216798677723115e-01
3.724976342829290632e-02 6.128079314970907160e-02 1.787624366127990925e+02 4.897509563998932447e-01
3.669423915981071677e-02 6.315777278076620260e-02 1.600901142421337227e+02 4.691918240741382307e-01
3.940711843077452509e-02 6.097726932462186472e-02 1.440537140665730647e+02 4.653549392547722263e-01
3.649303748762228183e-02 6.728040187061164190e-02 1.651543817394415044e+02 5.100884164932312226e-01
3.991674496341386658e-02 6.973077867339624869e-02 1.645213415338713219e+02 4.944772644585797572e-01
3.894190625189551669e-02 6.547146316368204766e-02 1.650511013076844620e+02 5.141899578640439783e-01
