2.084289654221745636e+01 6.033967363212390183e+02 1.910358066071337962e+05 3.066699113480570986e+02
2.074068169434462661e+01 6.056654337249772198e+02 1.866505304927096586e+05 3.034079719262366552e+02
2.074068169434462661e+01 6.056654337249772198e+02 1.866505304927096586e+05 3.034079719262366552e+02
2.030891993043232446e+01 5.954801349984179524e+02 1.818438331169264566e+05 2.982752332094523808e+02
2.015085748831698353e+01 5.943949074390493479e+02 1.858431069335786160e+05 2.895630057908367689e+02
2.054355977076366457e+01 5.710244744420314191e+02 1.755192895614727458e+05 2.945913484850010491e+02
2.065819371642764679e+01 5.716585551653267885e+02 1.716067566683643963e+05 2.914634704777522529e+02
2.038575423618535254e+01 5.730324223872154334e+02 1.717868077147695876e+05 2.875167889032883863e+02
2.038575423618535254e+01 5.730324223872154334e+02 1.717868077147695876e+05 2.875167889032883863e+02
2.000091838604336658e+01 5.148863166974480237e+02 1.694286763346176012e+05 2.878648559252299037e+02
2.008654618834333405e+01 5.156165667133316219e+02 1.683883029537184339e+05 2.875456331417346405e+02
1.976724716383982994e+01 4.439533526719714018e+02 1.745685541694291460e+05 2.952192832530644750e+02
1.944446743104474251e+01 4.706479407583263992e+02 1.665036312940136122e+05 2.872040643552184065e+02
1.944446743104474251e+01 4.706479407583263992e+02 1.665036312940136122e+05 2.872040643552184065e+02
1.934960100824007867e+01 4.736493366746204288e+02 1.690359395991386555e+05 2.821483245795893140e+02
1.929195897858770437e+01 4.737681603155361927e+02 1.709249635915947438e+05 2.781924357002396846e+02
1.877248455462443388e+01 4.328293312767331713e+02 1.851567822071406699e+05 2.831571602475185614e+02
1.869521621334723704e+01 4.572674252108888595e+02 1.781458772699709225e+05 2.644275340808425767e+02
1.861205788823345486e+01 4.478620418929419316e+02 1.806450785475223674e+05 2.597338017929403122e+02
1.861205788823345486e+01 4.478620418929419316e+02 1.806450785475223674e+05 2.597338017929403122e+02
1.861205788823345486e+01 4.478620418929419316e+02 1.806450785475223674e+05 2.597338017929403122e+02
1.861205788823345486e+01 4.478620418929419316e+02 1.806450785475223674e+05 2.597338017929403122e+02
1.872109544984884621e+01 4.571383403077725234e+02 1.715915302948804165e+05 2.523279501024122737e+02
1.837409951925689100e+01 4.585348923081775183e+02 1.698718144168464642e+05 2.491419960400748437e+02
1.837409951925689100e+01 4.585348923081775183e+02 1.698718144168464642e+05 2.491419960400748437e+02
1.851731844181260200e+01 4.284816956062193753e+02 1.618779993711819407e+05 2.489779682713066791e+02
1.889444173488219647e+01 3.586063644603497664e+02 1.566717006572346145e+05 2.678969768109001279e+02
1.896951594121467721e+01 3.684522502779490196e+02 1.488294797302625084e+05 2.640563664974441735e+02
1.896951594121467721e+01 3.684522502779490196e+02 1.488294797302625084e+05 2.640563664974441735e+02
1.881364129769754001e+01 3.563225354090102996e+02 1.499442876763363893e+05 2.613410690510035579e+02
1.870906003437504239e+01 2.793154234742978588e+02 1.474143050714232377e+05 2.801697480394923900e+02
1.875103099780584515e+01 2.759576890091483392e+02 1.479438255309453816e+05 2.791843069986691717e+02
1.857304744688731901e+01 2.745483919871478520e+02 1.501855478795042727e+05 2.766306326350940594e+02
1.845250611888432246e+01 2.720111226349424101e+02 1.512558975046573905e+05 2.767100369747838613e+02
1.845250611888432246e+01 2.720111226349424101e+02 1.512558975046573905e+05 2.767100369747838613e+02
1.845250611888432246e+01 2.720111226349424101e+02 1.512558975046573905e+05 2.767100369747838613e+02
1.866239487547299802e+01 2.627714817584590605e+02 1.492442776512661658e+05 2.818410503899123682e+02
1.863040756712207724e+01 2.647820522683576883e+02 1.467889830008028657e+05 2.843118528738227155e+02
1.857987563171889889e+01 2.602451749990816552e+02 1.431217229017044592e+05 2.894028369751303558e+02
1.845774108228159704e+01 2.483078137202797677e+02 1.452056036813386308e+05 2.874910659575633645e+02
1.845774108228159704e+01 2.483078137202797677e+02 1.452056036813386308e+05 2.874910659575633645e+02
1.845774108228159704e+01 2.483078137202797677e+02 1.452056036813386308e+05 2.874910659575633645e+02
1.845774108228159704e+01 2.483078137202797677e+02 1.452056036813386308e+05 2.874910659575633645e+02
1.845774108228159704e+01 2.483078137202797677e+02 1.452056036813386308e+05 2.874910659575633645e+02
1.845774108228159704e+01 2.483078137202797677e+02 1.452056036813386308e+05 2.874910659575633645e+02
1.845774108228159704e+01 2.483078137202797677e+02 1.452056036813386308e+05 2.874910659575633645e+02
1.845774108228159704e+01 2.483078137202797677e+02 1.452056036813386308e+05 2.874910659575633645e+02
1.941903180157785158e+01 2.190203873304034516e+02 1.406027661296570441e+05 2.937473115021801959e+02
1.954463067269269771e+01 2.080248652933989035e+02 1.420611743125154462e+05 3.020080267860257095e+02
1.899432285056328595e+01 2.136998953729808477e+02 1.397797922155932174e+05 2.912473900451631721e+02
1.899432285056328595e+01 2.136998953729808477e+02 1.397797922155932174e+05 2.912473900451631721e+02
1.899432285056328595e+01 2.136998953729808477e+02 1.397797922155932174e+05 2.912473900451631721e+02
1.899432285056328595e+01 2.136998953729808477e+02 1.397797922155932174e+05 2.912473900451631721e+02
1.899432285056328595e+01 2.136998953729808477e+02 1.397797922155932174e+05 2.912473900451631721e+02
1.928698197217612886e+01 1.977598820530049011e+02 1.311585278889164911e+05 2.922465615131662844e+02
1.928698197217612886e+01 1.977598820530049011e+02 1.311585278889164911e+05 2.922465615131662844e+02
1.927478504280959015e+01 1.937769492050998110e+02 1.291610560072266089e+05 2.973140581994867375e+02
1.927478504280959015e+01 1.937769492050998110e+02 1.291610560072266089e+05 2.973140581994867375e+02
1.927478504280959015e+01 1.937769492050998110e+02 1.291610560072266089e+05 2.973140581994867375e+02
1.927478504280959015e+01 1.937769492050998110e+02 1.291610560072266089e+05 2.973140581994867375e+02
1.927478504280959015e+01 1.937769492050998110e+02 1.291610560072266089e+05 2.973140581994867375e+02
2.040684564341410479e+01 1.340579156292980656e+02 1.312388722928398056e+05 2.954152672152713421e+02
2.040684564341410479e+01 1.340579156292980656e+02 1.312388722928398056e+05 2.954152672152713421e+02
2.080092733202079103e+01 1.215560363566544737e+02 1.339680102130970627e+05 3.098673050758972636e+02
2.093642615680526831e+01 1.166897933545447330e+02 1.315931870369553799e+05 3.104799526715599995e+02
2.093642615680526831e+01 1.166897933545447330e+02 1.315931870369553799e+05 3.104799526715599995e+02
2.104646425212795080e+01 1.162338261534843866e+02 1.305465219190397038e+05 3.126253625676999945e+02
2.104646425212795080e+01 1.162338261534843866e+02 1.305465219190397038e+05 3.126253625676999945e+02
2.071670101552117771e+01 1.260704658161350977e+02 1.284023788873063313e+05 2.966962350340333501e+02
2.065229094603706628e+01 1.208715877717717717e+02 1.323173555441875651e+05 2.966725149028328588e+02
2.331074783356151059e+01 8.645385457936889395e+01 1.319697398387416033e+05 3.225918833534794885e+02
2.331074783356151059e+01 8.645385457936889395e+01 1.319697398387416033e+05 3.225918833534794885e+02
2.331074783356151059e+01 8.645385457936889395e+01 1.319697398387416033e+05 3.225918833534794885e+02
2.331074783356151059e+01 8.645385457936889395e+01 1.319697398387416033e+05 3.225918833534794885e+02
2.331074783356151059e+01 8.645385457936889395e+01 1.319697398387416033e+05 3.225918833534794885e+02
2.406730597866922139e+01 7.942360984356696463e+01 1.329391530644601735e+05 3.319354569374614243e+02
2.406730597866922139e+01 7.942360984356696463e+01 1.329391530644601735e+05 3.319354569374614243e+02
2.406730597866922139e+01 7.942360984356696463e+01 1.329391530644601735e+05 3.319354569374614243e+02
2.519555094445475518e+01 6.894615222696323542e+01 1.314054900560036185e+05 3.330211612938458074e+02
2.519555094445475518e+01 6.894615222696323542e+01 1.314054900560036185e+05 3.330211612938458074e+02
2.409107980991383613e+01 7.649611280212594977e+01 1.282936757233899407e+05 3.209597872528580638e+02
2.417810504042834197e+01 7.538008120400559164e+01 1.267725858467623475e+05 3.248658348174432717e+02
2.376099565786624268e+01 7.768697214900824122e+01 1.259154171119492239e+05 3.250750867512214199e+02
2.376099565786624268e+01 7.768697214900824122e+01 1.259154171119492239e+05 3.250750867512214199e+02
2.412613086666184614e+01 7.436381979302581158e+01 1.269842374831795605e+05 3.262595459340388970e+02
2.412613086666184614e+01 7.436381979302581158e+01 1.269842374831795605e+05 3.262595459340388970e+02
2.412613086666184614e+01 7.436381979302581158e+01 1.269842374831795605e+05 3.262595459340388970e+02
2.331693943613132092e+01 7.895821401218438496e+01 1.264978257878099394e+05 3.186920289881690564e+02
2.331693943613132092e+01 7.895821401218438496e+01 1.264978257878099394e+05 3.186920289881690564e+02
2.331693943613132092e+01 7.895821401218438496e+01 1.264978257878099394e+05 3.186920289881690564e+02
2.331693943613132092e+01 7.895821401218438496e+01 1.264978257878099394e+05 3.186920289881690564e+02
2.331693943613132092e+01 7.895821401218438496e+01 1.264978257878099394e+05 3.186920289881690564e+02
2.331693943613132092e+01 7.895821401218438496e+01 1.264978257878099394e+05 3.186920289881690564e+02
2.832138582614241429e+01 5.029887813717397194e+01 1.221585796787779545e+05 3.401153109279750879e+02
2.832138582614241429e+01 5.029887813717397194e+01 1.221585796787779545e+05 3.401153109279750879e+02
2.832138582614241429e+01 5.029887813717397194e+01 1.221585796787779545e+05 3.401153109279750879e+02
2.832138582614241429e+01 5.029887813717397194e+01 1.221585796787779545e+05 3.401153109279750879e+02
2.832138582614241429e+01 5.029887813717397194e+01 1.221585796787779545e+05 3.401153109279750879e+02
2.832138582614241429e+01 5.029887813717397194e+01 1.221585796787779545e+05 3.401153109279750879e+02
2.961537761024845139e+01 4.747474660855652928e+01 1.184986631076022895e+05 3.462856614199047272e+02
2.961537761024845139e+01 4.747474660855652928e+01 1.184986631076022895e+05 3.462856614199047272e+02
2.961537761024845139e+01 4.747474660855652928e+01 1.184986631076022895e+05 3.462856614199047272e+02
2.945853627712795131e+01 4.619105414383586350e+01 1.185309482333216874e+05 3.474425168745819974e+02
2.945853627712795131e+01 4.619105414383586350e+01 1.185309482333216874e+05 3.474425168745819974e+02
2.945853627712795131e+01 4.619105414383586350e+01 1.185309482333216874e+05 3.474425168745819974e+02
2.945853627712795131e+01 4.619105414383586350e+01 1.185309482333216874e+05 3.474425168745819974e+02
2.945853627712795131e+01 4.619105414383586350e+01 1.185309482333216874e+05 3.474425168745819974e+02
2.945853627712795131e+01 4.619105414383586350e+01 1.185309482333216874e+05 3.474425168745819974e+02
2.945853627712795131e+01 4.619105414383586350e+01 1.185309482333216874e+05 3.474425168745819974e+02
2.945853627712795131e+01 4.619105414383586350e+01 1.185309482333216874e+05 3.474425168745819974e+02
2.830201825073821098e+01 4.813110463013393314e+01 1.187063425570555846e+05 3.380513957789254391e+02
2.830201825073821098e+01 4.813110463013393314e+01 1.187063425570555846e+05 3.380513957789254391e+02
2.830201825073821098e+01 4.813110463013393314e+01 1.187063425570555846e+05 3.380513957789254391e+02
2.830201825073821098e+01 4.813110463013393314e+01 1.187063425570555846e+05 3.380513957789254391e+02
2.830201825073821098e+01 4.813110463013393314e+01 1.187063425570555846e+05 3.380513957789254391e+02
2.830201825073821098e+01 4.813110463013393314e+01 1.187063425570555846e+05 3.380513957789254391e+02
2.830201825073821098e+01 4.813110463013393314e+01 1.187063425570555846e+05 3.380513957789254391e+02
2.830201825073821098e+01 4.813110463013393314e+01 1.187063425570555846e+05 3.380513957789254391e+02
2.830201825073821098e+01 4.813110463013393314e+01 1.187063425570555846e+05 3.380513957789254391e+02
2.830201825073821098e+01 4.813110463013393314e+01 1.187063425570555846e+05 3.380513957789254391e+02
2.830201825073821098e+01 4.813110463013393314e+01 1.187063425570555846e+05 3.380513957789254391e+02
2.830201825073821098e+01 4.813110463013393314e+01 1.187063425570555846e+05 3.380513957789254391e+02
2.830201825073821098e+01 4.813110463013393314e+01 1.187063425570555846e+05 3.380513957789254391e+02
2.830201825073821098e+01 4.813110463013393314e+01 1.187063425570555846e+05 3.380513957789254391e+02
2.830201825073821098e+01 4.813110463013393314e+01 1.187063425570555846e+05 3.380513957789254391e+02
2.830201825073821098e+01 4.813110463013393314e+01 1.187063425570555846e+05 3.380513957789254391e+02
2.830201825073821098e+01 4.813110463013393314e+01 1.187063425570555846e+05 3.380513957789254391e+02
2.830201825073821098e+01 4.813110463013393314e+01 1.187063425570555846e+05 3.380513957789254391e+02
2.830201825073821098e+01 4.813110463013393314e+01 1.187063425570555846e+05 3.380513957789254391e+02
2.830201825073821098e+01 4.813110463013393314e+01 1.187063425570555846e+05 3.380513957789254391e+02
2.830201825073821098e+01 4.813110463013393314e+01 1.187063425570555846e+05 3.380513957789254391e+02
2.830201825073821098e+01 4.813110463013393314e+01 1.187063425570555846e+05 3.380513957789254391e+02
2.830201825073821098e+01 4.813110463013393314e+01 1.187063425570555846e+05 3.380513957789254391e+02
2.830201825073821098e+01 4.813110463013393314e+01 1.187063425570555846e+05 3.380513957789254391e+02
2.830201825073821098e+01 4.813110463013393314e+01 1.187063425570555846e+05 3.380513957789254391e+02
2.830201825073821098e+01 4.813110463013393314e+01 1.187063425570555846e+05 3.380513957789254391e+02
2.830201825073821098e+01 4.813110463013393314e+01 1.187063425570555846e+05 3.380513957789254391e+02
2.804780231028284732e+01 4.868064185655748588e+01 1.184319937590830668e+05 3.389154509121013348e+02
2.804780231028284732e+01 4.868064185655748588e+01 1.184319937590830668e+05 3.389154509121013348e+02
2.804780231028284732e+01 4.868064185655748588e+01 1.184319937590830668e+05 3.389154509121013348e+02
2.804780231028284732e+01 4.868064185655748588e+01 1.184319937590830668e+05 3.389154509121013348e+02
2.804780231028284732e+01 4.868064185655748588e+01 1.184319937590830668e+05 3.389154509121013348e+02
2.804780231028284732e+01 4.868064185655748588e+01 1.184319937590830668e+05 3.389154509121013348e+02
2.804780231028284732e+01 4.868064185655748588e+01 1.184319937590830668e+05 3.389154509121013348e+02
2.804780231028284732e+01 4.868064185655748588e+01 1.184319937590830668e+05 3.389154509121013348e+02
2.804780231028284732e+01 4.868064185655748588e+01 1.184319937590830668e+05 3.389154509121013348e+02
2.804780231028284732e+01 4.868064185655748588e+01 1.184319937590830668e+05 3.389154509121013348e+02
2.804780231028284732e+01 4.868064185655748588e+01 1.184319937590830668e+05 3.389154509121013348e+02
2.804780231028284732e+01 4.868064185655748588e+01 1.184319937590830668e+05 3.389154509121013348e+02
2.804780231028284732e+01 4.868064185655748588e+01 1.184319937590830668e+05 3.389154509121013348e+02
2.804780231028284732e+01 4.868064185655748588e+01 1.184319937590830668e+05 3.389154509121013348e+02
2.804780231028284732e+01 4.868064185655748588e+01 1.184319937590830668e+05 3.389154509121013348e+02
2.804780231028284732e+01 4.868064185655748588e+01 1.184319937590830668e+05 3.389154509121013348e+02
2.804780231028284732e+01 4.868064185655748588e+01 1.184319937590830668e+05 3.389154509121013348e+02
2.804780231028284732e+01 4.868064185655748588e+01 1.184319937590830668e+05 3.389154509121013348e+02
2.983302010333703791e+01 4.493478428571760475e+01 1.177284672948482184e+05 3.486784922487585732e+02
2.983302010333703791e+01 4.493478428571760475e+01 1.177284672948482184e+05 3.486784922487585732e+02
2.748572104578036601e+01 5.012523311778728896e+01 1.185601165577662905e+05 3.388489975574644291e+02
2.748572104578036601e+01 5.012523311778728896e+01 1.185601165577662905e+05 3.388489975574644291e+02
2.748572104578036601e+01 5.012523311778728896e+01 1.185601165577662905e+05 3.388489975574644291e+02
2.748572104578036601e+01 5.012523311778728896e+01 1.185601165577662905e+05 3.388489975574644291e+02
2.748572104578036601e+01 5.012523311778728896e+01 1.185601165577662905e+05 3.388489975574644291e+02
2.748572104578036601e+01 5.012523311778728896e+01 1.185601165577662905e+05 3.388489975574644291e+02
2.748572104578036601e+01 5.012523311778728896e+01 1.185601165577662905e+05 3.388489975574644291e+02
2.748572104578036601e+01 5.012523311778728896e+01 1.185601165577662905e+05 3.388489975574644291e+02
2.748572104578036601e+01 5.012523311778728896e+01 1.185601165577662905e+05 3.388489975574644291e+02
2.748572104578036601e+01 5.012523311778728896e+01 1.185601165577662905e+05 3.388489975574644291e+02
2.748572104578036601e+01 5.012523311778728896e+01 1.185601165577662905e+05 3.388489975574644291e+02
2.748572104578036601e+01 5.012523311778728896e+01 1.185601165577662905e+05 3.388489975574644291e+02
2.919200079041941009e+01 4.610478960321162134e+01 1.173098701669263246e+05 3.437273525762955728e+02
2.919200079041941009e+01 4.610478960321162134e+01 1.173098701669263246e+05 3.437273525762955728e+02
2.919200079041941009e+01 4.610478960321162134e+01 1.173098701669263246e+05 3.437273525762955728e+02
2.919200079041941009e+01 4.610478960321162134e+01 1.173098701669263246e+05 3.437273525762955728e+02
2.919200079041941009e+01 4.610478960321162134e+01 1.173098701669263246e+05 3.437273525762955728e+02
2.919200079041941009e+01 4.610478960321162134e+01 1.173098701669263246e+05 3.437273525762955728e+02
2.919200079041941009e+01 4.610478960321162134e+01 1.173098701669263246e+05 3.437273525762955728e+02
2.919200079041941009e+01 4.610478960321162134e+01 1.173098701669263246e+05 3.437273525762955728e+02
2.919200079041941009e+01 4.610478960321162134e+01 1.173098701669263246e+05 3.437273525762955728e+02
2.919200079041941009e+01 4.610478960321162134e+01 1.173098701669263246e+05 3.437273525762955728e+02
2.919200079041941009e+01 4.610478960321162134e+01 1.173098701669263246e+05 3.437273525762955728e+02
2.919200079041941009e+01 4.610478960321162134e+01 1.173098701669263246e+05 3.437273525762955728e+02
2.919200079041941009e+01 4.610478960321162134e+01 1.173098701669263246e+05 3.437273525762955728e+02
2.811046002984346259e+01 4.847482171556832498e+01 1.174445849003351614e+05 3.380856919940761145e+02
2.811046002984346259e+01 4.847482171556832498e+01 1.174445849003351614e+05 3.380856919940761145e+02
2.811046002984346259e+01 4.847482171556832498e+01 1.174445849003351614e+05 3.380856919940761145e+02
2.811046002984346259e+01 4.847482171556832498e+01 1.174445849003351614e+05 3.380856919940761145e+02
2.811046002984346259e+01 4.847482171556832498e+01 1.174445849003351614e+05 3.380856919940761145e+02
2.811046002984346259e+01 4.847482171556832498e+01 1.174445849003351614e+05 3.380856919940761145e+02
2.884713283895623803e+01 4.625089630890135339e+01 1.176941993099225365e+05 3.423042402276763596e+02
2.884713283895623803e+01 4.625089630890135339e+01 1.176941993099225365e+05 3.423042402276763596e+02
2.884713283895623803e+01 4.625089630890135339e+01 1.176941993099225365e+05 3.423042402276763596e+02
2.884713283895623803e+01 4.625089630890135339e+01 1.176941993099225365e+05 3.423042402276763596e+02
2.884713283895623803e+01 4.625089630890135339e+01 1.176941993099225365e+05 3.423042402276763596e+02
2.884713283895623803e+01 4.625089630890135339e+01 1.176941993099225365e+05 3.423042402276763596e+02
2.831258509260494094e+01 4.767643037589277100e+01 1.171534120647600648e+05 3.377756839219653102e+02
2.870238285043327053e+01 4.638494289247843483e+01 1.163424058561825368e+05 3.420737617133042363e+02
2.870238285043327053e+01 4.638494289247843483e+01 1.163424058561825368e+05 3.420737617133042363e+02
2.870238285043327053e+01 4.638494289247843483e+01 1.163424058561825368e+05 3.420737617133042363e+02
2.870238285043327053e+01 4.638494289247843483e+01 1.163424058561825368e+05 3.420737617133042363e+02
2.870238285043327053e+01 4.638494289247843483e+01 1.163424058561825368e+05 3.420737617133042363e+02
