1.000000000000000000e+00 1.000000000000000000e+00 1.000000000000000000e+00 1.000000000000000000e+00
7.092077440327353155e-02 1.693903169161686262e-01 4.919856983106145094e+02 3.702750350883601826e-01
7.080251262989342709e-02 1.594767345883305043e-01 5.203862918615712942e+02 3.743073878586664627e-01
6.115197673551710233e-02 1.657095848372185376e-01 4.258701214247952294e+02 3.546866441161215522e-01
6.052521098547068712e-02 1.753352533946927472e-01 4.319945333244440917e+02 3.581287665174876511e-01
5.721888254388769746e-02 1.901982413462692534e-01 4.302117983745405354e+02 3.617546284882519059e-01
5.398019584211769667e-02 1.818105761582415048e-01 4.099140597798040062e+02 3.471537330532751819e-01
5.386518570781761300e-02 1.991168709563189698e-01 4.040203267469183288e+02 3.330862797688600163e-01
5.576641593940277059e-02 1.962151288633329493e-01 3.554972256727187414e+02 3.591290584327119784e-01
4.927142585172680778e-02 1.673755750469861081e-01 3.223985552520824740e+02 3.515174917970731450e-01
4.631361715901486514e-02 1.820628844966441784e-01 3.217071339867470101e+02 3.132136288788237577e-01
5.117477920400960445e-02 1.778295504331326715e-01 3.071927965754633192e+02 3.292128339743986554e-01
4.786159692559848605e-02 1.993399656013795096e-01 2.819120267351530060e+02 2.968592872037482122e-01
4.915310001165314191e-02 2.052233538381321998e-01 2.989799662756710177e+02 3.201375329664135072e-01
5.041971696302527395e-02 1.653533740162604349e-01 2.620846827848639009e+02 3.220269986008805763e-01
4.961019734211957050e-02 1.670438321271514037e-01 2.718578617579987053e+02 3.423055784500130816e-01
5.096798922531287773e-02 1.723708851674093934e-01 2.545805990081071855e+02 3.079204568673868381e-01
4.935161758315698838e-02 1.660097358831878478e-01 2.330625971885922354e+02 3.180722270476628588e-01
4.895361034449293575e-02 1.776272791245388782e-01 2.345505263915830483e+02 3.098327894726257137e-01
4.762656044395549571e-02 1.795942846697621276e-01 2.165804344491932341e+02 3.042212266423179323e-01
5.060022670565314518e-02 1.622199821234936168e-01 2.339573125631275445e+02 3.075793145782370064e-01
5.410888647089483194e-02 1.567143440554298606e-01 2.134696399159433327e+02 3.267335006447442125e-01
4.906749903014467895e-02 1.784669956172573735e-01 2.056438636957503263e+02 2.871425399802942646e-01
5.208792719120444031e-02 1.818978178100944254e-01 1.928922786593327316e+02 3.090249277411454276e-01
5.167820674758918237e-02 1.880576678536028667e-01 1.931408589704067538e+02 3.249682427296146092e-01
4.595450341071410927e-02 1.758849308383595433e-01 1.817875691381292995e+02 2.990036477683588600e-01
4.875827195011710191e-02 1.969590855948999131e-01 1.860142345955593726e+02 2.930197796863469040e-01
4.510388764202321460e-02 2.183820354693573329e-01 1.531732356918120388e+02 2.927304271065896413e-01
4.427655677589438510e-02 1.928157577855348914e-01 1.612790642882104351e+02 2.880056457039950057e-01
4.448049305767715067e-02 2.229121923963090501e-01 1.256799146108448610e+02 2.765967872618164125e-01
4.546003451705549203e-02 2.170673533951002487e-01 1.270663245152063467e+02 2.687003980148679472e-01
4.697679961826507766e-02 2.193907029426131750e-01 1.204523351956602539e+02 2.875954740996011783e-01
4.322826662361933803e-02 2.121509085935945615e-01 1.067791923367910272e+02 2.776892755853453409e-01
4.487448157705208746e-02 2.180710559346180355e-01 1.046682143729936740e+02 2.786051932929690667e-01
4.583012790022244348e-02 2.161951418262258451e-01 1.052863620597066898e+02 2.652890739967633804e-01
4.323646783398545079e-02 2.118550459102702677e-01 1.002395807708644497e+02 2.718567210277229584e-01
4.147165569051929068e-02 1.948622929833268846e-01 6.306502508312020439e+01 2.509633117825439408e-01
4.494403837633193649e-02 1.930071847954172859e-01 6.860211941076634901e+01 2.507467861335226922e-01
4.410483053873566484e-02 1.896991980650665766e-01 6.494871967088589315e+01 2.554126639289598932e-01
4.295965531879683552e-02 1.923610536461011489e-01 6.445143517381860931e+01 2.606209588998270044e-01
4.045628663665392505e-02 1.954426959566650801e-01 6.677236865676154309e+01 2.492289356133856049e-01
3.950116604014212301e-02 2.009235613674867360e-01 6.355926574518425554e+01 2.403114943033939077e-01
4.361271514843504532e-02 1.954551668544681764e-01 6.468978378631224757e+01 2.600891725028888213e-01
4.373180390738622136e-02 1.999828180564533209e-01 6.052569976646280736e+01 2.458543086377846520e-01
4.463542446963350563e-02 2.002767840961839629e-01 6.356542868564599758e+01 2.756595044018743113e-01
4.262745265122745708e-02 1.892096783673502536e-01 6.233007305220849759e+01 2.405385350554121449e-01
4.583167407622443235e-02 2.079319318287491114e-01 6.171233585778991682e+01 2.598630387050950841e-01
4.549848159739813130e-02 1.878829734716574995e-01 5.984304960689792807e+01 2.519236155598388316e-01
4.366309104804682456e-02 2.032383315219197517e-01 5.435957720539115456e+01 2.328369851018224634e-01
4.512094956030614917e-02 1.978351243564473727e-01 4.755495128220987766e+01 2.410822993149674132e-01
4.505309007593195220e-02 2.062479633545494795e-01 5.179950631301553443e+01 2.462595556033576605e-01
5.108021676733699029e-02 2.161878960377498493e-01 4.080647944234998903e+01 2.416318768547508489e-01
5.674809459910997583e-02 2.036075305701298133e-01 3.725429489509779302e+01 2.205327205360119447e-01
5.361631679662785116e-02 1.971680601064255134e-01 2.559599170636817789e+01 2.209006888874516239e-01
5.605558637010765732e-02 2.473898194167142017e-01 1.915285542624434001e+01 1.929349593186903133e-01
5.282255747865832740e-02 2.375033737694443869e-01 1.696617510916656357e+01 2.074967193130263787e-01
5.338442262442341657e-02 2.492867463627722602e-01 1.669978456483283935e+01 1.986766536004973827e-01
4.434660645650637806e-02 2.199360694846858588e-01 1.391732254184326933e+01 2.204612951512048002e-01
4.907404235117947960e-02 2.343144230781766535e-01 1.288218914934789971e+01 2.105390184238467299e-01
4.762037505917848801e-02 2.292541180057862116e-01 1.287539905625852477e+01 2.040991504663158818e-01
4.684640833825367418e-02 2.067588726092781659e-01 1.206205986538410890e+01 2.117897000550399422e-01
4.989606286532758533e-02 1.987169561632649017e-01 1.136558006549996236e+01 1.913871254684723910e-01
5.154338545890696510e-02 2.031166201099000035e-01 1.082081854924631870e+01 2.012531598170549108e-01
4.582046106740752384e-02 1.996151427225556774e-01 1.035991408594169627e+01 1.988061046530349985e-01
4.510848331758535862e-02 2.116518606065188046e-01 9.799720735218961920e+00 1.956409879314779388e-01
4.869001131281034539e-02 2.024402978237805351e-01 9.735501640432360659e+00 2.133884253807296905e-01
5.276832623747314960e-02 1.906664254186437313e-01 9.065801352501040355e+00 2.000546007501271262e-01
4.822089087191089307e-02 1.778584271475747436e-01 9.277578511567496022e+00 1.995319795991083445e-01
4.411094580501234708e-02 1.852879968745387573e-01 9.086042115000852348e+00 2.004839119113289714e-01
5.087284115326153738e-02 1.931859431471808219e-01 8.748217485780598324e+00 2.086324027599408271e-01
4.597804734785367747e-02 1.914339520935677275e-01 8.656846658692183283e+00 1.989057971586241091e-01
4.934861419808156402e-02 1.900294658801749970e-01 9.870662270776882963e+00 2.143048863484975641e-01
4.987814402681754744e-02 1.953241279857947932e-01 8.865888658008687528e+00 2.024091513085810867e-01
5.287379491488247707e-02 1.886950882020400067e-01 8.718115803161047950e+00 2.073442317447512229e-01
4.957484987257049225e-02 1.847929511419258986e-01 8.561868342947361654e+00 1.964212395102678255e-01
4.709311098172948296e-02 2.529977878382234646e-01 7.477550989305918883e+00 1.803854354338845500e-01
5.168149882814633556e-02 2.317590042461596389e-01 7.432784802087895493e+00 1.817423858824773475e-01
5.130368471285733090e-02 2.392017395825136450e-01 6.885496363091951899e+00 1.905587611905399104e-01
5.098694386447161914e-02 2.132391804276349001e-01 6.514067450170695217e+00 1.790715828961460532e-01
4.998643541313766564e-02 2.245105242406013890e-01 6.650996793928698025e+00 1.849103133396636789e-01
4.994370908572139806e-02 2.226062163411732520e-01 6.888133481880355014e+00 1.864864695123606975e-01
5.034418987517875338e-02 2.118189044238754370e-01 6.752711811864879010e+00 1.803946352062690828e-01
5.085816882453016857e-02 2.192037739482892156e-01 7.027112994520797962e+00 1.920150795971117541e-01
4.855661611507713221e-02 2.113977016329307568e-01 6.634577409183235019e+00 2.031317909224656382e-01
4.765138318306846865e-02 2.124136871550302563e-01 6.702095687862663631e+00 1.914330705540555344e-01
4.713997744935640583e-02 2.079791435379475806e-01 6.113764064189882497e+00 1.846057807648705251e-01
4.810518263849852816e-02 2.161291546034938560e-01 6.724532028792490124e+00 2.016386755098212025e-01
4.866993997427133956e-02 2.091299626977792536e-01 6.401976330222938216e+00 1.820955215184983100e-01
4.637116087409878101e-02 2.228489503641227776e-01 6.177029295951044219e+00 1.980810193463826974e-01
4.632414740938799180e-02 2.033731274515859222e-01 6.486823918086923157e+00 1.938664714837871894e-01
4.671828446254547990e-02 2.115103418224946186e-01 6.501159038534424006e+00 1.999711900327318104e-01
4.927237331226531902e-02 2.167102005573927903e-01 6.165936789615878766e+00 1.873552733235942513e-01
4.569340402992250194e-02 2.181300692457294743e-01 5.889146825098975135e+00 2.075626179961963802e-01
5.112846858724455490e-02 2.142200004143096359e-01 6.238913866574685052e+00 1.973480136919952832e-01
4.747009616751164673e-02 2.099139019569861153e-01 5.868547630273204696e+00 1.902684010974309281e-01
4.988218361954858959e-02 2.186198747003145759e-01 6.127658220210379980e+00 1.960610327643061701e-01
4.924118066951323897e-02 2.182759498856734481e-01 6.576407908798999280e+00 2.080862862817292880e-01
4.842912797302833389e-02 2.044249538462447613e-01 6.263528594939780092e+00 1.850197333243255027e-01
4.784534803864269603e-02 1.952029009249367508e-01 6.578290215222520665e+00 1.975395720237854980e-01
4.801695389750414156e-02 2.084281741116586484e-01 6.082422738534146056e+00 1.881920123065414785e-01
4.690287269335022963e-02 2.113154872754773594e-01 6.048287219825399852e+00 1.877191038062001327e-01
4.934573100562979903e-02 1.948616376431200059e-01 5.999305180671752780e+00 1.875618378701869038e-01
4.951152146805563870e-02 2.155483297501836759e-01 6.090923086195545011e+00 1.898346370832897367e-01
4.883056651349213656e-02 2.024612918429679886e-01 6.278294711722094412e+00 1.894728733292961875e-01
4.894021626359885274e-02 2.070506552986293436e-01 6.379729976773117706e+00 1.926602334231641844e-01
4.744874695008233223e-02 1.999959817402621465e-01 5.936202797277806198e+00 1.887647572031544430e-01
4.960403052030765841e-02 1.892620186388083436e-01 5.982793319098928642e+00 1.916138027053276294e-01
4.701906414842160070e-02 1.943596906186645379e-01 6.372647919132369054e+00 1.956099675604962562e-01
4.757815713226999643e-02 1.905021167898606205e-01 6.121227403940000755e+00 2.035786311440139773e-01
5.010149302694015538e-02 2.085796084081227852e-01 6.143590122950883803e+00 1.927119769582986419e-01
5.073850931583726021e-02 2.054456016945756247e-01 5.624739681054153451e+00 1.880821837293114307e-01
4.878969419664971191e-02 2.194802714843780422e-01 5.744858787817777035e+00 1.803178444314531559e-01
4.813807820822216949e-02 2.201056379382654582e-01 5.629682101868471733e+00 1.961351052204440837e-01
4.765126044828083690e-02 2.138901107176497118e-01 5.563091412766262955e+00 1.669017984488941619e-01
5.057738832481132457e-02 2.150384208365603844e-01 5.608652693692881996e+00 1.668693711366200927e-01
5.058683977947159988e-02 2.258381909392481179e-01 5.469945300836906554e+00 1.713577367032288745e-01
5.169151161435166925e-02 2.233223112654250664e-01 5.500186787167326230e+00 1.770027515333571499e-01
4.917639986883459019e-02 2.207143814969989848e-01 5.375249667379920382e+00 1.747421332028148422e-01
5.010700941829914629e-02 2.052705582145299135e-01 5.717759867998926993e+00 1.842659524565306017e-01
4.985739538410206839e-02 2.188668591177731215e-01 5.270931039486969283e+00 1.821966626575806658e-01
4.389171698898710477e-02 2.029831370565476634e-01 5.268619930642818971e+00 1.920903259015442066e-01
5.302855747458821989e-02 2.109713147710437220e-01 4.999841591559595955e+00 1.733845565473971784e-01
4.851300255206869583e-02 2.077395049526831461e-01 4.988216523539562353e+00 1.728806611065992482e-01
4.718322564336813879e-02 2.169208979517276703e-01 5.290294807273761890e+00 1.728190507483279847e-01
4.873883569260907545e-02 2.241040810405996175e-01 5.285397343510338963e+00 1.927888168298536042e-01
4.555216678429268445e-02 2.139475652701365305e-01 5.250920669370927385e+00 1.794131142148367719e-01
4.669858803752252596e-02 2.074035889103258146e-01 5.438318102505290241e+00 1.721732303473138825e-01
5.034268257136872982e-02 2.240208792358765466e-01 5.579026355133316351e+00 1.828380186047166289e-01
4.877637076772034508e-02 2.091918703274043556e-01 5.339701290491320584e+00 1.790049880842151664e-01
5.206325404710152732e-02 2.127531458995001734e-01 5.489951696972473094e+00 1.781199139120856478e-01
5.084174250421086283e-02 1.933203690962300436e-01 5.202412762832625326e+00 1.775039165848160405e-01
4.824121574818081293e-02 2.171223760601641573e-01 5.309290997884185792e+00 1.739798023040702857e-01
4.958263717126846354e-02 2.073220713151348038e-01 5.250194411692320706e+00 1.791828133427131320e-01
4.596760491979735852e-02 2.141410920879395496e-01 4.448875162086050494e+00 1.763821804823249295e-01
4.787224855938526646e-02 2.056572295390396432e-01 4.323879961458608534e+00 1.803144996800882249e-01
4.733998290591891200e-02 2.189406103543013737e-01 4.192414536647996570e+00 1.878091041523873572e-01
5.296453920314755925e-02 2.096260917992233963e-01 4.495246288443863314e+00 1.794697435219984316e-01
4.952607790252135100e-02 2.173361991856876119e-01 4.116070613956308577e+00 1.743954954688589631e-01
4.749744243456846537e-02 2.209851929754195754e-01 4.120424437851039734e+00 1.769400903821916060e-01
4.685134503144355173e-02 2.138119659157716457e-01 4.265080166028424102e+00 1.808304697753834178e-01
5.129897893396890424e-02 2.148859331480539037e-01 4.364568950802211411e+00 1.875367373580370256e-01
5.398471575361899616e-02 1.851547044280982823e-01 3.789786837246737150e+00 1.864918338174914314e-01
5.372173406983090510e-02 1.788159543087800840e-01 3.380873514829847881e+00 1.972590938988145748e-01
5.376601019535838522e-02 1.898922513223066100e-01 3.366299442282370880e+00 1.823228068660939227e-01
4.914126835625080153e-02 2.017638067156284076e-01 3.407847921867054986e+00 1.819823330366691916e-01
5.237805416469932390e-02 1.984692411480654395e-01 3.288700087553906304e+00 1.866813047150804039e-01
4.999610197168633668e-02 1.957812396947226641e-01 3.404692175419438804e+00 1.878480943015277960e-01
4.874942079391630934e-02 1.928357250209914164e-01 2.985926223166160298e+00 1.917706111706745653e-01
5.101438385923860036e-02 1.869134103461283503e-01 2.761473164178144479e+00 1.891531531953326573e-01
4.621906043175952328e-02 1.911161719354247945e-01 2.773935534651478907e+00 1.913566986185633034e-01
4.639705485692179748e-02 1.776322359994306488e-01 2.843848946615053386e+00 2.017540315383823113e-01
5.010984238292130050e-02 1.839940258578044718e-01 2.917411718013056987e+00 1.796792481276139053e-01
4.899490552531488019e-02 2.093173511221115002e-01 2.797156257869940266e+00 1.833849096226679853e-01
4.662854188136165284e-02 1.919317889085975226e-01 2.921108533373153904e+00 2.011913096088915609e-01
5.126726387342812191e-02 1.802337678102149954e-01 2.979330652415410619e+00 1.933816337799983964e-01
4.724383373243488948e-02 1.880054111397608807e-01 2.011804230015446393e+00 1.907090249914270563e-01
5.116870340762366687e-02 1.997130900009623233e-01 2.060987938537720776e+00 2.071943065673015061e-01
4.740941908994050769e-02 1.856851312505433116e-01 7.301821484796728878e-01 2.007114621193471504e-01
4.773537727852044527e-02 1.862898446630144034e-01 8.187737223257007813e-01 2.051665719269132049e-01
5.033794723954287953e-02 1.923914796508564007e-01 7.479646720037093077e-01 1.756536538401787528e-01
5.134639659396325606e-02 1.902102026520022804e-01 5.828736792446652659e-01 1.916365156660452818e-01
4.888273904505930495e-02 1.917271835239793554e-01 5.557257951750935732e-01 1.931522998772612632e-01
4.733466983011432039e-02 1.995691220913172470e-01 5.731166730253410835e-01 2.063503527180621799e-01
5.096895469084722352e-02 1.838038407539736574e-01 5.493107690966663181e-01 1.718106435543534372e-01
4.762908512385900101e-02 1.924379228006966591e-01 5.687272258263440516e-01 1.837268129816471141e-01
4.630664286539113578e-02 1.858230242514437580e-01 5.576462560503109289e-01 1.928085283134895189e-01
4.923929904997093043e-02 1.976786352064198171e-01 5.515281148492151564e-01 1.909900214398707607e-01
4.985911578384309706e-02 1.994221559009984601e-01 5.489989191220264741e-01 1.915748676152933261e-01
5.101685927061268971e-02 2.036165624803976393e-01 5.186373385903160216e-01 1.907327270351139026e-01
5.160607745640724553e-02 1.901187740752906807e-01 5.099436953348678303e-01 1.995217728257470124e-01
4.620310599312954514e-02 1.886355139896086219e-01 5.182354426900785960e-01 1.890500863774604023e-01
5.315370030695178161e-02 2.007213525100506046e-01 5.234877321466484545e-01 1.926858861596707495e-01
4.842946591594015499e-02 1.859315091752925253e-01 4.945999674555418557e-01 1.982373161236759551e-01
5.094635585617975776e-02 1.995352412923880880e-01 5.348484298699994755e-01 1.958571361808300604e-01
4.809350408502374719e-02 2.008077324152536536e-01 4.882737525991873717e-01 1.842622000805302640e-01
5.201995006252433523e-02 1.746535174245552602e-01 5.062835604918016763e-01 1.925762093009500686e-01
4.810061893848165820e-02 1.942548424676975305e-01 5.270078758041309985e-01 1.841619148282320206e-01
4.896097570807134841e-02 1.841345297413652105e-01 5.689528552696779817e-01 1.918436239076124761e-01
4.724695597619827520e-02 1.953349910718295557e-01 4.879323764698466626e-01 1.936442346494217925e-01
4.808555456164637087e-02 1.942490497191806109e-01 5.173883380252833897e-01 1.929301333251958739e-01
4.586007874935512513e-02 2.027761451704299667e-01 5.170833641332768238e-01 1.961508088954559692e-01
5.067928787661457601e-02 1.912167094652585664e-01 4.811005456184643259e-01 1.940553468273831517e-01
4.872815483200387821e-02 2.075182133301062548e-01 5.530444808192949147e-01 1.850280295638036532e-01
4.865318655398841174e-02 1.973307864561563429e-01 5.056163883546525017e-01 1.899028974970881078e-01
4.823070886036114752e-02 2.053544658276401091e-01 5.053351388762896690e-01 1.950651308617592783e-01
4.869870468837970284e-02 1.892184283254093324e-01 5.258863956497099590e-01 1.874146438629723521e-01
5.022731225023408658e-02 1.945584723025364782e-01 5.106962922524741488e-01 1.808380662258756433e-01
4.909135308165881589e-02 1.850292657082945047e-01 5.057821106268839406e-01 1.976265947972620229e-01
4.773213297496189944e-02 1.874300973159140071e-01 5.081062412404984130e-01 1.929119677286801060e-01
4.884735205245057527e-02 2.004450603571503176e-01 5.097967001963755740e-01 1.886527254418094435e-01
4.920906406031488184e-02 2.057449158136417100e-01 5.319293511297804589e-01 1.992517760710959540e-01
5.205556895753912089e-02 1.966096170211953653e-01 5.148270024968690795e-01 1.778524848955986282e-01
4.875875529584487722e-02 1.703643226852850912e-01 5.196856119233641547e-01 1.997445337039373825e-01
5.064674889230075250e-02 1.995461044836557840e-01 5.004809781931595092e-01 1.908597774271199310e-01
4.789464084799871513e-02 1.914142200177639530e-01 4.921867369330641950e-01 1.872888075301351318e-01
4.874785052671263413e-02 1.931366535158991204e-01 5.163499156246995625e-01 1.944308180434523581e-01
5.021896196602940177e-02 1.907955313250966345e-01 5.295354214037424345e-01 1.933028865869803048e-01
5.314445382953420643e-02 1.892838516549800176e-01 5.001027411272896961e-01 2.036070555948645000e-01
5.093577473954906398e-02 1.907353908476296378e-01 4.840961360699149729e-01 1.928494981718908707e-01
4.699983413182366732e-02 2.035594414383675999e-01 4.755421074612772303e-01 2.027001329181624123e-01
5.196605007637731394e-02 1.950615490110951533e-01 5.116299526626757466e-01 1.928995330350488646e-01
5.100253014081088110e-02 2.002234931848696775e-01 5.034279115852220432e-01 1.879353543450446029e-01
4.587738692931004475e-02 1.901496457361602777e-01 5.150334613370964876e-01 1.951844983937224554e-01
4.875147933117569138e-02 1.987547141690461372e-01 5.113462168720794843e-01 1.990672368760334765e-01
5.079915410500059070e-02 1.925277080104164651e-01 5.068443312385412236e-01 1.905856941874460031e-01
5.061911678609353621e-02 1.941415381115165206e-01 5.091746157649578164e-01 1.857191587426093027e-01
4.877497449421352993e-02 1.969064247081293295e-01 5.051087395206133035e-01 2.030179426653194175e-01
4.605888924780187493e-02 2.033692044865884341e-01 5.126611393388095239e-01 1.872820116733273643e-01
5.099405381273492549e-02 1.946445859716235960e-01 4.958991149438438106e-01 2.041095819356271712e-01
5.232571885355885577e-02 1.883388325875806624e-01 5.085465514738579662e-01 1.835661916515189673e-01
4.852772682390441017e-02 1.844508180287854626e-01 5.329549735120954201e-01 2.002774324160339348e-01
5.089462918258397944e-02 1.871887669890438533e-01 5.064163893742152922e-01 1.789173712433150265e-01
4.829373500295527921e-02 1.854574407207333908e-01 5.042246380491675062e-01 1.863824644141431064e-01
4.805365933073525719e-02 1.976234917462735274e-01 5.102757861080131629e-01 1.916213271604167434e-01
5.169502770611784925e-02 1.830251915036834043e-01 5.320716180223593605e-01 1.836834487599728893e-01
4.763367969400518487e-02 1.901215239748055563e-01 5.033819645997901215e-01 1.818256573003485532e-01
4.618951644613727286e-02 1.898339951134755954e-01 4.949291046239170933e-01 2.033706378372487911e-01
4.968155085573731228e-02 1.855402342746046707e-01 5.252398735269193653e-01 1.942096926453091288e-01
4.819130442718728979e-02 1.905267801006362005e-01 4.937163671143781074e-01 1.965751513382391069e-01
4.769053775918481730e-02 1.887678909871107480e-01 5.017697202086530694e-01 1.903142915188502926e-01
4.887980882578975977e-02 1.818163024209616674e-01 5.128724312842772859e-01 1.967700341172554657e-01
4.643571449241232912e-02 1.823923455449735775e-01 5.355332989998677906e-01 1.881611414835955010e-01
5.320767117975851862e-02 1.948172018618284929e-01 4.870720716636173231e-01 1.954185295765873409e-01
4.742011503395395650e-02 1.907316850708724032e-01 5.112006517946020567e-01 1.862614671764231122e-01
4.657381901016760528e-02 2.010197434177065645e-01 5.131288877332728093e-01 1.761751620555537801e-01
4.948318698796346643e-02 2.002750845511188371e-01 4.925397552854444694e-01 1.877421201938086759e-01
4.937430305033196909e-02 1.865661446477743235e-01 4.914663179993298825e-01 1.900737285946207944e-01
4.963351036172170688e-02 2.023089353299141191e-01 5.151268449456727350e-01 1.815846612644998470e-01
5.272184691687627905e-02 1.895948296985090209e-01 5.192227032935355924e-01 1.898005160906595934e-01
4.605868957522209206e-02 1.884411355933514609e-01 5.167483123379144061e-01 1.969237168518562509e-01
4.994431005617457064e-02 1.890327153822624062e-01 5.412819440851668329e-01 1.864242662064561906e-01
5.332753711208023523e-02 1.930254088910943189e-01 5.346324219494581476e-01 1.884157028265392442e-01
5.001697095292186729e-02 1.907267069833045170e-01 5.143309609449449038e-01 1.960639487678612625e-01
5.165043196477273058e-02 1.860773484985030202e-01 4.791352003971501294e-01 1.875998635657969149e-01
4.838497499814473773e-02 1.951276386060480927e-01 5.278266009648863166e-01 1.826932360282509937e-01
5.092199225157649500e-02 1.926648377816660984e-01 5.222278924948136059e-01 1.915932357050431911e-01
4.706760226982958234e-02 1.914547033051210156e-01 4.952624889670247388e-01 1.970715055975304220e-01
5.126505722702116158e-02 2.027425911930885727e-01 5.365476686474146550e-01 1.880780395587421105e-01
4.693737941559367882e-02 1.876961927350169757e-01 4.969277164287024262e-01 1.890235426877326097e-01
4.892583429806499767e-02 1.949181010703093520e-01 5.255584237562133110e-01 1.909143049502187994e-01
5.047210120488796609e-02 1.907080470479642076e-01 5.006624053150199316e-01 1.917216332538168033e-01
4.990077393051511184e-02 1.868682693202751988e-01 5.233314698361163364e-01 1.913532196886137404e-01
4.998269425111524777e-02 1.871102349037146728e-01 5.081794595221578170e-01 1.920994066501573172e-01
4.979134899845265305e-02 1.769140409127723801e-01 5.294930503987054227e-01 1.862852955391600396e-01
4.421533564724025589e-02 1.927594164836450852e-01 5.215704039033713935e-01 2.069607928955216336e-01
4.837485186281098581e-02 1.968218222871921941e-01 5.200793514525876571e-01 1.960816389238766166e-01
4.977576802450749821e-02 1.870151702834736696e-01 4.900407894447453838e-01 1.937940407017835764e-01
4.768371686232037582e-02 1.947855108331894847e-01 5.117160475568129918e-01 2.016289940159590177e-01
4.877885260602075196e-02 1.962756733725641856e-01 5.123708698948845619e-01 1.919010783725826896e-01
4.790895406076493140e-02 1.782913794178929701e-01 5.152087129621187866e-01 1.970038855895648033e-01
5.062759251675050254e-02 1.971800269630733238e-01 5.163748384928341650e-01 1.919306289397946508e-01
5.177951209475189359e-02 1.870706832145846155e-01 5.369727883339620034e-01 1.846953260892604531e-01
4.915814632946222812e-02 2.014121480876959192e-01 4.907071847688265209e-01 1.898396084653883875e-01
5.079119738069699103e-02 1.977036757078231011e-01 4.968540297634562730e-01 1.954678544033613963e-01
4.821610689168609465e-02 1.937718265243388027e-01 4.533362705664965575e-01 1.989798815072063853e-01
4.544669110171910970e-02 1.909754966272866061e-01 5.216591725114869682e-01 1.996555195707668540e-01
4.956708727496823147e-02 1.805467728030873409e-01 5.439284224781066879e-01 1.889970364975396000e-01
5.022887197864930181e-02 1.858665592857792204e-01 5.220448856536124005e-01 1.798190791674726952e-01
5.093457800938299557e-02 1.900647739618588072e-01 5.042329278468002940e-01 1.936637613244850398e-01
4.828696122961165238e-02 1.884952455441837593e-01 5.140782970544242048e-01 1.943027778775463510e-01
4.611661120699839245e-02 2.097419297901900181e-01 5.451886982327589504e-01 1.982291391702528105e-01
4.876160055999931991e-02 1.972858002709495240e-01 5.185827752959603076e-01 1.882072205048584967e-01
5.234089973100086030e-02 2.088353006083454588e-01 5.041025341715620334e-01 1.921067650657518333e-01
5.178915120968249908e-02 1.867876962844196298e-01 5.218267406187010460e-01 1.837762166362855720e-01
4.831531754133686768e-02 1.976457800272053145e-01 5.039866767822416271e-01 1.894971984293902789e-01
5.048229875914799630e-02 1.864746438979300869e-01 5.155078901904278643e-01 1.989463633536846243e-01
5.138119388295341733e-02 1.935132718983449684e-01 4.645311440428236405e-01 1.865315935195431818e-01
4.984740664122577769e-02 1.850648867847299039e-01 5.253043067772757979e-01 1.676179661007510535e-01
4.653184077584601036e-02 2.045480855203405113e-01 4.940793392599543976e-01 1.893374606997402509e-01
4.905147241166724764e-02 1.971287867447615028e-01 4.971513226183263967e-01 1.984611168033307838e-01
4.781404916070537692e-02 1.864536663932463700e-01 5.494712824624238268e-01 1.884467375195673089e-01
5.206849273487272611e-02 2.116391261870356477e-01 5.007114284939486737e-01 2.132635631532334708e-01
5.174005225859896334e-02 1.925393261595880756e-01 4.838824371023392468e-01 2.049125015575482545e-01
4.837095689343715033e-02 2.023534507547978256e-01 4.861416161341011177e-01 2.007581984406724418e-01
5.061809617495540564e-02 1.974260992614359778e-01 4.531009097347476478e-01 1.877155210358509851e-01
4.577101496863902885e-02 1.992403414833732733e-01 3.953295769520337455e-01 1.980512609599053842e-01
5.059166409361860045e-02 1.950703905656630543e-01 4.140318220385125758e-01 2.054999685705483636e-01
4.929201623827797474e-02 1.884132413081084922e-01 3.917616551769440014e-01 1.919965949349713985e-01
4.922204652904779709e-02 1.958728461068139637e-01 4.124363451331402031e-01 1.954403237951641004e-01
4.780692240734467358e-02 1.885152973678480004e-01 4.260512976990047385e-01 1.881434117112481541e-01
4.990342850882931169e-02 1.882576880629234506e-01 3.950496305806711073e-01 1.957955394767831037e-01
5.046117852520385499e-02 2.058174378183758590e-01 3.002073703887735423e-01 1.987779771872063006e-01
5.249237268216791485e-02 1.911735126007581831e-01 2.936741578625537419e-01 2.029515738315842976e-01
5.041867959957922751e-02 1.992522940388583019e-01 3.133545833886842713e-01 1.969665732767397481e-01
5.169865857954128452e-02 1.937926274170729546e-01 3.114935958954752060e-01 1.964122576092345029e-01
5.446162534269246430e-02 2.015031209751598218e-01 3.115812367462040822e-01 1.936555827840824584e-01
5.284471420061864072e-02 1.925321422914231806e-01 3.253184404291446508e-01 1.848751457694750577e-01
4.751244658914983293e-02 1.983788414283281787e-01 3.100251051518776446e-01 1.863036846891110987e-01
5.044893342010189907e-02 1.991962717815223272e-01 3.215206361399349788e-01 2.027913827342897046e-01
4.851897282547910223e-02 1.841655818285416746e-01 2.815329484138375249e-01 1.961549194714555799e-01
4.907091494430625145e-02 1.801805349836677062e-01 3.017684680076113124e-01 1.886073038128508739e-01
5.311724314936182301e-02 1.826832442121662514e-01 3.129714473345553971e-01 1.871711773098343745e-01
5.114798802329061783e-02 1.943350124610485341e-01 2.898771856016854054e-01 1.941816945825050045e-01
5.226948133464836416e-02 2.034721592980425764e-01 3.017501479020506805e-01 1.950805731452133207e-01
5.629465001533665025e-02 1.895571427392075958e-01 1.773714000003836222e-01 1.949380930392738687e-01
5.499603206514636078e-02 1.843246983652938598e-01 1.728619020404255080e-01 1.958293252528496564e-01
4.938226512779206323e-02 1.913080806941863665e-01 1.828429928241877278e-01 1.953358964905121120e-01
5.231118838030335283e-02 1.919227224265913911e-01 1.696898352770430662e-01 1.995144623759201874e-01
4.888356398488249988e-02 1.782469815029455451e-01 1.725260655951700861e-01 1.898702103552259435e-01
5.574792094745451010e-02 2.036475171545981122e-01 1.618933128207963035e-01 1.896477912753980755e-01
5.190534447726330436e-02 1.919599781389142168e-01 1.659083642928637359e-01 1.892531919059841083e-01
5.228090500510416960e-02 2.009594791876042064e-01 1.387282360528747649e-01 1.891506287635017769e-01
5.086750035608946646e-02 1.913690116750175751e-01 1.472038204621229640e-01 1.915487140717454795e-01
4.852261893025182349e-02 1.908715089282678190e-01 1.363766108250907272e-01 1.826574147734905951e-01
4.964740651318994696e-02 1.938461255229372016e-01 1.558800381746646146e-01 1.882962312644395897e-01
5.072102555766484083e-02 1.900166536608015877e-01 1.400237893199062222e-01 1.765901434175468909e-01
5.344737870269262309e-02 1.859616906528700764e-01 1.298849518048151019e-01 1.896146598261464478e-01
5.145627266470570449e-02 1.783324219749170825e-01 1.231454787850684712e-01 1.978905094812910825e-01
5.318643019830224944e-02 1.995001841689133804e-01 1.092209791102010386e-01 1.976598019157488062e-01
5.290670612200918527e-02 1.941785322005307735e-01 1.240142673245047261e-01 1.930956986417914079e-01
5.381550246170452301e-02 1.824275092558129696e-01 1.255175933728720772e-01 1.964542716109774489e-01
5.243802236881552059e-02 1.869521007624682374e-01 1.173441959489057995e-01 1.952845227411232620e-01
5.355037911734292222e-02 1.797367569935031939e-01 1.225560159670342764e-01 1.976418825335536644e-01
5.379324305360091985e-02 1.949927307841365365e-01 1.224601516863160905e-01 1.884725276265152849e-01
5.027240489850064858e-02 1.928505396860162868e-01 1.334424303632862074e-01 2.076280491485991420e-01
4.944131935520863774e-02 1.848148414023869923e-01 7.637585701250372561e-02 1.942065459473776012e-01
5.325798733531675322e-02 1.948741349094392783e-01 8.899081200373366862e-02 1.934489733337817763e-01
5.108171011004734863e-02 1.821997477911496133e-01 8.265045163361421643e-02 1.993820900531538820e-01
5.166479081819905922e-02 1.979271194514163612e-01 8.866310621140249815e-02 1.852656723369030811e-01
5.163220099204057084e-02 1.844415838713714673e-01 8.633271132123650216e-02 1.808330319617618143e-01
5.157266415306331619e-02 1.867713801130210238e-01 8.962482088154186122e-02 2.027371890694650569e-01
5.185966120015484543e-02 1.778022922664251326e-01 8.639861118910888149e-02 1.952461823168864241e-01
5.399557413575619552e-02 1.851946589118181885e-01 8.164726969166008486e-02 2.016438530529328088e-01
5.235012329222673427e-02 1.881476740755076149e-01 7.805113745582974161e-02 1.927552014431245797e-01
5.146652875910782271e-02 1.922349371485860547e-01 7.401807493695486406e-02 1.946805726656441471e-01
4.838189663993067852e-02 1.795324013497048010e-01 8.065538790190318608e-02 2.047975882236874046e-01
4.996786963752270633e-02 1.871385460463425576e-01 7.901011356551247700e-02 1.974650705835151454e-01
4.890956789627884382e-02 1.976371076182573683e-01 7.758719783780830548e-02 1.935511724307195924e-01
5.499897544638743946e-02 1.798206512687466341e-01 7.387760781636447394e-02 1.949709793950352432e-01
5.258667240337086546e-02 1.897747244535076261e-01 7.652844567890505767e-02 1.826331007717153510e-01
4.999794533531590202e-02 1.857756265010689634e-01 7.646816988682833549e-02 2.081114912330968569e-01
5.142168626758497618e-02 1.894089579976386828e-01 7.773467440438275311e-02 1.959675938415615104e-01
5.351659123390523770e-02 1.808972793216613029e-01 7.949974091292601186e-02 1.921578736240944218e-01
5.113941649673665879e-02 1.844494756699358307e-01 8.170776056367730356e-02 2.035288816084454000e-01
5.121755244375068156e-02 1.899986585582900123e-01 7.773407256012138111e-02 1.897113365394011986e-01
4.845247376782586129e-02 1.872616924388748050e-01 8.013146044240032628e-02 1.913854920146393912e-01
5.210594590949605559e-02 1.809432030195790853e-01 7.728923560296471762e-02 1.896423996897331765e-01
5.345834469857990712e-02 1.866258076443171599e-01 7.770331343459140061e-02 1.992444087172366707e-01
5.133734887250884782e-02 1.882739069797567111e-01 8.241174805054740649e-02 1.868859855968359462e-01
5.048396536417595198e-02 1.856462213024235586e-01 7.538579946291194822e-02 2.051970993133054866e-01
5.115089569189549407e-02 1.952908613683405903e-01 7.289932750379340964e-02 2.063640827897597618e-01
5.124911034553187444e-02 1.921955590296977601e-01 7.826394075167329711e-02 2.019849297837975621e-01
5.013826313747973829e-02 1.799764311773311143e-01 8.249862038471149350e-02 1.913777661678746911e-01
5.237109217565952268e-02 1.811705909549658489e-01 7.551257208313824631e-02 1.821493833582973065e-01
5.038197443855360613e-02 1.871097063604733601e-01 8.322649820265168308e-02 1.854346951768613694e-01
4.988194070582481487e-02 1.834336850176104539e-01 7.946081134493099274e-02 2.023141466265880595e-01
5.769722444944017092e-02 1.913967595631351770e-01 7.470522164559849354e-02 2.016948869090882390e-01
5.219072098170177837e-02 1.891324055782774849e-01 7.900586539278998954e-02 1.888571207393437701e-01
5.070703647393015601e-02 1.855638229418858920e-01 7.999270721722871735e-02 1.983047411814654326e-01
5.321460680116960745e-02 1.918802152901734892e-01 7.749640195688560496e-02 1.903903584208565813e-01
4.889781744124149093e-02 1.874472469576523304e-01 8.018396398966769201e-02 2.000790924926774961e-01
4.956407842006853304e-02 1.916619386911883327e-01 7.317819274984739553e-02 1.915364022495507634e-01
5.540844411631271754e-02 1.924729742405092980e-01 7.354520949222875803e-02 2.028770515429249299e-01
5.389686527241058234e-02 1.782647926407317229e-01 7.937592456067907309e-02 1.977557548919173236e-01
5.326251439627508605e-02 1.894627483440642912e-01 7.517975015038409758e-02 1.959451863333781241e-01
4.700358465196054908e-02 1.896996658932045277e-01 7.641333446734323298e-02 2.020187158590373289e-01
5.134341509629000710e-02 1.889333801451950623e-01 7.742492025523298182e-02 1.936291290316088931e-01
5.189300555668764636e-02 1.688138113440180721e-01 8.069955441312233468e-02 1.949554138241225143e-01
5.388939503148722221e-02 1.855781693561230072e-01 7.772863301538554537e-02 2.071984196144293910e-01
5.170470345788893279e-02 1.758670574142084941e-01 8.012726347878459943e-02 1.879110328017647158e-01
5.287474865634522042e-02 1.895027029287585929e-01 7.858396810068572769e-02 1.985361249077739476e-01
5.097011246157476944e-02 1.942926988771396246e-01 7.988562612257767148e-02 1.954526508553392772e-01
5.299862528640914699e-02 1.832573261712427959e-01 7.301795645738659579e-02 1.839752612823812583e-01
5.076798363167005917e-02 1.916638892717451859e-01 7.717997760262364226e-02 1.933063688876056896e-01
5.286407475794370481e-02 1.825724524106050184e-01 8.263753219224154178e-02 1.987646653095017368e-01
5.340339401239340561e-02 1.865435391336470183e-01 7.852278050447150659e-02 2.175789303366615079e-01
5.455337441534705012e-02 1.844562911887589474e-01 8.169392709619222037e-02 2.068761280409390502e-01
4.988801647976645603e-02 1.851536749235046797e-01 7.445152592729488428e-02 1.862839595385707980e-01
5.767290328575484099e-02 1.894911906335534080e-01 8.434649444589550904e-02 1.947952905199138995e-01
5.544985456470386681e-02 1.913629326407080000e-01 6.299098873293058898e-02 1.790586261690747527e-01
5.637816498880981325e-02 1.917548087514083510e-01 6.191534024041833034e-02 1.887916589221141639e-01
5.721352762927864322e-02 1.991006711971129162e-01 6.301259576495432668e-02 1.934548218612832104e-01
5.374920924455247467e-02 1.951751730401579676e-01 6.235815755582593128e-02 1.889048113366404436e-01
4.958063571753910936e-02 2.014179388414571170e-01 6.629262952053657787e-02 1.922069277192866577e-01
5.027765280305254714e-02 1.809548852075062442e-01 6.626773500359829649e-02 1.842609872812633054e-01
5.131997735305662139e-02 1.847933546608145905e-01 6.200601661799295949e-02 1.852333162735552985e-01
5.556876752214871817e-02 1.904743625670992091e-01 5.874593139700990535e-02 1.909587593300627328e-01
5.448926273946314014e-02 1.891127401370159278e-01 6.431754860196632617e-02 1.910743987880282879e-01
5.211052776326681457e-02 1.951809535757127456e-01 6.301330880151813363e-02 1.840469694774331533e-01
5.312231151170056925e-02 1.974109354967167607e-01 6.129608941706901626e-02 1.805714786431643348e-01
5.280107197988910539e-02 1.850821994275257676e-01 6.532911432232534066e-02 1.812647372769554399e-01
5.556706831917759132e-02 1.981704684216909762e-01 6.406294997052970619e-02 2.054445703665020162e-01
5.759771139749956387e-02 1.987023860681791099e-01 6.212997012643531325e-02 1.852422968358784228e-01
5.728029010682162553e-02 1.918801998181939306e-01 6.592641469373571039e-02 1.666083600711896762e-01
5.089598454313769976e-02 1.901555716257188888e-01 6.096307665592272385e-02 1.859893838770763363e-01
5.527919044970279472e-02 1.978461889380900840e-01 6.133113651732707144e-02 1.940045513158171475e-01
5.562125034409889229e-02 2.030094738133654264e-01 6.287473605070439953e-02 1.926174876959624305e-01
5.220817476278230562e-02 1.874937858523911538e-01 6.134071223333849993e-02 1.940352107641093726e-01
4.836477875555082739e-02 1.944317677347422724e-01 6.372272749873186815e-02 1.893373624901578123e-01
5.340978006293921332e-02 1.916347540063138011e-01 6.301610796252905822e-02 1.748769448629913514e-01
5.117973254254398752e-02 2.037953623259718960e-01 5.814973278436532528e-02 1.897426676990774663e-01
5.467206978189684957e-02 2.070688591409314272e-01 6.123474228671902525e-02 1.767579905136080209e-01
5.186488182149635862e-02 2.026716308333841865e-01 5.980041377778158584e-02 1.885308504026864396e-01
5.201455153535766013e-02 1.886143096883549086e-01 5.717537851666974758e-02 1.941762550921740937e-01
5.523678880524952872e-02 1.842365615279078217e-01 6.197479864709616593e-02 1.774890643778730681e-01
5.433090148129060548e-02 1.901873828898957286e-01 5.870984650600826610e-02 1.847598854459253093e-01
5.295713921817302855e-02 1.918716973288898953e-01 6.795625935081094082e-02 1.816031386191678809e-01
5.138019879227793268e-02 1.862645555777602546e-01 6.170971783535397770e-02 1.764665334059807300e-01
5.517820276564183724e-02 1.805225195554275019e-01 6.706080523943695748e-02 1.899986558046737606e-01
5.433074588414240486e-02 1.963253809191566890e-01 6.414544308012722074e-02 1.977914886792801752e-01
5.438628439849658297e-02 1.989899196445509277e-01 6.074364876073333475e-02 1.878275908573560637e-01
5.246063781330153469e-02 1.844207496070063568e-01 6.561837321106452070e-02 1.815436859514207857e-01
5.701584725023743638e-02 1.906376523182385374e-01 6.070262660788704190e-02 1.902693272841372851e-01
5.731610049770081983e-02 1.875936487665553210e-01 6.268108371478360585e-02 1.881182148545013921e-01
5.457043396774912541e-02 1.912829376120533942e-01 6.404978639231842519e-02 1.787085517941254253e-01
5.282808042675003757e-02 1.938137468834609523e-01 6.677435072472834299e-02 1.784178239202645067e-01
5.561495972766533624e-02 1.991239810798597909e-01 6.606527468437330131e-02 1.845984976289556101e-01
5.379824349819463392e-02 1.870002909901601895e-01 6.267793902560282737e-02 1.830749268973139998e-01
5.344293187391114391e-02 1.893141491021456124e-01 6.063164564400905926e-02 1.919478439578903572e-01
5.570414601492746504e-02 1.911107444509001496e-01 6.358520591122276966e-02 1.997067692721345711e-01
5.385593735612375504e-02 1.936865526843671581e-01 5.931821718496891466e-02 1.845499828602874259e-01
5.264493832058103617e-02 1.813719706362940109e-01 6.285304419721669811e-02 1.877839205252870847e-01
4.914937490235180700e-02 1.865324603744806797e-01 6.234121673485796405e-02 1.846503129201363669e-01
5.197464856710251602e-02 2.003580292075481661e-01 5.990722956811132816e-02 1.811421629047198778e-01
5.266481981949779068e-02 1.824634917163122372e-01 6.657995163678748218e-02 1.828434570738191600e-01
5.088995602323462958e-02 2.107807272671510801e-01 6.189536687171450641e-02 1.850092249679086975e-01
5.469685196496825580e-02 1.990436794132748877e-01 6.245222879967796126e-02 1.903232314425319094e-01
5.596371310296615470e-02 1.904408524446788709e-01 6.215306433940911979e-02 2.105996296451354277e-01
5.346902341636032563e-02 1.982358338419095145e-01 6.490775021996840477e-02 1.867921444792237373e-01
5.373253137206970148e-02 2.075864318080603843e-01 6.619414277208186814e-02 1.846394106771410137e-01
5.185475142503413737e-02 1.921503246180247537e-01 6.409918077388279678e-02 2.074010252224909034e-01
5.385299816856472382e-02 1.888291029985319502e-01 6.569756394771479602e-02 1.942483052405299393e-01
5.214109361264829268e-02 1.956105426214006793e-01 6.268419167202220199e-02 1.911355968652653226e-01
5.623066187703337770e-02 1.909665336235061850e-01 6.477029813525994606e-02 1.869749054683088052e-01
5.149770014704096316e-02 1.815511374707656500e-01 6.134773839530131140e-02 1.988896128670193386e-01
4.920632020349128416e-02 1.956651950654712258e-01 5.807309444567660545e-02 1.782432403979868907e-01
5.505070925503722373e-02 1.833008501896755404e-01 6.620984628189514887e-02 1.851029616944181444e-01
4.902598811083340447e-02 1.895547752076326697e-01 5.880806494914624788e-02 1.860428123043107451e-01
5.111746545736125386e-02 2.045828488926781374e-01 6.148902398912027556e-02 1.853132338206235907e-01
5.059097847527567471e-02 1.803730415234733320e-01 6.344140366184063129e-02 1.922591472681550728e-01
5.463559366289580388e-02 1.785956838735471841e-01 6.403623881334102874e-02 1.993086457496193176e-01
5.298410473368074525e-02 1.962718847836266711e-01 6.214848661885535863e-02 1.832815470716100681e-01
5.252575737488606594e-02 2.018963960598315066e-01 6.463156841222457427e-02 1.851382946695604714e-01
5.316530202774462366e-02 2.091212496035870227e-01 6.390626691044390406e-02 1.855899406701254084e-01
5.738188456125923459e-02 1.955724912097301926e-01 6.402618747721039449e-02 1.892096972416506817e-01
5.366383762293099047e-02 1.940032081467906455e-01 6.579394286502515676e-02 1.988211953555270584e-01
5.367593079365128722e-02 1.961091158703170134e-01 6.424084252917942883e-02 1.818475632803190634e-01
5.430502630592822649e-02 1.800725657761466092e-01 6.181895260296691591e-02 1.950591525226429701e-01
5.280782089811922320e-02 1.845527123591069740e-01 6.080094313614212154e-02 1.858961476518605493e-01
5.115696894816243456e-02 1.874419660706968527e-01 5.909828473990570014e-02 1.824932258024531684e-01
5.421367514640022117e-02 1.912196437746903344e-01 6.066505728150436982e-02 1.859837231252068623e-01
5.341134032200597903e-02 1.818662008092622184e-01 6.356928776915858614e-02 1.843959927103132057e-01
5.366177136933047986e-02 1.896836364076115722e-01 6.341276115418501003e-02 1.804773174365954802e-01
5.448606040046737736e-02 1.842844636832531857e-01 6.247172124525976478e-02 1.782099602232007363e-01
5.377733430866562386e-02 1.842598596206929673e-01 6.157101114002193343e-02 1.793878679580276081e-01
5.193953326419174094e-02 1.905148420320061653e-01 6.721622766337526089e-02 1.961855569351954598e-01
5.234252222918656106e-02 2.044176215152850307e-01 6.567779329735294602e-02 1.873428285607144084e-01
5.584310711195521193e-02 2.003823756352157981e-01 5.977672337419667054e-02 1.816241842810941143e-01
5.088297102103894048e-02 1.893175065818653025e-01 6.173377438708366194e-02 1.766817702363193410e-01
5.229255063594138303e-02 1.828957660709505106e-01 6.411143934745319739e-02 1.840364833175652526e-01
5.125977369982862020e-02 1.954011397725737564e-01 6.753014736597676149e-02 1.744126732037042937e-01
5.089279071847821467e-02 2.013536735632504848e-01 6.214063425557072445e-02 1.842708100127533333e-01
5.381938044380110003e-02 1.861773991832196551e-01 6.311387085345784853e-02 1.896969167948736879e-01
5.921271299324272486e-02 1.945094702924870800e-01 6.126197035057336093e-02 1.924113674001050878e-01
5.345642952098393630e-02 1.967660545065709476e-01 6.017669122999635967e-02 1.879117291004770984e-01
5.366374975565175315e-02 1.894662490977808700e-01 6.848144009835492596e-02 1.810095068295933529e-01
5.081654079744192531e-02 1.872133706377306084e-01 6.003126072213078174e-02 1.884661626286008862e-01
5.314426746092985876e-02 1.944483948543660468e-01 6.390798063571581644e-02 1.767940838873311715e-01
4.893190658756235017e-02 1.998392739214851777e-01 6.512741828665226385e-02 1.960033416732214484e-01
5.108991517019299128e-02 1.995982877472839145e-01 6.421994258243346465e-02 2.006216535995813954e-01
5.133613680883455932e-02 1.879813592791100274e-01 6.298930468813196404e-02 1.822431033564252401e-01
4.661976075034339473e-02 1.886612633062870192e-01 6.776290678519192312e-02 1.872102519558431766e-01
5.220201169819077558e-02 1.878748618682644644e-01 6.269155996879537118e-02 1.839035010434431072e-01
5.179425730418552726e-02 1.983677304145892439e-01 6.463048781100494411e-02 1.789156796427912033e-01
5.336621068976239723e-02 1.903379974817850095e-01 5.885569925454143397e-02 1.959945874230508145e-01
4.898224580937346473e-02 1.983505120805574284e-01 6.650969912651287508e-02 1.888307901308571568e-01
4.829816134749435191e-02 1.982209916705839903e-01 6.523877894861604410e-02 1.975638792544653355e-01
5.082961526055605056e-02 1.957893387034544130e-01 6.354348993126258949e-02 1.806152986617699796e-01
5.021726909098059993e-02 1.929655138201606668e-01 6.846170824647462849e-02 1.955422999398049588e-01
5.119669387919158210e-02 1.972215758735788027e-01 6.260442095947667263e-02 1.934320839057822872e-01
5.188742887434300011e-02 1.932050886777593457e-01 6.540125379995201382e-02 1.729825850079961813e-01
4.984196317474746951e-02 1.998831752488254565e-01 6.317772065931917536e-02 1.955925252863449926e-01
5.031959423750959753e-02 1.928970853830376808e-01 6.467396310450154728e-02 1.815553590900274850e-01
5.027250764170592551e-02 2.023429414379588620e-01 6.235792419398800135e-02 1.937506471613398285e-01
5.386599630826153368e-02 1.990205558269770025e-01 6.564010402620459872e-02 1.766642209969330746e-01
5.047784024815344522e-02 1.921376105724107441e-01 6.590049567962991128e-02 1.831131645109196904e-01
5.064207210129300502e-02 2.004420935775060586e-01 6.266742389288718074e-02 1.900770205386692335e-01
5.068099667017325616e-02 2.020965075161271773e-01 6.602324933021795628e-02 1.837812181539655032e-01
5.284738946570431001e-02 2.041817773179279705e-01 6.426270575248504979e-02 1.807790558539547066e-01
5.363677924870691172e-02 1.908967477369907517e-01 6.762674453908117111e-02 1.888962007749294125e-01
5.317899120755734121e-02 1.854073569930698162e-01 6.276114771825049010e-02 1.950746140315162414e-01
5.518746599493268290e-02 1.957925549446347391e-01 6.249429019310168143e-02 1.896187632651092914e-01
5.241184802717915869e-02 1.995225732066521762e-01 6.248892600762402660e-02 1.791870847376050291e-01
5.092913955894006611e-02 1.909191017981000937e-01 5.984527035363220587e-02 1.894206650520481872e-01
5.166280584958794081e-02 1.860752901442410401e-01 6.078022452092813471e-02 1.988439358281054448e-01
5.272223493784563425e-02 1.962151117092414410e-01 6.427429482393666460e-02 1.820779960794521313e-01
5.569248481030178444e-02 1.798580505854735778e-01 5.918811556670990764e-02 1.807750890943568556e-01
5.350154724266471123e-02 1.905951239662578289e-01 6.584308779678253731e-02 1.824078905938878448e-01
4.817266858407636548e-02 1.964486140425320826e-01 6.609081385105793072e-02 1.799587175336382905e-01
5.204467557025710400e-02 1.946735068375214650e-01 6.673193336721336411e-02 1.767886571761147774e-01
5.279706049347053509e-02 1.901382180097290209e-01 5.994653738033042800e-02 1.949238349370058521e-01
5.124137173199085071e-02 1.916494229857579334e-01 6.891126299710031988e-02 1.798308776416308874e-01
5.045501786712327380e-02 1.799214621898343747e-01 6.399255239711700016e-02 1.843247689357059571e-01
5.322404678570246545e-02 2.015204392133360667e-01 6.660560482174324171e-02 1.807295125711350647e-01
4.882986730439015793e-02 2.003604410323278073e-01 6.520828341000738104e-02 1.819061714790583262e-01
5.422251622547303446e-02 1.971317754456322069e-01 6.256970377628118252e-02 1.930974185046018254e-01
5.107992811901269914e-02 1.968373725963771526e-01 6.304235136826347174e-02 1.836130944056041103e-01
5.348683070366716530e-02 1.927192510048195417e-01 6.543030847507866343e-02 1.958214176510352234e-01
5.356063440964742295e-02 1.928109667907715874e-01 6.579286874748109526e-02 1.762084435293640450e-01
5.035710023904086535e-02 1.890753405038089197e-01 6.536217759062531996e-02 1.891047485354753754e-01
