8.583838550414553481e+01 2.278566945772967074e+02 7.138399320176772308e+05 4.948870698154530032e+02
9.634869420729282297e+01 2.228129004752781555e+02 6.871517370621664450e+05 5.120975317196295009e+02
9.634869420729282297e+01 2.228129004752781555e+02 6.871517370621664450e+05 5.120975317196295009e+02
8.683183253018910364e+01 2.267208851595245278e+02 6.265262363530498696e+05 5.013688619928065577e+02
8.416953575884156180e+01 2.298755234506228078e+02 6.270750623303061584e+05 4.923866497055292939e+02
7.547848276500026543e+01 2.649133291841055211e+02 5.927801693989015184e+05 4.802810336417171584e+02
7.469459018217965252e+01 2.617921529007085155e+02 5.736440870875000255e+05 4.793367971329986972e+02
7.494429237486372131e+01 2.637387725850588254e+02 5.645670133939392399e+05 4.766274363731075141e+02
7.469751105136609226e+01 2.507587868040591559e+02 4.808557386283710948e+05 4.818433434832552962e+02
7.085500338608903803e+01 2.361580209687983256e+02 4.288056286973055103e+05 4.633837058526834198e+02
6.807755736902612398e+01 2.600358040504434598e+02 4.065176912127911928e+05 4.347556900531398583e+02
6.807755736902612398e+01 2.600358040504434598e+02 4.065176912127911928e+05 4.347556900531398583e+02
6.807755736902612398e+01 2.600358040504434598e+02 4.065176912127911928e+05 4.347556900531398583e+02
6.807755736902612398e+01 2.600358040504434598e+02 4.065176912127911928e+05 4.347556900531398583e+02
7.029653675742871144e+01 2.286060813529191478e+02 3.602859098573820083e+05 4.342449197802988579e+02
7.029653675742871144e+01 2.286060813529191478e+02 3.602859098573820083e+05 4.342449197802988579e+02
6.981510751040676155e+01 2.313461312556190990e+02 3.578260508307695854e+05 4.334003442116854785e+02
6.903224821088066676e+01 2.337334530522482510e+02 3.393369549551323871e+05 4.321646221315568823e+02
6.903224821088066676e+01 2.337334530522482510e+02 3.393369549551323871e+05 4.321646221315568823e+02
6.772167244436072053e+01 2.354670906136718145e+02 3.199419909039965132e+05 4.251951291821355312e+02
6.827091640942231265e+01 2.356307725369038337e+02 3.128542174237141153e+05 4.295572255680730791e+02
6.850358586625451096e+01 2.309252765624742949e+02 2.999118900213983143e+05 4.249538840608324222e+02
6.794879094820994681e+01 2.511807944020528964e+02 2.732646741507807747e+05 4.224601383290012677e+02
6.922326514121598962e+01 2.497835418068216882e+02 2.647288184413705603e+05 4.219149577096749795e+02
6.922326514121598962e+01 2.497835418068216882e+02 2.647288184413705603e+05 4.219149577096749795e+02
6.759519756643194910e+01 2.502321980988134840e+02 2.470732734181580017e+05 4.190297257069247507e+02
6.759519756643194910e+01 2.502321980988134840e+02 2.470732734181580017e+05 4.190297257069247507e+02
6.324989831817918429e+01 2.784030900090149316e+02 2.185856454730028927e+05 4.032177744686474625e+02
6.324989831817918429e+01 2.784030900090149316e+02 2.185856454730028927e+05 4.032177744686474625e+02
6.318723629804301112e+01 3.116753150507569217e+02 1.660134189304762695e+05 3.722575512267438285e+02
6.138614667072470610e+01 2.962158474662891763e+02 1.699004958420945331e+05 3.761801225944544171e+02
6.138614667072470610e+01 2.962158474662891763e+02 1.699004958420945331e+05 3.761801225944544171e+02
6.144186677350557346e+01 2.926831023472938682e+02 1.479426619846697722e+05 3.747124857859171243e+02
6.144205877232130319e+01 2.884965002916997605e+02 1.403197636080312368e+05 3.739516586424807087e+02
6.144205877232130319e+01 2.884965002916997605e+02 1.403197636080312368e+05 3.739516586424807087e+02
6.144205877232130319e+01 2.884965002916997605e+02 1.403197636080312368e+05 3.739516586424807087e+02
6.256656493969279609e+01 2.692202289738067975e+02 9.047346680295902479e+04 3.542590071415106081e+02
6.045469248752333158e+01 2.657187116136611280e+02 8.951458943765623553e+04 3.506347971256033134e+02
6.045469248752333158e+01 2.657187116136611280e+02 8.951458943765623553e+04 3.506347971256033134e+02
5.960247409416838593e+01 2.671396521109124933e+02 8.795598926750227110e+04 3.502800641017569774e+02
5.960247409416838593e+01 2.671396521109124933e+02 8.795598926750227110e+04 3.502800641017569774e+02
5.960247409416838593e+01 2.671396521109124933e+02 8.795598926750227110e+04 3.502800641017569774e+02
5.960247409416838593e+01 2.671396521109124933e+02 8.795598926750227110e+04 3.502800641017569774e+02
5.960247409416838593e+01 2.671396521109124933e+02 8.795598926750227110e+04 3.502800641017569774e+02
5.960247409416838593e+01 2.671396521109124933e+02 8.795598926750227110e+04 3.502800641017569774e+02
5.960247409416838593e+01 2.671396521109124933e+02 8.795598926750227110e+04 3.502800641017569774e+02
6.122956532590688994e+01 2.671918513024868957e+02 7.984806955798409763e+04 3.490318184326969799e+02
6.266851103975935189e+01 2.701344163746268805e+02 7.738637407204795454e+04 3.433552995173346858e+02
6.233084070658384945e+01 2.776843461350583198e+02 7.152941168912885769e+04 3.374258729394475722e+02
6.233084070658384945e+01 2.776843461350583198e+02 7.152941168912885769e+04 3.374258729394475722e+02
6.233084070658384945e+01 2.776843461350583198e+02 7.152941168912885769e+04 3.374258729394475722e+02
7.150305750719432751e+01 2.811323322251782884e+02 5.697988981295308622e+04 3.252448776475454224e+02
7.087595231978608012e+01 2.857524940634904169e+02 5.133059850187005941e+04 3.193855249456819365e+02
7.411158490145950850e+01 2.795875640788026431e+02 3.293428131329274038e+04 3.054223189855180181e+02
7.723470930309599680e+01 3.297675468303038429e+02 2.720454328276500382e+04 2.607588820006517381e+02
7.184316316500158450e+01 3.350875098194753718e+02 2.252962788219516005e+04 2.665325457812181185e+02
7.184316316500158450e+01 3.350875098194753718e+02 2.252962788219516005e+04 2.665325457812181185e+02
6.640593010745793379e+01 3.128529621592218177e+02 1.808475110022076115e+04 2.944340513152628205e+02
6.640593010745793379e+01 3.128529621592218177e+02 1.808475110022076115e+04 2.944340513152628205e+02
6.607487896519837989e+01 3.196494817246411344e+02 1.745269979359900026e+04 2.903668317108707697e+02
6.439131558146802092e+01 2.800046891463949237e+02 1.611115628160291271e+04 2.842917270973641735e+02
6.807536157879047778e+01 2.773933739409455939e+02 1.533595151661141608e+04 2.689266019807864723e+02
6.632616116928414840e+01 2.819909851151730322e+02 1.443269642693249625e+04 2.777055538783203588e+02
6.441094232827424548e+01 2.814437427981842461e+02 1.400374156598461195e+04 2.755848206795780015e+02
6.291387505032444949e+01 2.833599920100440954e+02 1.359464541429753081e+04 2.753561965397624931e+02
6.291387505032444949e+01 2.833599920100440954e+02 1.359464541429753081e+04 2.753561965397624931e+02
6.788316703409746822e+01 2.665876538429135394e+02 1.266366814301646991e+04 2.710282122943990544e+02
6.834239427000505884e+01 2.646048979816393398e+02 1.227493343717350217e+04 2.716681358710926588e+02
6.834239427000505884e+01 2.646048979816393398e+02 1.227493343717350217e+04 2.716681358710926588e+02
6.834239427000505884e+01 2.646048979816393398e+02 1.227493343717350217e+04 2.716681358710926588e+02
6.834239427000505884e+01 2.646048979816393398e+02 1.227493343717350217e+04 2.716681358710926588e+02
6.834239427000505884e+01 2.646048979816393398e+02 1.227493343717350217e+04 2.716681358710926588e+02
6.844373546687873500e+01 2.651583419558004948e+02 1.181254942304303222e+04 2.723886920031918066e+02
6.812138400397567750e+01 2.618027544631397063e+02 1.165357180001496454e+04 2.743346296484949676e+02
6.812138400397567750e+01 2.618027544631397063e+02 1.165357180001496454e+04 2.743346296484949676e+02
6.954221547492974764e+01 3.111153037979890428e+02 9.619701393487783207e+03 2.495297927986492539e+02
6.954221547492974764e+01 3.111153037979890428e+02 9.619701393487783207e+03 2.495297927986492539e+02
6.954221547492974764e+01 3.111153037979890428e+02 9.619701393487783207e+03 2.495297927986492539e+02
6.796234332492930719e+01 3.050705547394996415e+02 9.458650703620936838e+03 2.491723748548883464e+02
6.786449464597571080e+01 3.095954808054933096e+02 9.167698523742696125e+03 2.513594808600061583e+02
6.778980653163981174e+01 2.978327113796516983e+02 9.170081897779802603e+03 2.562530947881967336e+02
6.778980653163981174e+01 2.978327113796516983e+02 9.170081897779802603e+03 2.562530947881967336e+02
6.778980653163981174e+01 2.978327113796516983e+02 9.170081897779802603e+03 2.562530947881967336e+02
6.558243877600631322e+01 2.959420887159848803e+02 9.172356185753495083e+03 2.648549763816167797e+02
6.558243877600631322e+01 2.959420887159848803e+02 9.172356185753495083e+03 2.648549763816167797e+02
6.572073849070928020e+01 2.958144872900697919e+02 8.901113600010106893e+03 2.652993090708017689e+02
6.572073849070928020e+01 2.958144872900697919e+02 8.901113600010106893e+03 2.652993090708017689e+02
6.631407285958462694e+01 2.952322061764062369e+02 8.734819732206620756e+03 2.643067489508543417e+02
6.631407285958462694e+01 2.952322061764062369e+02 8.734819732206620756e+03 2.643067489508543417e+02
6.631407285958462694e+01 2.952322061764062369e+02 8.734819732206620756e+03 2.643067489508543417e+02
6.631407285958462694e+01 2.952322061764062369e+02 8.734819732206620756e+03 2.643067489508543417e+02
6.631407285958462694e+01 2.952322061764062369e+02 8.734819732206620756e+03 2.643067489508543417e+02
6.717361916142043299e+01 2.947409842789333538e+02 8.546236067646474112e+03 2.664435409611655245e+02
6.717361916142043299e+01 2.947409842789333538e+02 8.546236067646474112e+03 2.664435409611655245e+02
6.717361916142043299e+01 2.947409842789333538e+02 8.546236067646474112e+03 2.664435409611655245e+02
6.717361916142043299e+01 2.947409842789333538e+02 8.546236067646474112e+03 2.664435409611655245e+02
6.717361916142043299e+01 2.947409842789333538e+02 8.546236067646474112e+03 2.664435409611655245e+02
6.717361916142043299e+01 2.947409842789333538e+02 8.546236067646474112e+03 2.664435409611655245e+02
6.754225357132580143e+01 2.822759759713309222e+02 8.438632801114104950e+03 2.663608555219856839e+02
6.754225357132580143e+01 2.822759759713309222e+02 8.438632801114104950e+03 2.663608555219856839e+02
6.754225357132580143e+01 2.822759759713309222e+02 8.438632801114104950e+03 2.663608555219856839e+02
6.754225357132580143e+01 2.822759759713309222e+02 8.438632801114104950e+03 2.663608555219856839e+02
6.754225357132580143e+01 2.822759759713309222e+02 8.438632801114104950e+03 2.663608555219856839e+02
6.754225357132580143e+01 2.822759759713309222e+02 8.438632801114104950e+03 2.663608555219856839e+02
6.754225357132580143e+01 2.822759759713309222e+02 8.438632801114104950e+03 2.663608555219856839e+02
6.754225357132580143e+01 2.822759759713309222e+02 8.438632801114104950e+03 2.663608555219856839e+02
6.754225357132580143e+01 2.822759759713309222e+02 8.438632801114104950e+03 2.663608555219856839e+02
6.754225357132580143e+01 2.822759759713309222e+02 8.438632801114104950e+03 2.663608555219856839e+02
6.754225357132580143e+01 2.822759759713309222e+02 8.438632801114104950e+03 2.663608555219856839e+02
6.744283993546729050e+01 2.860604935241456133e+02 8.099204174749497724e+03 2.633587644437455424e+02
6.744283993546729050e+01 2.860604935241456133e+02 8.099204174749497724e+03 2.633587644437455424e+02
6.744283993546729050e+01 2.860604935241456133e+02 8.099204174749497724e+03 2.633587644437455424e+02
6.744283993546729050e+01 2.860604935241456133e+02 8.099204174749497724e+03 2.633587644437455424e+02
6.746275460744911356e+01 2.941780628228263481e+02 7.282421111857091091e+03 2.478495377133784814e+02
6.746275460744911356e+01 2.941780628228263481e+02 7.282421111857091091e+03 2.478495377133784814e+02
6.746275460744911356e+01 2.941780628228263481e+02 7.282421111857091091e+03 2.478495377133784814e+02
6.746275460744911356e+01 2.941780628228263481e+02 7.282421111857091091e+03 2.478495377133784814e+02
6.746275460744911356e+01 2.941780628228263481e+02 7.282421111857091091e+03 2.478495377133784814e+02
6.746275460744911356e+01 2.941780628228263481e+02 7.282421111857091091e+03 2.478495377133784814e+02
6.746275460744911356e+01 2.941780628228263481e+02 7.282421111857091091e+03 2.478495377133784814e+02
6.746275460744911356e+01 2.941780628228263481e+02 7.282421111857091091e+03 2.478495377133784814e+02
6.746275460744911356e+01 2.941780628228263481e+02 7.282421111857091091e+03 2.478495377133784814e+02
6.746275460744911356e+01 2.941780628228263481e+02 7.282421111857091091e+03 2.478495377133784814e+02
6.746275460744911356e+01 2.941780628228263481e+02 7.282421111857091091e+03 2.478495377133784814e+02
6.746275460744911356e+01 2.941780628228263481e+02 7.282421111857091091e+03 2.478495377133784814e+02
6.746275460744911356e+01 2.941780628228263481e+02 7.282421111857091091e+03 2.478495377133784814e+02
6.746275460744911356e+01 2.941780628228263481e+02 7.282421111857091091e+03 2.478495377133784814e+02
6.746275460744911356e+01 2.941780628228263481e+02 7.282421111857091091e+03 2.478495377133784814e+02
6.746275460744911356e+01 2.941780628228263481e+02 7.282421111857091091e+03 2.478495377133784814e+02
6.746275460744911356e+01 2.941780628228263481e+02 7.282421111857091091e+03 2.478495377133784814e+02
6.746275460744911356e+01 2.941780628228263481e+02 7.282421111857091091e+03 2.478495377133784814e+02
6.746275460744911356e+01 2.941780628228263481e+02 7.282421111857091091e+03 2.478495377133784814e+02
6.746275460744911356e+01 2.941780628228263481e+02 7.282421111857091091e+03 2.478495377133784814e+02
6.713402579227569333e+01 2.935849126326839951e+02 6.096246535640065304e+03 2.544420342607421901e+02
6.713402579227569333e+01 2.935849126326839951e+02 6.096246535640065304e+03 2.544420342607421901e+02
6.713402579227569333e+01 2.935849126326839951e+02 6.096246535640065304e+03 2.544420342607421901e+02
6.772654219989392743e+01 2.929074111427433422e+02 5.850125254747817962e+03 2.585704878401503493e+02
6.772654219989392743e+01 2.929074111427433422e+02 5.850125254747817962e+03 2.585704878401503493e+02
6.772654219989392743e+01 2.929074111427433422e+02 5.850125254747817962e+03 2.585704878401503493e+02
6.772654219989392743e+01 2.929074111427433422e+02 5.850125254747817962e+03 2.585704878401503493e+02
6.772654219989392743e+01 2.929074111427433422e+02 5.850125254747817962e+03 2.585704878401503493e+02
6.899772944985005552e+01 2.635107252780030649e+02 5.402048330436102333e+03 2.647401079384376885e+02
7.045636682282739116e+01 2.695229722268361456e+02 4.632974805803305571e+03 2.594289040876623176e+02
6.951003624433870698e+01 2.712309061320912065e+02 4.650356674032202136e+03 2.580309322893039621e+02
6.951003624433870698e+01 2.712309061320912065e+02 4.650356674032202136e+03 2.580309322893039621e+02
6.951003624433870698e+01 2.712309061320912065e+02 4.650356674032202136e+03 2.580309322893039621e+02
6.951003624433870698e+01 2.712309061320912065e+02 4.650356674032202136e+03 2.580309322893039621e+02
6.872806513469511458e+01 2.712396504687696392e+02 4.520449284614172029e+03 2.550127533051071680e+02
6.796381402951956829e+01 2.573659039103637838e+02 3.975845781196559074e+03 2.610732693772961852e+02
6.796381402951956829e+01 2.573659039103637838e+02 3.975845781196559074e+03 2.610732693772961852e+02
6.796381402951956829e+01 2.573659039103637838e+02 3.975845781196559074e+03 2.610732693772961852e+02
6.796381402951956829e+01 2.573659039103637838e+02 3.975845781196559074e+03 2.610732693772961852e+02
6.796381402951956829e+01 2.573659039103637838e+02 3.975845781196559074e+03 2.610732693772961852e+02
6.796381402951956829e+01 2.573659039103637838e+02 3.975845781196559074e+03 2.610732693772961852e+02
6.796381402951956829e+01 2.573659039103637838e+02 3.975845781196559074e+03 2.610732693772961852e+02
6.733051850395490590e+01 2.670874671906997833e+02 2.751548225053015358e+03 2.744070160680505523e+02
6.733051850395490590e+01 2.670874671906997833e+02 2.751548225053015358e+03 2.744070160680505523e+02
6.826163985282684621e+01 2.679368284944538914e+02 1.075362608080393557e+03 2.674183589345338987e+02
6.826163985282684621e+01 2.679368284944538914e+02 1.075362608080393557e+03 2.674183589345338987e+02
6.826163985282684621e+01 2.679368284944538914e+02 1.075362608080393557e+03 2.674183589345338987e+02
6.783230976747549335e+01 2.677221492885842622e+02 7.745115984478878772e+02 2.601564983260504391e+02
6.783230976747549335e+01 2.677221492885842622e+02 7.745115984478878772e+02 2.601564983260504391e+02
6.783230976747549335e+01 2.677221492885842622e+02 7.745115984478878772e+02 2.601564983260504391e+02
6.783230976747549335e+01 2.677221492885842622e+02 7.745115984478878772e+02 2.601564983260504391e+02
6.783230976747549335e+01 2.677221492885842622e+02 7.745115984478878772e+02 2.601564983260504391e+02
6.783230976747549335e+01 2.677221492885842622e+02 7.745115984478878772e+02 2.601564983260504391e+02
6.783230976747549335e+01 2.677221492885842622e+02 7.745115984478878772e+02 2.601564983260504391e+02
6.783230976747549335e+01 2.677221492885842622e+02 7.745115984478878772e+02 2.601564983260504391e+02
6.854273150183891516e+01 2.694880584176377738e+02 6.903791146342733782e+02 2.673598898353085929e+02
6.854273150183891516e+01 2.694880584176377738e+02 6.903791146342733782e+02 2.673598898353085929e+02
6.785676957024396927e+01 2.659990958141353872e+02 6.997172483624048027e+02 2.630844950320378643e+02
6.785676957024396927e+01 2.659990958141353872e+02 6.997172483624048027e+02 2.630844950320378643e+02
6.785676957024396927e+01 2.659990958141353872e+02 6.997172483624048027e+02 2.630844950320378643e+02
6.785676957024396927e+01 2.659990958141353872e+02 6.997172483624048027e+02 2.630844950320378643e+02
6.785676957024396927e+01 2.659990958141353872e+02 6.997172483624048027e+02 2.630844950320378643e+02
6.785676957024396927e+01 2.659990958141353872e+02 6.997172483624048027e+02 2.630844950320378643e+02
6.785676957024396927e+01 2.659990958141353872e+02 6.997172483624048027e+02 2.630844950320378643e+02
6.785676957024396927e+01 2.659990958141353872e+02 6.997172483624048027e+02 2.630844950320378643e+02
6.785676957024396927e+01 2.659990958141353872e+02 6.997172483624048027e+02 2.630844950320378643e+02
6.785676957024396927e+01 2.659990958141353872e+02 6.997172483624048027e+02 2.630844950320378643e+02
6.785676957024396927e+01 2.659990958141353872e+02 6.997172483624048027e+02 2.630844950320378643e+02
6.785676957024396927e+01 2.659990958141353872e+02 6.997172483624048027e+02 2.630844950320378643e+02
6.785676957024396927e+01 2.659990958141353872e+02 6.997172483624048027e+02 2.630844950320378643e+02
6.785676957024396927e+01 2.659990958141353872e+02 6.997172483624048027e+02 2.630844950320378643e+02
6.785676957024396927e+01 2.659990958141353872e+02 6.997172483624048027e+02 2.630844950320378643e+02
6.785676957024396927e+01 2.659990958141353872e+02 6.997172483624048027e+02 2.630844950320378643e+02
6.785676957024396927e+01 2.659990958141353872e+02 6.997172483624048027e+02 2.630844950320378643e+02
6.785676957024396927e+01 2.659990958141353872e+02 6.997172483624048027e+02 2.630844950320378643e+02
6.785676957024396927e+01 2.659990958141353872e+02 6.997172483624048027e+02 2.630844950320378643e+02
6.785676957024396927e+01 2.659990958141353872e+02 6.997172483624048027e+02 2.630844950320378643e+02
6.785676957024396927e+01 2.659990958141353872e+02 6.997172483624048027e+02 2.630844950320378643e+02
6.785676957024396927e+01 2.659990958141353872e+02 6.997172483624048027e+02 2.630844950320378643e+02
6.785676957024396927e+01 2.659990958141353872e+02 6.997172483624048027e+02 2.630844950320378643e+02
6.785676957024396927e+01 2.659990958141353872e+02 6.997172483624048027e+02 2.630844950320378643e+02
6.785676957024396927e+01 2.659990958141353872e+02 6.997172483624048027e+02 2.630844950320378643e+02
6.785676957024396927e+01 2.659990958141353872e+02 6.997172483624048027e+02 2.630844950320378643e+02
6.785676957024396927e+01 2.659990958141353872e+02 6.997172483624048027e+02 2.630844950320378643e+02
6.785676957024396927e+01 2.659990958141353872e+02 6.997172483624048027e+02 2.630844950320378643e+02
6.785676957024396927e+01 2.659990958141353872e+02 6.997172483624048027e+02 2.630844950320378643e+02
6.785676957024396927e+01 2.659990958141353872e+02 6.997172483624048027e+02 2.630844950320378643e+02
6.785676957024396927e+01 2.659990958141353872e+02 6.997172483624048027e+02 2.630844950320378643e+02
6.785676957024396927e+01 2.659990958141353872e+02 6.997172483624048027e+02 2.630844950320378643e+02
6.785676957024396927e+01 2.659990958141353872e+02 6.997172483624048027e+02 2.630844950320378643e+02
6.785676957024396927e+01 2.659990958141353872e+02 6.997172483624048027e+02 2.630844950320378643e+02
6.785676957024396927e+01 2.659990958141353872e+02 6.997172483624048027e+02 2.630844950320378643e+02
6.785676957024396927e+01 2.659990958141353872e+02 6.997172483624048027e+02 2.630844950320378643e+02
6.785676957024396927e+01 2.659990958141353872e+02 6.997172483624048027e+02 2.630844950320378643e+02
6.785676957024396927e+01 2.659990958141353872e+02 6.997172483624048027e+02 2.630844950320378643e+02
6.785676957024396927e+01 2.659990958141353872e+02 6.997172483624048027e+02 2.630844950320378643e+02
6.785676957024396927e+01 2.659990958141353872e+02 6.997172483624048027e+02 2.630844950320378643e+02
6.785676957024396927e+01 2.659990958141353872e+02 6.997172483624048027e+02 2.630844950320378643e+02
6.785676957024396927e+01 2.659990958141353872e+02 6.997172483624048027e+02 2.630844950320378643e+02
6.785676957024396927e+01 2.659990958141353872e+02 6.997172483624048027e+02 2.630844950320378643e+02
6.785676957024396927e+01 2.659990958141353872e+02 6.997172483624048027e+02 2.630844950320378643e+02
6.785676957024396927e+01 2.659990958141353872e+02 6.997172483624048027e+02 2.630844950320378643e+02
6.785676957024396927e+01 2.659990958141353872e+02 6.997172483624048027e+02 2.630844950320378643e+02
6.785676957024396927e+01 2.659990958141353872e+02 6.997172483624048027e+02 2.630844950320378643e+02
6.785676957024396927e+01 2.659990958141353872e+02 6.997172483624048027e+02 2.630844950320378643e+02
6.785676957024396927e+01 2.659990958141353872e+02 6.997172483624048027e+02 2.630844950320378643e+02
6.785676957024396927e+01 2.659990958141353872e+02 6.997172483624048027e+02 2.630844950320378643e+02
6.785676957024396927e+01 2.659990958141353872e+02 6.997172483624048027e+02 2.630844950320378643e+02
6.785676957024396927e+01 2.659990958141353872e+02 6.997172483624048027e+02 2.630844950320378643e+02
6.785676957024396927e+01 2.659990958141353872e+02 6.997172483624048027e+02 2.630844950320378643e+02
6.785676957024396927e+01 2.659990958141353872e+02 6.997172483624048027e+02 2.630844950320378643e+02
6.785676957024396927e+01 2.659990958141353872e+02 6.997172483624048027e+02 2.630844950320378643e+02
6.785676957024396927e+01 2.659990958141353872e+02 6.997172483624048027e+02 2.630844950320378643e+02
6.785676957024396927e+01 2.659990958141353872e+02 6.997172483624048027e+02 2.630844950320378643e+02
6.785676957024396927e+01 2.659990958141353872e+02 6.997172483624048027e+02 2.630844950320378643e+02
6.785676957024396927e+01 2.659990958141353872e+02 6.997172483624048027e+02 2.630844950320378643e+02
6.785676957024396927e+01 2.659990958141353872e+02 6.997172483624048027e+02 2.630844950320378643e+02
6.785676957024396927e+01 2.659990958141353872e+02 6.997172483624048027e+02 2.630844950320378643e+02
6.785676957024396927e+01 2.659990958141353872e+02 6.997172483624048027e+02 2.630844950320378643e+02
6.785676957024396927e+01 2.659990958141353872e+02 6.997172483624048027e+02 2.630844950320378643e+02
6.785676957024396927e+01 2.659990958141353872e+02 6.997172483624048027e+02 2.630844950320378643e+02
6.785676957024396927e+01 2.659990958141353872e+02 6.997172483624048027e+02 2.630844950320378643e+02
6.785676957024396927e+01 2.659990958141353872e+02 6.997172483624048027e+02 2.630844950320378643e+02
6.785676957024396927e+01 2.659990958141353872e+02 6.997172483624048027e+02 2.630844950320378643e+02
6.785676957024396927e+01 2.659990958141353872e+02 6.997172483624048027e+02 2.630844950320378643e+02
6.785676957024396927e+01 2.659990958141353872e+02 6.997172483624048027e+02 2.630844950320378643e+02
6.785676957024396927e+01 2.659990958141353872e+02 6.997172483624048027e+02 2.630844950320378643e+02
6.785676957024396927e+01 2.659990958141353872e+02 6.997172483624048027e+02 2.630844950320378643e+02
6.785676957024396927e+01 2.659990958141353872e+02 6.997172483624048027e+02 2.630844950320378643e+02
6.785676957024396927e+01 2.659990958141353872e+02 6.997172483624048027e+02 2.630844950320378643e+02
6.785676957024396927e+01 2.659990958141353872e+02 6.997172483624048027e+02 2.630844950320378643e+02
6.785676957024396927e+01 2.659990958141353872e+02 6.997172483624048027e+02 2.630844950320378643e+02
6.785676957024396927e+01 2.659990958141353872e+02 6.997172483624048027e+02 2.630844950320378643e+02
6.785676957024396927e+01 2.659990958141353872e+02 6.997172483624048027e+02 2.630844950320378643e+02
6.785676957024396927e+01 2.659990958141353872e+02 6.997172483624048027e+02 2.630844950320378643e+02
6.785676957024396927e+01 2.659990958141353872e+02 6.997172483624048027e+02 2.630844950320378643e+02
6.785676957024396927e+01 2.659990958141353872e+02 6.997172483624048027e+02 2.630844950320378643e+02
6.785676957024396927e+01 2.659990958141353872e+02 6.997172483624048027e+02 2.630844950320378643e+02
6.785676957024396927e+01 2.659990958141353872e+02 6.997172483624048027e+02 2.630844950320378643e+02
6.785676957024396927e+01 2.659990958141353872e+02 6.997172483624048027e+02 2.630844950320378643e+02
6.785676957024396927e+01 2.659990958141353872e+02 6.997172483624048027e+02 2.630844950320378643e+02
6.785676957024396927e+01 2.659990958141353872e+02 6.997172483624048027e+02 2.630844950320378643e+02
6.785676957024396927e+01 2.659990958141353872e+02 6.997172483624048027e+02 2.630844950320378643e+02
6.785676957024396927e+01 2.659990958141353872e+02 6.997172483624048027e+02 2.630844950320378643e+02
6.785676957024396927e+01 2.659990958141353872e+02 6.997172483624048027e+02 2.630844950320378643e+02
6.785676957024396927e+01 2.659990958141353872e+02 6.997172483624048027e+02 2.630844950320378643e+02
6.785676957024396927e+01 2.659990958141353872e+02 6.997172483624048027e+02 2.630844950320378643e+02
6.785676957024396927e+01 2.659990958141353872e+02 6.997172483624048027e+02 2.630844950320378643e+02
6.785676957024396927e+01 2.659990958141353872e+02 6.997172483624048027e+02 2.630844950320378643e+02
6.785676957024396927e+01 2.659990958141353872e+02 6.997172483624048027e+02 2.630844950320378643e+02
6.785676957024396927e+01 2.659990958141353872e+02 6.997172483624048027e+02 2.630844950320378643e+02
6.785676957024396927e+01 2.659990958141353872e+02 6.997172483624048027e+02 2.630844950320378643e+02
6.785676957024396927e+01 2.659990958141353872e+02 6.997172483624048027e+02 2.630844950320378643e+02
6.785676957024396927e+01 2.659990958141353872e+02 6.997172483624048027e+02 2.630844950320378643e+02
6.785676957024396927e+01 2.659990958141353872e+02 6.997172483624048027e+02 2.630844950320378643e+02
6.785676957024396927e+01 2.659990958141353872e+02 6.997172483624048027e+02 2.630844950320378643e+02
6.785676957024396927e+01 2.659990958141353872e+02 6.997172483624048027e+02 2.630844950320378643e+02
6.785676957024396927e+01 2.659990958141353872e+02 6.997172483624048027e+02 2.630844950320378643e+02
6.908156562997278627e+01 2.691090139787740441e+02 6.558539970663781560e+02 2.666226907957769185e+02
6.908156562997278627e+01 2.691090139787740441e+02 6.558539970663781560e+02 2.666226907957769185e+02
6.908156562997278627e+01 2.691090139787740441e+02 6.558539970663781560e+02 2.666226907957769185e+02
6.908156562997278627e+01 2.691090139787740441e+02 6.558539970663781560e+02 2.666226907957769185e+02
6.868535773950422652e+01 2.712916074910395423e+02 5.702132666298272170e+02 2.665094764343707539e+02
6.947920435629202984e+01 2.687988986025727058e+02 5.473483959166238719e+02 2.663249486363522465e+02
6.947920435629202984e+01 2.687988986025727058e+02 5.473483959166238719e+02 2.663249486363522465e+02
6.947920435629202984e+01 2.687988986025727058e+02 5.473483959166238719e+02 2.663249486363522465e+02
6.947920435629202984e+01 2.687988986025727058e+02 5.473483959166238719e+02 2.663249486363522465e+02
6.947920435629202984e+01 2.687988986025727058e+02 5.473483959166238719e+02 2.663249486363522465e+02
7.031309194240050431e+01 2.643579696640591123e+02 4.141777599896157653e+02 2.655338253315095471e+02
7.031309194240050431e+01 2.643579696640591123e+02 4.141777599896157653e+02 2.655338253315095471e+02
7.031309194240050431e+01 2.643579696640591123e+02 4.141777599896157653e+02 2.655338253315095471e+02
7.031309194240050431e+01 2.643579696640591123e+02 4.141777599896157653e+02 2.655338253315095471e+02
7.031309194240050431e+01 2.643579696640591123e+02 4.141777599896157653e+02 2.655338253315095471e+02
7.031309194240050431e+01 2.643579696640591123e+02 4.141777599896157653e+02 2.655338253315095471e+02
7.031309194240050431e+01 2.643579696640591123e+02 4.141777599896157653e+02 2.655338253315095471e+02
7.031309194240050431e+01 2.643579696640591123e+02 4.141777599896157653e+02 2.655338253315095471e+02
7.031309194240050431e+01 2.643579696640591123e+02 4.141777599896157653e+02 2.655338253315095471e+02
7.031309194240050431e+01 2.643579696640591123e+02 4.141777599896157653e+02 2.655338253315095471e+02
7.031309194240050431e+01 2.643579696640591123e+02 4.141777599896157653e+02 2.655338253315095471e+02
7.031309194240050431e+01 2.643579696640591123e+02 4.141777599896157653e+02 2.655338253315095471e+02
7.031309194240050431e+01 2.643579696640591123e+02 4.141777599896157653e+02 2.655338253315095471e+02
7.198308668430335899e+01 2.632436149501970135e+02 2.362571520280882282e+02 2.668235880648063016e+02
7.198308668430335899e+01 2.632436149501970135e+02 2.362571520280882282e+02 2.668235880648063016e+02
7.198308668430335899e+01 2.632436149501970135e+02 2.362571520280882282e+02 2.668235880648063016e+02
7.198308668430335899e+01 2.632436149501970135e+02 2.362571520280882282e+02 2.668235880648063016e+02
7.198308668430335899e+01 2.632436149501970135e+02 2.362571520280882282e+02 2.668235880648063016e+02
7.198308668430335899e+01 2.632436149501970135e+02 2.362571520280882282e+02 2.668235880648063016e+02
7.198308668430335899e+01 2.632436149501970135e+02 2.362571520280882282e+02 2.668235880648063016e+02
7.170016434605608424e+01 2.637117223885722410e+02 2.090458872889685722e+02 2.615979525467301983e+02
7.170016434605608424e+01 2.637117223885722410e+02 2.090458872889685722e+02 2.615979525467301983e+02
7.170016434605608424e+01 2.637117223885722410e+02 2.090458872889685722e+02 2.615979525467301983e+02
7.170016434605608424e+01 2.637117223885722410e+02 2.090458872889685722e+02 2.615979525467301983e+02
7.170016434605608424e+01 2.637117223885722410e+02 2.090458872889685722e+02 2.615979525467301983e+02
7.210774193146806965e+01 2.576293868544271390e+02 1.726068375759318485e+02 2.708313909055133877e+02
7.210774193146806965e+01 2.576293868544271390e+02 1.726068375759318485e+02 2.708313909055133877e+02
7.210774193146806965e+01 2.576293868544271390e+02 1.726068375759318485e+02 2.708313909055133877e+02
7.210774193146806965e+01 2.576293868544271390e+02 1.726068375759318485e+02 2.708313909055133877e+02
7.210774193146806965e+01 2.576293868544271390e+02 1.726068375759318485e+02 2.708313909055133877e+02
7.210774193146806965e+01 2.576293868544271390e+02 1.726068375759318485e+02 2.708313909055133877e+02
7.210774193146806965e+01 2.576293868544271390e+02 1.726068375759318485e+02 2.708313909055133877e+02
7.210774193146806965e+01 2.576293868544271390e+02 1.726068375759318485e+02 2.708313909055133877e+02
7.210774193146806965e+01 2.576293868544271390e+02 1.726068375759318485e+02 2.708313909055133877e+02
7.121367871275079153e+01 2.590333373885853803e+02 1.172815736608765746e+02 2.705388360783144321e+02
7.121367871275079153e+01 2.590333373885853803e+02 1.172815736608765746e+02 2.705388360783144321e+02
7.121367871275079153e+01 2.590333373885853803e+02 1.172815736608765746e+02 2.705388360783144321e+02
7.121367871275079153e+01 2.590333373885853803e+02 1.172815736608765746e+02 2.705388360783144321e+02
7.121367871275079153e+01 2.590333373885853803e+02 1.172815736608765746e+02 2.705388360783144321e+02
7.121367871275079153e+01 2.590333373885853803e+02 1.172815736608765746e+02 2.705388360783144321e+02
7.121367871275079153e+01 2.590333373885853803e+02 1.172815736608765746e+02 2.705388360783144321e+02
7.138969746934729699e+01 2.624153980912923316e+02 1.078743123234008721e+02 2.640835922727022194e+02
7.138969746934729699e+01 2.624153980912923316e+02 1.078743123234008721e+02 2.640835922727022194e+02
7.138969746934729699e+01 2.624153980912923316e+02 1.078743123234008721e+02 2.640835922727022194e+02
7.138969746934729699e+01 2.624153980912923316e+02 1.078743123234008721e+02 2.640835922727022194e+02
7.138969746934729699e+01 2.624153980912923316e+02 1.078743123234008721e+02 2.640835922727022194e+02
7.138969746934729699e+01 2.624153980912923316e+02 1.078743123234008721e+02 2.640835922727022194e+02
7.108431884600375383e+01 2.572859901289532445e+02 1.073232684395774896e+02 2.702336271932341560e+02
7.108431884600375383e+01 2.572859901289532445e+02 1.073232684395774896e+02 2.702336271932341560e+02
7.108431884600375383e+01 2.572859901289532445e+02 1.073232684395774896e+02 2.702336271932341560e+02
7.108431884600375383e+01 2.572859901289532445e+02 1.073232684395774896e+02 2.702336271932341560e+02
7.108431884600375383e+01 2.572859901289532445e+02 1.073232684395774896e+02 2.702336271932341560e+02
7.108431884600375383e+01 2.572859901289532445e+02 1.073232684395774896e+02 2.702336271932341560e+02
7.108431884600375383e+01 2.572859901289532445e+02 1.073232684395774896e+02 2.702336271932341560e+02
7.108431884600375383e+01 2.572859901289532445e+02 1.073232684395774896e+02 2.702336271932341560e+02
7.108431884600375383e+01 2.572859901289532445e+02 1.073232684395774896e+02 2.702336271932341560e+02
7.108431884600375383e+01 2.572859901289532445e+02 1.073232684395774896e+02 2.702336271932341560e+02
7.108431884600375383e+01 2.572859901289532445e+02 1.073232684395774896e+02 2.702336271932341560e+02
7.108431884600375383e+01 2.572859901289532445e+02 1.073232684395774896e+02 2.702336271932341560e+02
7.108431884600375383e+01 2.572859901289532445e+02 1.073232684395774896e+02 2.702336271932341560e+02
7.108431884600375383e+01 2.572859901289532445e+02 1.073232684395774896e+02 2.702336271932341560e+02
7.108431884600375383e+01 2.572859901289532445e+02 1.073232684395774896e+02 2.702336271932341560e+02
7.108431884600375383e+01 2.572859901289532445e+02 1.073232684395774896e+02 2.702336271932341560e+02
7.108431884600375383e+01 2.572859901289532445e+02 1.073232684395774896e+02 2.702336271932341560e+02
7.108431884600375383e+01 2.572859901289532445e+02 1.073232684395774896e+02 2.702336271932341560e+02
7.108431884600375383e+01 2.572859901289532445e+02 1.073232684395774896e+02 2.702336271932341560e+02
7.108431884600375383e+01 2.572859901289532445e+02 1.073232684395774896e+02 2.702336271932341560e+02
7.108431884600375383e+01 2.572859901289532445e+02 1.073232684395774896e+02 2.702336271932341560e+02
7.108431884600375383e+01 2.572859901289532445e+02 1.073232684395774896e+02 2.702336271932341560e+02
7.108431884600375383e+01 2.572859901289532445e+02 1.073232684395774896e+02 2.702336271932341560e+02
7.108431884600375383e+01 2.572859901289532445e+02 1.073232684395774896e+02 2.702336271932341560e+02
7.108431884600375383e+01 2.572859901289532445e+02 1.073232684395774896e+02 2.702336271932341560e+02
7.108431884600375383e+01 2.572859901289532445e+02 1.073232684395774896e+02 2.702336271932341560e+02
7.108431884600375383e+01 2.572859901289532445e+02 1.073232684395774896e+02 2.702336271932341560e+02
7.108431884600375383e+01 2.572859901289532445e+02 1.073232684395774896e+02 2.702336271932341560e+02
7.108431884600375383e+01 2.572859901289532445e+02 1.073232684395774896e+02 2.702336271932341560e+02
7.108431884600375383e+01 2.572859901289532445e+02 1.073232684395774896e+02 2.702336271932341560e+02
7.108431884600375383e+01 2.572859901289532445e+02 1.073232684395774896e+02 2.702336271932341560e+02
7.108431884600375383e+01 2.572859901289532445e+02 1.073232684395774896e+02 2.702336271932341560e+02
7.108431884600375383e+01 2.572859901289532445e+02 1.073232684395774896e+02 2.702336271932341560e+02
7.108431884600375383e+01 2.572859901289532445e+02 1.073232684395774896e+02 2.702336271932341560e+02
7.108431884600375383e+01 2.572859901289532445e+02 1.073232684395774896e+02 2.702336271932341560e+02
7.108431884600375383e+01 2.572859901289532445e+02 1.073232684395774896e+02 2.702336271932341560e+02
7.108431884600375383e+01 2.572859901289532445e+02 1.073232684395774896e+02 2.702336271932341560e+02
7.108431884600375383e+01 2.572859901289532445e+02 1.073232684395774896e+02 2.702336271932341560e+02
7.108431884600375383e+01 2.572859901289532445e+02 1.073232684395774896e+02 2.702336271932341560e+02
7.108431884600375383e+01 2.572859901289532445e+02 1.073232684395774896e+02 2.702336271932341560e+02
7.108431884600375383e+01 2.572859901289532445e+02 1.073232684395774896e+02 2.702336271932341560e+02
7.360761288975849936e+01 2.640996109850755147e+02 8.710201777181094940e+01 2.585878405719522561e+02
7.360761288975849936e+01 2.640996109850755147e+02 8.710201777181094940e+01 2.585878405719522561e+02
7.360761288975849936e+01 2.640996109850755147e+02 8.710201777181094940e+01 2.585878405719522561e+02
7.360761288975849936e+01 2.640996109850755147e+02 8.710201777181094940e+01 2.585878405719522561e+02
7.360761288975849936e+01 2.640996109850755147e+02 8.710201777181094940e+01 2.585878405719522561e+02
7.360761288975849936e+01 2.640996109850755147e+02 8.710201777181094940e+01 2.585878405719522561e+02
7.360761288975849936e+01 2.640996109850755147e+02 8.710201777181094940e+01 2.585878405719522561e+02
7.360761288975849936e+01 2.640996109850755147e+02 8.710201777181094940e+01 2.585878405719522561e+02
7.360761288975849936e+01 2.640996109850755147e+02 8.710201777181094940e+01 2.585878405719522561e+02
7.360761288975849936e+01 2.640996109850755147e+02 8.710201777181094940e+01 2.585878405719522561e+02
7.360761288975849936e+01 2.640996109850755147e+02 8.710201777181094940e+01 2.585878405719522561e+02
7.360761288975849936e+01 2.640996109850755147e+02 8.710201777181094940e+01 2.585878405719522561e+02
7.360761288975849936e+01 2.640996109850755147e+02 8.710201777181094940e+01 2.585878405719522561e+02
7.360761288975849936e+01 2.640996109850755147e+02 8.710201777181094940e+01 2.585878405719522561e+02
7.360761288975849936e+01 2.640996109850755147e+02 8.710201777181094940e+01 2.585878405719522561e+02
7.360761288975849936e+01 2.640996109850755147e+02 8.710201777181094940e+01 2.585878405719522561e+02
7.360761288975849936e+01 2.640996109850755147e+02 8.710201777181094940e+01 2.585878405719522561e+02
7.360761288975849936e+01 2.640996109850755147e+02 8.710201777181094940e+01 2.585878405719522561e+02
7.360761288975849936e+01 2.640996109850755147e+02 8.710201777181094940e+01 2.585878405719522561e+02
7.360761288975849936e+01 2.640996109850755147e+02 8.710201777181094940e+01 2.585878405719522561e+02
7.360761288975849936e+01 2.640996109850755147e+02 8.710201777181094940e+01 2.585878405719522561e+02
7.360761288975849936e+01 2.640996109850755147e+02 8.710201777181094940e+01 2.585878405719522561e+02
7.360761288975849936e+01 2.640996109850755147e+02 8.710201777181094940e+01 2.585878405719522561e+02
7.360761288975849936e+01 2.640996109850755147e+02 8.710201777181094940e+01 2.585878405719522561e+02
7.360761288975849936e+01 2.640996109850755147e+02 8.710201777181094940e+01 2.585878405719522561e+02
7.360761288975849936e+01 2.640996109850755147e+02 8.710201777181094940e+01 2.585878405719522561e+02
7.360761288975849936e+01 2.640996109850755147e+02 8.710201777181094940e+01 2.585878405719522561e+02
7.360761288975849936e+01 2.640996109850755147e+02 8.710201777181094940e+01 2.585878405719522561e+02
7.360761288975849936e+01 2.640996109850755147e+02 8.710201777181094940e+01 2.585878405719522561e+02
7.360761288975849936e+01 2.640996109850755147e+02 8.710201777181094940e+01 2.585878405719522561e+02
7.360761288975849936e+01 2.640996109850755147e+02 8.710201777181094940e+01 2.585878405719522561e+02
7.360761288975849936e+01 2.640996109850755147e+02 8.710201777181094940e+01 2.585878405719522561e+02
7.360761288975849936e+01 2.640996109850755147e+02 8.710201777181094940e+01 2.585878405719522561e+02
7.360761288975849936e+01 2.640996109850755147e+02 8.710201777181094940e+01 2.585878405719522561e+02
7.360761288975849936e+01 2.640996109850755147e+02 8.710201777181094940e+01 2.585878405719522561e+02
7.360761288975849936e+01 2.640996109850755147e+02 8.710201777181094940e+01 2.585878405719522561e+02
7.360761288975849936e+01 2.640996109850755147e+02 8.710201777181094940e+01 2.585878405719522561e+02
7.360761288975849936e+01 2.640996109850755147e+02 8.710201777181094940e+01 2.585878405719522561e+02
7.360761288975849936e+01 2.640996109850755147e+02 8.710201777181094940e+01 2.585878405719522561e+02
7.360761288975849936e+01 2.640996109850755147e+02 8.710201777181094940e+01 2.585878405719522561e+02
7.360761288975849936e+01 2.640996109850755147e+02 8.710201777181094940e+01 2.585878405719522561e+02
7.360761288975849936e+01 2.640996109850755147e+02 8.710201777181094940e+01 2.585878405719522561e+02
7.360761288975849936e+01 2.640996109850755147e+02 8.710201777181094940e+01 2.585878405719522561e+02
7.360761288975849936e+01 2.640996109850755147e+02 8.710201777181094940e+01 2.585878405719522561e+02
7.360761288975849936e+01 2.640996109850755147e+02 8.710201777181094940e+01 2.585878405719522561e+02
7.360761288975849936e+01 2.640996109850755147e+02 8.710201777181094940e+01 2.585878405719522561e+02
7.360761288975849936e+01 2.640996109850755147e+02 8.710201777181094940e+01 2.585878405719522561e+02
7.360761288975849936e+01 2.640996109850755147e+02 8.710201777181094940e+01 2.585878405719522561e+02
7.360761288975849936e+01 2.640996109850755147e+02 8.710201777181094940e+01 2.585878405719522561e+02
7.360761288975849936e+01 2.640996109850755147e+02 8.710201777181094940e+01 2.585878405719522561e+02
7.360761288975849936e+01 2.640996109850755147e+02 8.710201777181094940e+01 2.585878405719522561e+02
7.360761288975849936e+01 2.640996109850755147e+02 8.710201777181094940e+01 2.585878405719522561e+02
7.360761288975849936e+01 2.640996109850755147e+02 8.710201777181094940e+01 2.585878405719522561e+02
7.360761288975849936e+01 2.640996109850755147e+02 8.710201777181094940e+01 2.585878405719522561e+02
7.360761288975849936e+01 2.640996109850755147e+02 8.710201777181094940e+01 2.585878405719522561e+02
7.360761288975849936e+01 2.640996109850755147e+02 8.710201777181094940e+01 2.585878405719522561e+02
7.360761288975849936e+01 2.640996109850755147e+02 8.710201777181094940e+01 2.585878405719522561e+02
7.360761288975849936e+01 2.640996109850755147e+02 8.710201777181094940e+01 2.585878405719522561e+02
7.360761288975849936e+01 2.640996109850755147e+02 8.710201777181094940e+01 2.585878405719522561e+02
7.360761288975849936e+01 2.640996109850755147e+02 8.710201777181094940e+01 2.585878405719522561e+02
7.360761288975849936e+01 2.640996109850755147e+02 8.710201777181094940e+01 2.585878405719522561e+02
7.360761288975849936e+01 2.640996109850755147e+02 8.710201777181094940e+01 2.585878405719522561e+02
7.360761288975849936e+01 2.640996109850755147e+02 8.710201777181094940e+01 2.585878405719522561e+02
7.360761288975849936e+01 2.640996109850755147e+02 8.710201777181094940e+01 2.585878405719522561e+02
7.360761288975849936e+01 2.640996109850755147e+02 8.710201777181094940e+01 2.585878405719522561e+02
7.360761288975849936e+01 2.640996109850755147e+02 8.710201777181094940e+01 2.585878405719522561e+02
7.360761288975849936e+01 2.640996109850755147e+02 8.710201777181094940e+01 2.585878405719522561e+02
7.360761288975849936e+01 2.640996109850755147e+02 8.710201777181094940e+01 2.585878405719522561e+02
7.360761288975849936e+01 2.640996109850755147e+02 8.710201777181094940e+01 2.585878405719522561e+02
7.360761288975849936e+01 2.640996109850755147e+02 8.710201777181094940e+01 2.585878405719522561e+02
7.360761288975849936e+01 2.640996109850755147e+02 8.710201777181094940e+01 2.585878405719522561e+02
7.360761288975849936e+01 2.640996109850755147e+02 8.710201777181094940e+01 2.585878405719522561e+02
7.360761288975849936e+01 2.640996109850755147e+02 8.710201777181094940e+01 2.585878405719522561e+02
7.360761288975849936e+01 2.640996109850755147e+02 8.710201777181094940e+01 2.585878405719522561e+02
7.360761288975849936e+01 2.640996109850755147e+02 8.710201777181094940e+01 2.585878405719522561e+02
7.360761288975849936e+01 2.640996109850755147e+02 8.710201777181094940e+01 2.585878405719522561e+02
7.360761288975849936e+01 2.640996109850755147e+02 8.710201777181094940e+01 2.585878405719522561e+02
7.360761288975849936e+01 2.640996109850755147e+02 8.710201777181094940e+01 2.585878405719522561e+02
7.360761288975849936e+01 2.640996109850755147e+02 8.710201777181094940e+01 2.585878405719522561e+02
7.360761288975849936e+01 2.640996109850755147e+02 8.710201777181094940e+01 2.585878405719522561e+02
7.186383496487198386e+01 2.669722190315064267e+02 8.831897884047464231e+01 2.555432556450621746e+02
7.186383496487198386e+01 2.669722190315064267e+02 8.831897884047464231e+01 2.555432556450621746e+02
7.186383496487198386e+01 2.669722190315064267e+02 8.831897884047464231e+01 2.555432556450621746e+02
7.186383496487198386e+01 2.669722190315064267e+02 8.831897884047464231e+01 2.555432556450621746e+02
7.186383496487198386e+01 2.669722190315064267e+02 8.831897884047464231e+01 2.555432556450621746e+02
7.186383496487198386e+01 2.669722190315064267e+02 8.831897884047464231e+01 2.555432556450621746e+02
7.186383496487198386e+01 2.669722190315064267e+02 8.831897884047464231e+01 2.555432556450621746e+02
7.186383496487198386e+01 2.669722190315064267e+02 8.831897884047464231e+01 2.555432556450621746e+02
7.186383496487198386e+01 2.669722190315064267e+02 8.831897884047464231e+01 2.555432556450621746e+02
7.186383496487198386e+01 2.669722190315064267e+02 8.831897884047464231e+01 2.555432556450621746e+02
7.186383496487198386e+01 2.669722190315064267e+02 8.831897884047464231e+01 2.555432556450621746e+02
7.186383496487198386e+01 2.669722190315064267e+02 8.831897884047464231e+01 2.555432556450621746e+02
7.186383496487198386e+01 2.669722190315064267e+02 8.831897884047464231e+01 2.555432556450621746e+02
7.186383496487198386e+01 2.669722190315064267e+02 8.831897884047464231e+01 2.555432556450621746e+02
7.186383496487198386e+01 2.669722190315064267e+02 8.831897884047464231e+01 2.555432556450621746e+02
7.186383496487198386e+01 2.669722190315064267e+02 8.831897884047464231e+01 2.555432556450621746e+02
7.186383496487198386e+01 2.669722190315064267e+02 8.831897884047464231e+01 2.555432556450621746e+02
7.186383496487198386e+01 2.669722190315064267e+02 8.831897884047464231e+01 2.555432556450621746e+02
7.186383496487198386e+01 2.669722190315064267e+02 8.831897884047464231e+01 2.555432556450621746e+02
7.186383496487198386e+01 2.669722190315064267e+02 8.831897884047464231e+01 2.555432556450621746e+02
7.186383496487198386e+01 2.669722190315064267e+02 8.831897884047464231e+01 2.555432556450621746e+02
7.186383496487198386e+01 2.669722190315064267e+02 8.831897884047464231e+01 2.555432556450621746e+02
7.186383496487198386e+01 2.669722190315064267e+02 8.831897884047464231e+01 2.555432556450621746e+02
7.186383496487198386e+01 2.669722190315064267e+02 8.831897884047464231e+01 2.555432556450621746e+02
7.186383496487198386e+01 2.669722190315064267e+02 8.831897884047464231e+01 2.555432556450621746e+02
7.186383496487198386e+01 2.669722190315064267e+02 8.831897884047464231e+01 2.555432556450621746e+02
7.186383496487198386e+01 2.669722190315064267e+02 8.831897884047464231e+01 2.555432556450621746e+02
7.186383496487198386e+01 2.669722190315064267e+02 8.831897884047464231e+01 2.555432556450621746e+02
7.186383496487198386e+01 2.669722190315064267e+02 8.831897884047464231e+01 2.555432556450621746e+02
7.186383496487198386e+01 2.669722190315064267e+02 8.831897884047464231e+01 2.555432556450621746e+02
7.186383496487198386e+01 2.669722190315064267e+02 8.831897884047464231e+01 2.555432556450621746e+02
7.186383496487198386e+01 2.669722190315064267e+02 8.831897884047464231e+01 2.555432556450621746e+02
7.186383496487198386e+01 2.669722190315064267e+02 8.831897884047464231e+01 2.555432556450621746e+02
7.186383496487198386e+01 2.669722190315064267e+02 8.831897884047464231e+01 2.555432556450621746e+02
7.186383496487198386e+01 2.669722190315064267e+02 8.831897884047464231e+01 2.555432556450621746e+02
7.186383496487198386e+01 2.669722190315064267e+02 8.831897884047464231e+01 2.555432556450621746e+02
7.186383496487198386e+01 2.669722190315064267e+02 8.831897884047464231e+01 2.555432556450621746e+02
7.186383496487198386e+01 2.669722190315064267e+02 8.831897884047464231e+01 2.555432556450621746e+02
7.186383496487198386e+01 2.669722190315064267e+02 8.831897884047464231e+01 2.555432556450621746e+02
7.186383496487198386e+01 2.669722190315064267e+02 8.831897884047464231e+01 2.555432556450621746e+02
7.186383496487198386e+01 2.669722190315064267e+02 8.831897884047464231e+01 2.555432556450621746e+02
7.186383496487198386e+01 2.669722190315064267e+02 8.831897884047464231e+01 2.555432556450621746e+02
7.186383496487198386e+01 2.669722190315064267e+02 8.831897884047464231e+01 2.555432556450621746e+02
7.186383496487198386e+01 2.669722190315064267e+02 8.831897884047464231e+01 2.555432556450621746e+02
7.186383496487198386e+01 2.669722190315064267e+02 8.831897884047464231e+01 2.555432556450621746e+02
7.186383496487198386e+01 2.669722190315064267e+02 8.831897884047464231e+01 2.555432556450621746e+02
7.186383496487198386e+01 2.669722190315064267e+02 8.831897884047464231e+01 2.555432556450621746e+02
7.186383496487198386e+01 2.669722190315064267e+02 8.831897884047464231e+01 2.555432556450621746e+02
7.186383496487198386e+01 2.669722190315064267e+02 8.831897884047464231e+01 2.555432556450621746e+02
7.186383496487198386e+01 2.669722190315064267e+02 8.831897884047464231e+01 2.555432556450621746e+02
7.186383496487198386e+01 2.669722190315064267e+02 8.831897884047464231e+01 2.555432556450621746e+02
