2.686446751554942480e+01 8.342628958091561344e+02 8.798980801549021635e+03 2.944730599649103624e+02
2.716652272750138408e+01 8.349028156522481368e+02 8.588862329383715405e+03 2.981802646820041787e+02
2.716652272750138408e+01 8.349028156522481368e+02 8.588862329383715405e+03 2.981802646820041787e+02
2.716652272750138408e+01 8.349028156522481368e+02 8.588862329383715405e+03 2.981802646820041787e+02
2.716652272750138408e+01 8.349028156522481368e+02 8.588862329383715405e+03 2.981802646820041787e+02
2.716652272750138408e+01 8.349028156522481368e+02 8.588862329383715405e+03 2.981802646820041787e+02
2.716652272750138408e+01 8.349028156522481368e+02 8.588862329383715405e+03 2.981802646820041787e+02
2.671928124541215865e+01 8.349350719467423687e+02 8.451681345814013184e+03 2.974621701868690025e+02
2.671928124541215865e+01 8.349350719467423687e+02 8.451681345814013184e+03 2.974621701868690025e+02
2.636884975492360184e+01 8.345595709295175766e+02 8.397483055002789115e+03 2.848052860277147147e+02
2.636884975492360184e+01 8.345595709295175766e+02 8.397483055002789115e+03 2.848052860277147147e+02
2.636884975492360184e+01 8.345595709295175766e+02 8.397483055002789115e+03 2.848052860277147147e+02
2.636884975492360184e+01 8.345595709295175766e+02 8.397483055002789115e+03 2.848052860277147147e+02
2.636884975492360184e+01 8.345595709295175766e+02 8.397483055002789115e+03 2.848052860277147147e+02
2.463910756507392108e+01 8.229857043180677465e+02 7.896379158357965025e+03 2.655791259784488716e+02
2.463910756507392108e+01 8.229857043180677465e+02 7.896379158357965025e+03 2.655791259784488716e+02
2.463910756507392108e+01 8.229857043180677465e+02 7.896379158357965025e+03 2.655791259784488716e+02
2.463910756507392108e+01 8.229857043180677465e+02 7.896379158357965025e+03 2.655791259784488716e+02
2.463910756507392108e+01 8.229857043180677465e+02 7.896379158357965025e+03 2.655791259784488716e+02
2.394214185723096833e+01 8.203475127266182199e+02 7.223164294949610849e+03 2.576695961515776503e+02
2.388282616816749737e+01 8.179075514969883898e+02 7.547769931807274588e+03 2.436677295293817167e+02
2.370426835890111761e+01 8.204455605874891262e+02 7.295430912641357281e+03 2.496265596824757722e+02
2.370426835890111761e+01 8.204455605874891262e+02 7.295430912641357281e+03 2.496265596824757722e+02
2.370426835890111761e+01 8.204455605874891262e+02 7.295430912641357281e+03 2.496265596824757722e+02
2.497923137660093929e+01 8.272459986135377221e+02 6.461903570320813742e+03 2.579160338178056122e+02
2.497923137660093929e+01 8.272459986135377221e+02 6.461903570320813742e+03 2.579160338178056122e+02
2.494921985211842141e+01 8.265736676509628751e+02 6.381520469544011576e+03 2.578873651392798934e+02
2.494921985211842141e+01 8.265736676509628751e+02 6.381520469544011576e+03 2.578873651392798934e+02
2.494921985211842141e+01 8.265736676509628751e+02 6.381520469544011576e+03 2.578873651392798934e+02
2.485785469749725962e+01 8.266908618893181711e+02 6.150084775036222709e+03 2.647712196721573150e+02
2.485785469749725962e+01 8.266908618893181711e+02 6.150084775036222709e+03 2.647712196721573150e+02
2.485785469749725962e+01 8.266908618893181711e+02 6.150084775036222709e+03 2.647712196721573150e+02
2.485785469749725962e+01 8.266908618893181711e+02 6.150084775036222709e+03 2.647712196721573150e+02
2.465994871301333546e+01 8.247586226552401740e+02 5.835859578865706681e+03 2.705230219531005105e+02
2.462922369518867427e+01 8.235033828758917025e+02 5.948966007372909189e+03 2.594525909797421832e+02
2.341088107517626327e+01 8.134605531726422214e+02 4.986363010676728663e+03 2.423036787775734524e+02
2.341088107517626327e+01 8.134605531726422214e+02 4.986363010676728663e+03 2.423036787775734524e+02
2.341088107517626327e+01 8.134605531726422214e+02 4.986363010676728663e+03 2.423036787775734524e+02
2.300923524124841180e+01 8.111148819800030196e+02 5.105480842591406144e+03 2.164682038276925482e+02
2.261537757007345562e+01 8.080764359046494292e+02 5.154908163928371323e+03 2.078381592460336549e+02
2.261537757007345562e+01 8.080764359046494292e+02 5.154908163928371323e+03 2.078381592460336549e+02
2.321866227902050639e+01 8.086910030837922250e+02 3.714838955889746103e+03 2.280552281746033429e+02
2.321866227902050639e+01 8.086910030837922250e+02 3.714838955889746103e+03 2.280552281746033429e+02
2.321866227902050639e+01 8.086910030837922250e+02 3.714838955889746103e+03 2.280552281746033429e+02
2.321866227902050639e+01 8.086910030837922250e+02 3.714838955889746103e+03 2.280552281746033429e+02
2.321866227902050639e+01 8.086910030837922250e+02 3.714838955889746103e+03 2.280552281746033429e+02
2.321866227902050639e+01 8.086910030837922250e+02 3.714838955889746103e+03 2.280552281746033429e+02
2.321866227902050639e+01 8.086910030837922250e+02 3.714838955889746103e+03 2.280552281746033429e+02
2.321866227902050639e+01 8.086910030837922250e+02 3.714838955889746103e+03 2.280552281746033429e+02
2.288740045331896411e+01 8.084736063179317398e+02 3.877277494815215050e+03 2.226882623307438678e+02
2.273261246880283437e+01 8.063335491577666971e+02 2.800756581622425983e+03 1.922971683433613350e+02
2.273261246880283437e+01 8.063335491577666971e+02 2.800756581622425983e+03 1.922971683433613350e+02
2.279980337310949423e+01 8.075917789986477828e+02 2.740414895838742723e+03 1.844436861579329729e+02
2.287178461241454741e+01 8.065580097954284611e+02 2.563358223785410701e+03 1.874949734087231832e+02
2.287178461241454741e+01 8.065580097954284611e+02 2.563358223785410701e+03 1.874949734087231832e+02
2.277783509310212651e+01 8.070843854806738591e+02 2.682173994487822256e+03 1.815039094925657253e+02
2.277783509310212651e+01 8.070843854806738591e+02 2.682173994487822256e+03 1.815039094925657253e+02
2.277783509310212651e+01 8.070843854806738591e+02 2.682173994487822256e+03 1.815039094925657253e+02
2.277783509310212651e+01 8.070843854806738591e+02 2.682173994487822256e+03 1.815039094925657253e+02
2.277783509310212651e+01 8.070843854806738591e+02 2.682173994487822256e+03 1.815039094925657253e+02
2.277783509310212651e+01 8.070843854806738591e+02 2.682173994487822256e+03 1.815039094925657253e+02
2.277783509310212651e+01 8.070843854806738591e+02 2.682173994487822256e+03 1.815039094925657253e+02
2.276187101515862210e+01 8.065185080842534262e+02 2.594143395113851511e+03 1.743028955505748741e+02
2.321211813894542786e+01 8.090873359993130407e+02 2.426442811657866969e+03 1.802289160963769348e+02
2.262242259182422899e+01 8.090666157400755765e+02 2.204533695102218644e+03 1.836701667043425914e+02
2.291401312195123197e+01 8.083153168635733437e+02 2.193047878570022021e+03 1.780718147953541290e+02
2.310805442573224155e+01 8.083053455638148534e+02 1.758008455525798581e+03 1.982499058099559761e+02
2.341455149732879804e+01 8.095937362761867462e+02 1.805632131302098060e+03 1.866333117123003262e+02
2.341658245919706971e+01 8.093385439005091939e+02 1.745843195388181584e+03 1.880168200459177399e+02
2.341658245919706971e+01 8.093385439005091939e+02 1.745843195388181584e+03 1.880168200459177399e+02
2.338526203378259893e+01 8.111304417165210907e+02 1.031100355970037754e+03 1.985753787512137762e+02
2.334243152120782838e+01 8.119838828567040991e+02 1.015759574842144048e+03 1.896698256010353987e+02
2.334243152120782838e+01 8.119838828567040991e+02 1.015759574842144048e+03 1.896698256010353987e+02
2.334243152120782838e+01 8.119838828567040991e+02 1.015759574842144048e+03 1.896698256010353987e+02
2.335775253533114793e+01 8.122584790746635690e+02 9.489895346286944005e+02 1.974330108746492556e+02
2.316047247852815616e+01 8.107263810596144822e+02 9.841892281938468159e+02 1.920700624988895981e+02
2.344725417726294481e+01 8.101727446347576915e+02 9.741116703518597433e+02 1.824361072165920916e+02
2.344725417726294481e+01 8.101727446347576915e+02 9.741116703518597433e+02 1.824361072165920916e+02
2.329613361589194298e+01 8.093285335896455308e+02 8.079935069999423831e+02 1.576123143054198010e+02
2.305771696883130772e+01 8.069579353611158012e+02 7.526650972777886182e+02 1.464494047053045449e+02
2.305771696883130772e+01 8.069579353611158012e+02 7.526650972777886182e+02 1.464494047053045449e+02
2.305771696883130772e+01 8.069579353611158012e+02 7.526650972777886182e+02 1.464494047053045449e+02
2.334838408510108465e+01 8.083896403833319937e+02 6.691137885928854985e+02 1.578138639763224944e+02
2.334838408510108465e+01 8.083896403833319937e+02 6.691137885928854985e+02 1.578138639763224944e+02
2.334838408510108465e+01 8.083896403833319937e+02 6.691137885928854985e+02 1.578138639763224944e+02
2.334378772386353518e+01 8.070474494474094627e+02 5.747633041864131656e+02 1.686501269839968984e+02
2.328469249706736477e+01 8.082155195028507251e+02 5.717494723785987389e+02 1.592318954517218401e+02
2.328469249706736477e+01 8.082155195028507251e+02 5.717494723785987389e+02 1.592318954517218401e+02
2.328469249706736477e+01 8.082155195028507251e+02 5.717494723785987389e+02 1.592318954517218401e+02
2.325823750597655248e+01 8.080493860716449035e+02 5.428577979736245425e+02 1.599605589261873035e+02
2.325823750597655248e+01 8.080493860716449035e+02 5.428577979736245425e+02 1.599605589261873035e+02
2.329926983642425142e+01 8.071466792317847876e+02 4.589851226778173441e+02 1.416535816989606360e+02
2.325609842912547620e+01 8.060597686913836242e+02 1.644343428385385266e+02 1.498306223566204096e+02
2.341589845595141028e+01 8.076640369585014696e+02 1.350717053087206807e+02 1.479540268448101585e+02
2.341589845595141028e+01 8.076640369585014696e+02 1.350717053087206807e+02 1.479540268448101585e+02
2.341589845595141028e+01 8.076640369585014696e+02 1.350717053087206807e+02 1.479540268448101585e+02
2.337113572548357965e+01 8.083050156390438588e+02 1.248935170666457282e+02 1.490709734499911576e+02
2.337113572548357965e+01 8.083050156390438588e+02 1.248935170666457282e+02 1.490709734499911576e+02
2.337113572548357965e+01 8.083050156390438588e+02 1.248935170666457282e+02 1.490709734499911576e+02
2.337113572548357965e+01 8.083050156390438588e+02 1.248935170666457282e+02 1.490709734499911576e+02
2.310565009799310943e+01 8.072292227675455933e+02 1.213836484081561764e+02 1.410745595179500071e+02
2.308868347214921357e+01 8.046748649909452524e+02 1.212870860062504761e+02 1.380003835139820296e+02
2.308868347214921357e+01 8.046748649909452524e+02 1.212870860062504761e+02 1.380003835139820296e+02
2.308868347214921357e+01 8.046748649909452524e+02 1.212870860062504761e+02 1.380003835139820296e+02
2.308868347214921357e+01 8.046748649909452524e+02 1.212870860062504761e+02 1.380003835139820296e+02
2.308868347214921357e+01 8.046748649909452524e+02 1.212870860062504761e+02 1.380003835139820296e+02
2.308868347214921357e+01 8.046748649909452524e+02 1.212870860062504761e+02 1.380003835139820296e+02
2.308868347214921357e+01 8.046748649909452524e+02 1.212870860062504761e+02 1.380003835139820296e+02
2.308868347214921357e+01 8.046748649909452524e+02 1.212870860062504761e+02 1.380003835139820296e+02
2.334954709368947690e+01 8.060488750317240374e+02 1.182615799450000935e+02 1.375517148971408972e+02
2.334954709368947690e+01 8.060488750317240374e+02 1.182615799450000935e+02 1.375517148971408972e+02
2.334954709368947690e+01 8.060488750317240374e+02 1.182615799450000935e+02 1.375517148971408972e+02
2.334954709368947690e+01 8.060488750317240374e+02 1.182615799450000935e+02 1.375517148971408972e+02
2.312950661306554778e+01 8.050283069117807599e+02 1.210326160855884297e+02 1.301179633366830330e+02
2.312950661306554778e+01 8.050283069117807599e+02 1.210326160855884297e+02 1.301179633366830330e+02
2.312950661306554778e+01 8.050283069117807599e+02 1.210326160855884297e+02 1.301179633366830330e+02
2.312950661306554778e+01 8.050283069117807599e+02 1.210326160855884297e+02 1.301179633366830330e+02
2.312950661306554778e+01 8.050283069117807599e+02 1.210326160855884297e+02 1.301179633366830330e+02
2.312950661306554778e+01 8.050283069117807599e+02 1.210326160855884297e+02 1.301179633366830330e+02
2.312950661306554778e+01 8.050283069117807599e+02 1.210326160855884297e+02 1.301179633366830330e+02
2.312950661306554778e+01 8.050283069117807599e+02 1.210326160855884297e+02 1.301179633366830330e+02
2.312950661306554778e+01 8.050283069117807599e+02 1.210326160855884297e+02 1.301179633366830330e+02
2.312950661306554778e+01 8.050283069117807599e+02 1.210326160855884297e+02 1.301179633366830330e+02
2.312950661306554778e+01 8.050283069117807599e+02 1.210326160855884297e+02 1.301179633366830330e+02
2.312950661306554778e+01 8.050283069117807599e+02 1.210326160855884297e+02 1.301179633366830330e+02
2.312950661306554778e+01 8.050283069117807599e+02 1.210326160855884297e+02 1.301179633366830330e+02
2.312950661306554778e+01 8.050283069117807599e+02 1.210326160855884297e+02 1.301179633366830330e+02
2.312950661306554778e+01 8.050283069117807599e+02 1.210326160855884297e+02 1.301179633366830330e+02
2.300349626130259395e+01 8.032901700270952006e+02 1.194414820599601654e+02 1.220807525768878321e+02
2.300349626130259395e+01 8.032901700270952006e+02 1.194414820599601654e+02 1.220807525768878321e+02
2.300349626130259395e+01 8.032901700270952006e+02 1.194414820599601654e+02 1.220807525768878321e+02
2.300349626130259395e+01 8.032901700270952006e+02 1.194414820599601654e+02 1.220807525768878321e+02
2.300349626130259395e+01 8.032901700270952006e+02 1.194414820599601654e+02 1.220807525768878321e+02
2.300349626130259395e+01 8.032901700270952006e+02 1.194414820599601654e+02 1.220807525768878321e+02
2.300349626130259395e+01 8.032901700270952006e+02 1.194414820599601654e+02 1.220807525768878321e+02
2.300349626130259395e+01 8.032901700270952006e+02 1.194414820599601654e+02 1.220807525768878321e+02
2.300349626130259395e+01 8.032901700270952006e+02 1.194414820599601654e+02 1.220807525768878321e+02
2.300349626130259395e+01 8.032901700270952006e+02 1.194414820599601654e+02 1.220807525768878321e+02
2.300349626130259395e+01 8.032901700270952006e+02 1.194414820599601654e+02 1.220807525768878321e+02
2.300349626130259395e+01 8.032901700270952006e+02 1.194414820599601654e+02 1.220807525768878321e+02
2.300349626130259395e+01 8.032901700270952006e+02 1.194414820599601654e+02 1.220807525768878321e+02
2.291619521395534775e+01 8.022431336964879165e+02 1.193995434243550022e+02 1.208554300944936415e+02
2.291619521395534775e+01 8.022431336964879165e+02 1.193995434243550022e+02 1.208554300944936415e+02
2.291619521395534775e+01 8.022431336964879165e+02 1.193995434243550022e+02 1.208554300944936415e+02
2.291619521395534775e+01 8.022431336964879165e+02 1.193995434243550022e+02 1.208554300944936415e+02
2.291619521395534775e+01 8.022431336964879165e+02 1.193995434243550022e+02 1.208554300944936415e+02
2.291619521395534775e+01 8.022431336964879165e+02 1.193995434243550022e+02 1.208554300944936415e+02
2.291619521395534775e+01 8.022431336964879165e+02 1.193995434243550022e+02 1.208554300944936415e+02
2.291619521395534775e+01 8.022431336964879165e+02 1.193995434243550022e+02 1.208554300944936415e+02
2.291619521395534775e+01 8.022431336964879165e+02 1.193995434243550022e+02 1.208554300944936415e+02
2.291619521395534775e+01 8.022431336964879165e+02 1.193995434243550022e+02 1.208554300944936415e+02
2.291619521395534775e+01 8.022431336964879165e+02 1.193995434243550022e+02 1.208554300944936415e+02
2.291619521395534775e+01 8.022431336964879165e+02 1.193995434243550022e+02 1.208554300944936415e+02
2.291619521395534775e+01 8.022431336964879165e+02 1.193995434243550022e+02 1.208554300944936415e+02
2.291619521395534775e+01 8.022431336964879165e+02 1.193995434243550022e+02 1.208554300944936415e+02
2.291619521395534775e+01 8.022431336964879165e+02 1.193995434243550022e+02 1.208554300944936415e+02
2.291619521395534775e+01 8.022431336964879165e+02 1.193995434243550022e+02 1.208554300944936415e+02
2.291619521395534775e+01 8.022431336964879165e+02 1.193995434243550022e+02 1.208554300944936415e+02
2.291619521395534775e+01 8.022431336964879165e+02 1.193995434243550022e+02 1.208554300944936415e+02
2.291619521395534775e+01 8.022431336964879165e+02 1.193995434243550022e+02 1.208554300944936415e+02
2.291619521395534775e+01 8.022431336964879165e+02 1.193995434243550022e+02 1.208554300944936415e+02
2.291619521395534775e+01 8.022431336964879165e+02 1.193995434243550022e+02 1.208554300944936415e+02
2.250826198141610490e+01 7.976842396419364150e+02 1.339748097778067972e+02 1.080250729126507849e+02
2.250826198141610490e+01 7.976842396419364150e+02 1.339748097778067972e+02 1.080250729126507849e+02
2.250826198141610490e+01 7.976842396419364150e+02 1.339748097778067972e+02 1.080250729126507849e+02
2.250826198141610490e+01 7.976842396419364150e+02 1.339748097778067972e+02 1.080250729126507849e+02
2.250826198141610490e+01 7.976842396419364150e+02 1.339748097778067972e+02 1.080250729126507849e+02
2.250826198141610490e+01 7.976842396419364150e+02 1.339748097778067972e+02 1.080250729126507849e+02
2.250826198141610490e+01 7.976842396419364150e+02 1.339748097778067972e+02 1.080250729126507849e+02
2.285435898054477377e+01 7.993762185515151941e+02 1.226568790492656973e+02 1.050857007131736083e+02
2.285435898054477377e+01 7.993762185515151941e+02 1.226568790492656973e+02 1.050857007131736083e+02
2.285435898054477377e+01 7.993762185515151941e+02 1.226568790492656973e+02 1.050857007131736083e+02
2.252378409217579502e+01 7.974340123492387420e+02 1.194799047825365790e+02 1.073562069631980620e+02
2.252378409217579502e+01 7.974340123492387420e+02 1.194799047825365790e+02 1.073562069631980620e+02
2.252378409217579502e+01 7.974340123492387420e+02 1.194799047825365790e+02 1.073562069631980620e+02
2.252378409217579502e+01 7.974340123492387420e+02 1.194799047825365790e+02 1.073562069631980620e+02
2.252378409217579502e+01 7.974340123492387420e+02 1.194799047825365790e+02 1.073562069631980620e+02
2.252378409217579502e+01 7.974340123492387420e+02 1.194799047825365790e+02 1.073562069631980620e+02
2.252378409217579502e+01 7.974340123492387420e+02 1.194799047825365790e+02 1.073562069631980620e+02
2.252378409217579502e+01 7.974340123492387420e+02 1.194799047825365790e+02 1.073562069631980620e+02
2.252378409217579502e+01 7.974340123492387420e+02 1.194799047825365790e+02 1.073562069631980620e+02
2.252378409217579502e+01 7.974340123492387420e+02 1.194799047825365790e+02 1.073562069631980620e+02
2.252378409217579502e+01 7.974340123492387420e+02 1.194799047825365790e+02 1.073562069631980620e+02
2.252378409217579502e+01 7.974340123492387420e+02 1.194799047825365790e+02 1.073562069631980620e+02
2.252378409217579502e+01 7.974340123492387420e+02 1.194799047825365790e+02 1.073562069631980620e+02
2.252378409217579502e+01 7.974340123492387420e+02 1.194799047825365790e+02 1.073562069631980620e+02
2.252378409217579502e+01 7.974340123492387420e+02 1.194799047825365790e+02 1.073562069631980620e+02
2.252378409217579502e+01 7.974340123492387420e+02 1.194799047825365790e+02 1.073562069631980620e+02
2.252378409217579502e+01 7.974340123492387420e+02 1.194799047825365790e+02 1.073562069631980620e+02
2.252378409217579502e+01 7.974340123492387420e+02 1.194799047825365790e+02 1.073562069631980620e+02
2.252378409217579502e+01 7.974340123492387420e+02 1.194799047825365790e+02 1.073562069631980620e+02
2.252378409217579502e+01 7.974340123492387420e+02 1.194799047825365790e+02 1.073562069631980620e+02
2.252378409217579502e+01 7.974340123492387420e+02 1.194799047825365790e+02 1.073562069631980620e+02
2.252378409217579502e+01 7.974340123492387420e+02 1.194799047825365790e+02 1.073562069631980620e+02
2.252378409217579502e+01 7.974340123492387420e+02 1.194799047825365790e+02 1.073562069631980620e+02
2.252378409217579502e+01 7.974340123492387420e+02 1.194799047825365790e+02 1.073562069631980620e+02
2.252378409217579502e+01 7.974340123492387420e+02 1.194799047825365790e+02 1.073562069631980620e+02
2.252378409217579502e+01 7.974340123492387420e+02 1.194799047825365790e+02 1.073562069631980620e+02
2.252378409217579502e+01 7.974340123492387420e+02 1.194799047825365790e+02 1.073562069631980620e+02
2.252378409217579502e+01 7.974340123492387420e+02 1.194799047825365790e+02 1.073562069631980620e+02
2.252378409217579502e+01 7.974340123492387420e+02 1.194799047825365790e+02 1.073562069631980620e+02
2.252378409217579502e+01 7.974340123492387420e+02 1.194799047825365790e+02 1.073562069631980620e+02
2.252378409217579502e+01 7.974340123492387420e+02 1.194799047825365790e+02 1.073562069631980620e+02
2.252378409217579502e+01 7.974340123492387420e+02 1.194799047825365790e+02 1.073562069631980620e+02
2.252378409217579502e+01 7.974340123492387420e+02 1.194799047825365790e+02 1.073562069631980620e+02
2.252378409217579502e+01 7.974340123492387420e+02 1.194799047825365790e+02 1.073562069631980620e+02
2.252378409217579502e+01 7.974340123492387420e+02 1.194799047825365790e+02 1.073562069631980620e+02
2.252378409217579502e+01 7.974340123492387420e+02 1.194799047825365790e+02 1.073562069631980620e+02
2.252378409217579502e+01 7.974340123492387420e+02 1.194799047825365790e+02 1.073562069631980620e+02
2.252378409217579502e+01 7.974340123492387420e+02 1.194799047825365790e+02 1.073562069631980620e+02
2.252378409217579502e+01 7.974340123492387420e+02 1.194799047825365790e+02 1.073562069631980620e+02
2.252378409217579502e+01 7.974340123492387420e+02 1.194799047825365790e+02 1.073562069631980620e+02
2.252378409217579502e+01 7.974340123492387420e+02 1.194799047825365790e+02 1.073562069631980620e+02
2.252378409217579502e+01 7.974340123492387420e+02 1.194799047825365790e+02 1.073562069631980620e+02
2.252378409217579502e+01 7.974340123492387420e+02 1.194799047825365790e+02 1.073562069631980620e+02
2.252378409217579502e+01 7.974340123492387420e+02 1.194799047825365790e+02 1.073562069631980620e+02
2.252378409217579502e+01 7.974340123492387420e+02 1.194799047825365790e+02 1.073562069631980620e+02
2.252378409217579502e+01 7.974340123492387420e+02 1.194799047825365790e+02 1.073562069631980620e+02
2.252378409217579502e+01 7.974340123492387420e+02 1.194799047825365790e+02 1.073562069631980620e+02
2.252378409217579502e+01 7.974340123492387420e+02 1.194799047825365790e+02 1.073562069631980620e+02
2.252378409217579502e+01 7.974340123492387420e+02 1.194799047825365790e+02 1.073562069631980620e+02
2.252378409217579502e+01 7.974340123492387420e+02 1.194799047825365790e+02 1.073562069631980620e+02
2.252378409217579502e+01 7.974340123492387420e+02 1.194799047825365790e+02 1.073562069631980620e+02
2.252378409217579502e+01 7.974340123492387420e+02 1.194799047825365790e+02 1.073562069631980620e+02
2.252378409217579502e+01 7.974340123492387420e+02 1.194799047825365790e+02 1.073562069631980620e+02
2.252378409217579502e+01 7.974340123492387420e+02 1.194799047825365790e+02 1.073562069631980620e+02
2.252378409217579502e+01 7.974340123492387420e+02 1.194799047825365790e+02 1.073562069631980620e+02
2.252378409217579502e+01 7.974340123492387420e+02 1.194799047825365790e+02 1.073562069631980620e+02
2.252378409217579502e+01 7.974340123492387420e+02 1.194799047825365790e+02 1.073562069631980620e+02
2.252378409217579502e+01 7.974340123492387420e+02 1.194799047825365790e+02 1.073562069631980620e+02
2.252378409217579502e+01 7.974340123492387420e+02 1.194799047825365790e+02 1.073562069631980620e+02
2.252378409217579502e+01 7.974340123492387420e+02 1.194799047825365790e+02 1.073562069631980620e+02
2.252378409217579502e+01 7.974340123492387420e+02 1.194799047825365790e+02 1.073562069631980620e+02
2.252378409217579502e+01 7.974340123492387420e+02 1.194799047825365790e+02 1.073562069631980620e+02
2.252378409217579502e+01 7.974340123492387420e+02 1.194799047825365790e+02 1.073562069631980620e+02
2.252378409217579502e+01 7.974340123492387420e+02 1.194799047825365790e+02 1.073562069631980620e+02
2.252378409217579502e+01 7.974340123492387420e+02 1.194799047825365790e+02 1.073562069631980620e+02
2.252378409217579502e+01 7.974340123492387420e+02 1.194799047825365790e+02 1.073562069631980620e+02
2.232957470397695587e+01 7.971368253406413942e+02 1.184375250791166394e+02 1.082074861683015854e+02
2.232957470397695587e+01 7.971368253406413942e+02 1.184375250791166394e+02 1.082074861683015854e+02
2.269249122288066545e+01 7.963816897039769174e+02 1.208731574793494019e+02 1.034046369127691207e+02
2.269249122288066545e+01 7.963816897039769174e+02 1.208731574793494019e+02 1.034046369127691207e+02
2.269249122288066545e+01 7.963816897039769174e+02 1.208731574793494019e+02 1.034046369127691207e+02
2.269249122288066545e+01 7.963816897039769174e+02 1.208731574793494019e+02 1.034046369127691207e+02
2.269249122288066545e+01 7.963816897039769174e+02 1.208731574793494019e+02 1.034046369127691207e+02
2.269249122288066545e+01 7.963816897039769174e+02 1.208731574793494019e+02 1.034046369127691207e+02
2.269249122288066545e+01 7.963816897039769174e+02 1.208731574793494019e+02 1.034046369127691207e+02
2.269249122288066545e+01 7.963816897039769174e+02 1.208731574793494019e+02 1.034046369127691207e+02
2.269249122288066545e+01 7.963816897039769174e+02 1.208731574793494019e+02 1.034046369127691207e+02
2.269249122288066545e+01 7.963816897039769174e+02 1.208731574793494019e+02 1.034046369127691207e+02
2.269249122288066545e+01 7.963816897039769174e+02 1.208731574793494019e+02 1.034046369127691207e+02
2.269249122288066545e+01 7.963816897039769174e+02 1.208731574793494019e+02 1.034046369127691207e+02
2.269249122288066545e+01 7.963816897039769174e+02 1.208731574793494019e+02 1.034046369127691207e+02
2.269249122288066545e+01 7.963816897039769174e+02 1.208731574793494019e+02 1.034046369127691207e+02
2.269249122288066545e+01 7.963816897039769174e+02 1.208731574793494019e+02 1.034046369127691207e+02
2.269249122288066545e+01 7.963816897039769174e+02 1.208731574793494019e+02 1.034046369127691207e+02
2.269249122288066545e+01 7.963816897039769174e+02 1.208731574793494019e+02 1.034046369127691207e+02
2.269249122288066545e+01 7.963816897039769174e+02 1.208731574793494019e+02 1.034046369127691207e+02
2.269249122288066545e+01 7.963816897039769174e+02 1.208731574793494019e+02 1.034046369127691207e+02
2.269249122288066545e+01 7.963816897039769174e+02 1.208731574793494019e+02 1.034046369127691207e+02
2.269249122288066545e+01 7.963816897039769174e+02 1.208731574793494019e+02 1.034046369127691207e+02
2.288784935679867516e+01 8.003509837177402915e+02 1.209222425487305514e+02 1.019895661486784491e+02
2.288784935679867516e+01 8.003509837177402915e+02 1.209222425487305514e+02 1.019895661486784491e+02
2.288784935679867516e+01 8.003509837177402915e+02 1.209222425487305514e+02 1.019895661486784491e+02
2.288784935679867516e+01 8.003509837177402915e+02 1.209222425487305514e+02 1.019895661486784491e+02
2.288784935679867516e+01 8.003509837177402915e+02 1.209222425487305514e+02 1.019895661486784491e+02
2.288784935679867516e+01 8.003509837177402915e+02 1.209222425487305514e+02 1.019895661486784491e+02
2.288784935679867516e+01 8.003509837177402915e+02 1.209222425487305514e+02 1.019895661486784491e+02
2.288784935679867516e+01 8.003509837177402915e+02 1.209222425487305514e+02 1.019895661486784491e+02
2.288784935679867516e+01 8.003509837177402915e+02 1.209222425487305514e+02 1.019895661486784491e+02
2.288784935679867516e+01 8.003509837177402915e+02 1.209222425487305514e+02 1.019895661486784491e+02
2.288784935679867516e+01 8.003509837177402915e+02 1.209222425487305514e+02 1.019895661486784491e+02
2.288784935679867516e+01 8.003509837177402915e+02 1.209222425487305514e+02 1.019895661486784491e+02
2.288784935679867516e+01 8.003509837177402915e+02 1.209222425487305514e+02 1.019895661486784491e+02
2.288784935679867516e+01 8.003509837177402915e+02 1.209222425487305514e+02 1.019895661486784491e+02
2.288784935679867516e+01 8.003509837177402915e+02 1.209222425487305514e+02 1.019895661486784491e+02
2.288784935679867516e+01 8.003509837177402915e+02 1.209222425487305514e+02 1.019895661486784491e+02
2.288784935679867516e+01 8.003509837177402915e+02 1.209222425487305514e+02 1.019895661486784491e+02
2.288784935679867516e+01 8.003509837177402915e+02 1.209222425487305514e+02 1.019895661486784491e+02
2.288784935679867516e+01 8.003509837177402915e+02 1.209222425487305514e+02 1.019895661486784491e+02
2.288784935679867516e+01 8.003509837177402915e+02 1.209222425487305514e+02 1.019895661486784491e+02
2.288784935679867516e+01 8.003509837177402915e+02 1.209222425487305514e+02 1.019895661486784491e+02
2.288784935679867516e+01 8.003509837177402915e+02 1.209222425487305514e+02 1.019895661486784491e+02
2.288784935679867516e+01 8.003509837177402915e+02 1.209222425487305514e+02 1.019895661486784491e+02
2.288784935679867516e+01 8.003509837177402915e+02 1.209222425487305514e+02 1.019895661486784491e+02
2.288784935679867516e+01 8.003509837177402915e+02 1.209222425487305514e+02 1.019895661486784491e+02
2.288784935679867516e+01 8.003509837177402915e+02 1.209222425487305514e+02 1.019895661486784491e+02
2.288784935679867516e+01 8.003509837177402915e+02 1.209222425487305514e+02 1.019895661486784491e+02
2.288784935679867516e+01 8.003509837177402915e+02 1.209222425487305514e+02 1.019895661486784491e+02
2.288784935679867516e+01 8.003509837177402915e+02 1.209222425487305514e+02 1.019895661486784491e+02
2.288784935679867516e+01 8.003509837177402915e+02 1.209222425487305514e+02 1.019895661486784491e+02
2.288784935679867516e+01 8.003509837177402915e+02 1.209222425487305514e+02 1.019895661486784491e+02
2.288784935679867516e+01 8.003509837177402915e+02 1.209222425487305514e+02 1.019895661486784491e+02
2.288784935679867516e+01 8.003509837177402915e+02 1.209222425487305514e+02 1.019895661486784491e+02
2.288784935679867516e+01 8.003509837177402915e+02 1.209222425487305514e+02 1.019895661486784491e+02
2.288784935679867516e+01 8.003509837177402915e+02 1.209222425487305514e+02 1.019895661486784491e+02
2.288784935679867516e+01 8.003509837177402915e+02 1.209222425487305514e+02 1.019895661486784491e+02
2.288784935679867516e+01 8.003509837177402915e+02 1.209222425487305514e+02 1.019895661486784491e+02
2.288784935679867516e+01 8.003509837177402915e+02 1.209222425487305514e+02 1.019895661486784491e+02
2.288784935679867516e+01 8.003509837177402915e+02 1.209222425487305514e+02 1.019895661486784491e+02
2.288784935679867516e+01 8.003509837177402915e+02 1.209222425487305514e+02 1.019895661486784491e+02
2.288784935679867516e+01 8.003509837177402915e+02 1.209222425487305514e+02 1.019895661486784491e+02
2.288784935679867516e+01 8.003509837177402915e+02 1.209222425487305514e+02 1.019895661486784491e+02
2.288784935679867516e+01 8.003509837177402915e+02 1.209222425487305514e+02 1.019895661486784491e+02
2.288784935679867516e+01 8.003509837177402915e+02 1.209222425487305514e+02 1.019895661486784491e+02
2.288784935679867516e+01 8.003509837177402915e+02 1.209222425487305514e+02 1.019895661486784491e+02
2.288784935679867516e+01 8.003509837177402915e+02 1.209222425487305514e+02 1.019895661486784491e+02
2.288784935679867516e+01 8.003509837177402915e+02 1.209222425487305514e+02 1.019895661486784491e+02
2.288784935679867516e+01 8.003509837177402915e+02 1.209222425487305514e+02 1.019895661486784491e+02
2.288784935679867516e+01 8.003509837177402915e+02 1.209222425487305514e+02 1.019895661486784491e+02
2.288784935679867516e+01 8.003509837177402915e+02 1.209222425487305514e+02 1.019895661486784491e+02
2.288784935679867516e+01 8.003509837177402915e+02 1.209222425487305514e+02 1.019895661486784491e+02
2.288784935679867516e+01 8.003509837177402915e+02 1.209222425487305514e+02 1.019895661486784491e+02
2.288784935679867516e+01 8.003509837177402915e+02 1.209222425487305514e+02 1.019895661486784491e+02
2.288784935679867516e+01 8.003509837177402915e+02 1.209222425487305514e+02 1.019895661486784491e+02
2.288784935679867516e+01 8.003509837177402915e+02 1.209222425487305514e+02 1.019895661486784491e+02
2.288784935679867516e+01 8.003509837177402915e+02 1.209222425487305514e+02 1.019895661486784491e+02
2.288784935679867516e+01 8.003509837177402915e+02 1.209222425487305514e+02 1.019895661486784491e+02
2.288784935679867516e+01 8.003509837177402915e+02 1.209222425487305514e+02 1.019895661486784491e+02
2.288784935679867516e+01 8.003509837177402915e+02 1.209222425487305514e+02 1.019895661486784491e+02
2.288784935679867516e+01 8.003509837177402915e+02 1.209222425487305514e+02 1.019895661486784491e+02
2.288784935679867516e+01 8.003509837177402915e+02 1.209222425487305514e+02 1.019895661486784491e+02
2.288784935679867516e+01 8.003509837177402915e+02 1.209222425487305514e+02 1.019895661486784491e+02
2.288784935679867516e+01 8.003509837177402915e+02 1.209222425487305514e+02 1.019895661486784491e+02
2.288784935679867516e+01 8.003509837177402915e+02 1.209222425487305514e+02 1.019895661486784491e+02
2.288784935679867516e+01 8.003509837177402915e+02 1.209222425487305514e+02 1.019895661486784491e+02
2.288784935679867516e+01 8.003509837177402915e+02 1.209222425487305514e+02 1.019895661486784491e+02
2.288784935679867516e+01 8.003509837177402915e+02 1.209222425487305514e+02 1.019895661486784491e+02
2.288784935679867516e+01 8.003509837177402915e+02 1.209222425487305514e+02 1.019895661486784491e+02
2.288784935679867516e+01 8.003509837177402915e+02 1.209222425487305514e+02 1.019895661486784491e+02
2.288784935679867516e+01 8.003509837177402915e+02 1.209222425487305514e+02 1.019895661486784491e+02
2.288784935679867516e+01 8.003509837177402915e+02 1.209222425487305514e+02 1.019895661486784491e+02
2.288784935679867516e+01 8.003509837177402915e+02 1.209222425487305514e+02 1.019895661486784491e+02
2.288784935679867516e+01 8.003509837177402915e+02 1.209222425487305514e+02 1.019895661486784491e+02
2.288784935679867516e+01 8.003509837177402915e+02 1.209222425487305514e+02 1.019895661486784491e+02
2.288784935679867516e+01 8.003509837177402915e+02 1.209222425487305514e+02 1.019895661486784491e+02
2.288784935679867516e+01 8.003509837177402915e+02 1.209222425487305514e+02 1.019895661486784491e+02
2.288784935679867516e+01 8.003509837177402915e+02 1.209222425487305514e+02 1.019895661486784491e+02
2.288784935679867516e+01 8.003509837177402915e+02 1.209222425487305514e+02 1.019895661486784491e+02
2.288784935679867516e+01 8.003509837177402915e+02 1.209222425487305514e+02 1.019895661486784491e+02
2.288784935679867516e+01 8.003509837177402915e+02 1.209222425487305514e+02 1.019895661486784491e+02
2.288784935679867516e+01 8.003509837177402915e+02 1.209222425487305514e+02 1.019895661486784491e+02
2.288784935679867516e+01 8.003509837177402915e+02 1.209222425487305514e+02 1.019895661486784491e+02
2.288784935679867516e+01 8.003509837177402915e+02 1.209222425487305514e+02 1.019895661486784491e+02
2.288784935679867516e+01 8.003509837177402915e+02 1.209222425487305514e+02 1.019895661486784491e+02
2.288784935679867516e+01 8.003509837177402915e+02 1.209222425487305514e+02 1.019895661486784491e+02
2.288784935679867516e+01 8.003509837177402915e+02 1.209222425487305514e+02 1.019895661486784491e+02
2.288784935679867516e+01 8.003509837177402915e+02 1.209222425487305514e+02 1.019895661486784491e+02
2.288784935679867516e+01 8.003509837177402915e+02 1.209222425487305514e+02 1.019895661486784491e+02
2.288784935679867516e+01 8.003509837177402915e+02 1.209222425487305514e+02 1.019895661486784491e+02
2.288784935679867516e+01 8.003509837177402915e+02 1.209222425487305514e+02 1.019895661486784491e+02
2.288784935679867516e+01 8.003509837177402915e+02 1.209222425487305514e+02 1.019895661486784491e+02
2.288784935679867516e+01 8.003509837177402915e+02 1.209222425487305514e+02 1.019895661486784491e+02
2.288784935679867516e+01 8.003509837177402915e+02 1.209222425487305514e+02 1.019895661486784491e+02
2.288784935679867516e+01 8.003509837177402915e+02 1.209222425487305514e+02 1.019895661486784491e+02
2.288784935679867516e+01 8.003509837177402915e+02 1.209222425487305514e+02 1.019895661486784491e+02
2.288784935679867516e+01 8.003509837177402915e+02 1.209222425487305514e+02 1.019895661486784491e+02
2.288784935679867516e+01 8.003509837177402915e+02 1.209222425487305514e+02 1.019895661486784491e+02
2.288784935679867516e+01 8.003509837177402915e+02 1.209222425487305514e+02 1.019895661486784491e+02
2.288784935679867516e+01 8.003509837177402915e+02 1.209222425487305514e+02 1.019895661486784491e+02
2.288784935679867516e+01 8.003509837177402915e+02 1.209222425487305514e+02 1.019895661486784491e+02
2.288784935679867516e+01 8.003509837177402915e+02 1.209222425487305514e+02 1.019895661486784491e+02
2.288784935679867516e+01 8.003509837177402915e+02 1.209222425487305514e+02 1.019895661486784491e+02
2.288784935679867516e+01 8.003509837177402915e+02 1.209222425487305514e+02 1.019895661486784491e+02
2.288784935679867516e+01 8.003509837177402915e+02 1.209222425487305514e+02 1.019895661486784491e+02
2.288784935679867516e+01 8.003509837177402915e+02 1.209222425487305514e+02 1.019895661486784491e+02
2.288784935679867516e+01 8.003509837177402915e+02 1.209222425487305514e+02 1.019895661486784491e+02
2.288784935679867516e+01 8.003509837177402915e+02 1.209222425487305514e+02 1.019895661486784491e+02
2.288784935679867516e+01 8.003509837177402915e+02 1.209222425487305514e+02 1.019895661486784491e+02
2.288784935679867516e+01 8.003509837177402915e+02 1.209222425487305514e+02 1.019895661486784491e+02
2.288784935679867516e+01 8.003509837177402915e+02 1.209222425487305514e+02 1.019895661486784491e+02
2.288784935679867516e+01 8.003509837177402915e+02 1.209222425487305514e+02 1.019895661486784491e+02
2.288784935679867516e+01 8.003509837177402915e+02 1.209222425487305514e+02 1.019895661486784491e+02
2.288784935679867516e+01 8.003509837177402915e+02 1.209222425487305514e+02 1.019895661486784491e+02
2.288784935679867516e+01 8.003509837177402915e+02 1.209222425487305514e+02 1.019895661486784491e+02
2.288784935679867516e+01 8.003509837177402915e+02 1.209222425487305514e+02 1.019895661486784491e+02
2.288784935679867516e+01 8.003509837177402915e+02 1.209222425487305514e+02 1.019895661486784491e+02
2.288784935679867516e+01 8.003509837177402915e+02 1.209222425487305514e+02 1.019895661486784491e+02
2.288784935679867516e+01 8.003509837177402915e+02 1.209222425487305514e+02 1.019895661486784491e+02
2.288784935679867516e+01 8.003509837177402915e+02 1.209222425487305514e+02 1.019895661486784491e+02
2.288784935679867516e+01 8.003509837177402915e+02 1.209222425487305514e+02 1.019895661486784491e+02
2.288784935679867516e+01 8.003509837177402915e+02 1.209222425487305514e+02 1.019895661486784491e+02
2.288784935679867516e+01 8.003509837177402915e+02 1.209222425487305514e+02 1.019895661486784491e+02
2.288784935679867516e+01 8.003509837177402915e+02 1.209222425487305514e+02 1.019895661486784491e+02
2.288784935679867516e+01 8.003509837177402915e+02 1.209222425487305514e+02 1.019895661486784491e+02
2.288784935679867516e+01 8.003509837177402915e+02 1.209222425487305514e+02 1.019895661486784491e+02
2.288784935679867516e+01 8.003509837177402915e+02 1.209222425487305514e+02 1.019895661486784491e+02
2.288784935679867516e+01 8.003509837177402915e+02 1.209222425487305514e+02 1.019895661486784491e+02
2.288784935679867516e+01 8.003509837177402915e+02 1.209222425487305514e+02 1.019895661486784491e+02
2.288784935679867516e+01 8.003509837177402915e+02 1.209222425487305514e+02 1.019895661486784491e+02
2.288784935679867516e+01 8.003509837177402915e+02 1.209222425487305514e+02 1.019895661486784491e+02
2.288784935679867516e+01 8.003509837177402915e+02 1.209222425487305514e+02 1.019895661486784491e+02
2.288784935679867516e+01 8.003509837177402915e+02 1.209222425487305514e+02 1.019895661486784491e+02
2.288784935679867516e+01 8.003509837177402915e+02 1.209222425487305514e+02 1.019895661486784491e+02
2.288784935679867516e+01 8.003509837177402915e+02 1.209222425487305514e+02 1.019895661486784491e+02
2.288784935679867516e+01 8.003509837177402915e+02 1.209222425487305514e+02 1.019895661486784491e+02
2.288784935679867516e+01 8.003509837177402915e+02 1.209222425487305514e+02 1.019895661486784491e+02
2.288784935679867516e+01 8.003509837177402915e+02 1.209222425487305514e+02 1.019895661486784491e+02
2.288784935679867516e+01 8.003509837177402915e+02 1.209222425487305514e+02 1.019895661486784491e+02
2.288784935679867516e+01 8.003509837177402915e+02 1.209222425487305514e+02 1.019895661486784491e+02
2.288784935679867516e+01 8.003509837177402915e+02 1.209222425487305514e+02 1.019895661486784491e+02
2.288784935679867516e+01 8.003509837177402915e+02 1.209222425487305514e+02 1.019895661486784491e+02
2.288784935679867516e+01 8.003509837177402915e+02 1.209222425487305514e+02 1.019895661486784491e+02
2.288784935679867516e+01 8.003509837177402915e+02 1.209222425487305514e+02 1.019895661486784491e+02
2.288784935679867516e+01 8.003509837177402915e+02 1.209222425487305514e+02 1.019895661486784491e+02
2.288784935679867516e+01 8.003509837177402915e+02 1.209222425487305514e+02 1.019895661486784491e+02
2.288784935679867516e+01 8.003509837177402915e+02 1.209222425487305514e+02 1.019895661486784491e+02
2.288784935679867516e+01 8.003509837177402915e+02 1.209222425487305514e+02 1.019895661486784491e+02
2.288784935679867516e+01 8.003509837177402915e+02 1.209222425487305514e+02 1.019895661486784491e+02
2.288784935679867516e+01 8.003509837177402915e+02 1.209222425487305514e+02 1.019895661486784491e+02
2.288784935679867516e+01 8.003509837177402915e+02 1.209222425487305514e+02 1.019895661486784491e+02
2.288784935679867516e+01 8.003509837177402915e+02 1.209222425487305514e+02 1.019895661486784491e+02
2.288784935679867516e+01 8.003509837177402915e+02 1.209222425487305514e+02 1.019895661486784491e+02
2.288784935679867516e+01 8.003509837177402915e+02 1.209222425487305514e+02 1.019895661486784491e+02
2.288784935679867516e+01 8.003509837177402915e+02 1.209222425487305514e+02 1.019895661486784491e+02
2.288784935679867516e+01 8.003509837177402915e+02 1.209222425487305514e+02 1.019895661486784491e+02
2.288784935679867516e+01 8.003509837177402915e+02 1.209222425487305514e+02 1.019895661486784491e+02
2.288784935679867516e+01 8.003509837177402915e+02 1.209222425487305514e+02 1.019895661486784491e+02
2.288784935679867516e+01 8.003509837177402915e+02 1.209222425487305514e+02 1.019895661486784491e+02
2.288784935679867516e+01 8.003509837177402915e+02 1.209222425487305514e+02 1.019895661486784491e+02
2.288784935679867516e+01 8.003509837177402915e+02 1.209222425487305514e+02 1.019895661486784491e+02
2.288784935679867516e+01 8.003509837177402915e+02 1.209222425487305514e+02 1.019895661486784491e+02
2.288784935679867516e+01 8.003509837177402915e+02 1.209222425487305514e+02 1.019895661486784491e+02
2.288784935679867516e+01 8.003509837177402915e+02 1.209222425487305514e+02 1.019895661486784491e+02
2.288784935679867516e+01 8.003509837177402915e+02 1.209222425487305514e+02 1.019895661486784491e+02
2.288784935679867516e+01 8.003509837177402915e+02 1.209222425487305514e+02 1.019895661486784491e+02
2.288784935679867516e+01 8.003509837177402915e+02 1.209222425487305514e+02 1.019895661486784491e+02
2.288784935679867516e+01 8.003509837177402915e+02 1.209222425487305514e+02 1.019895661486784491e+02
2.288784935679867516e+01 8.003509837177402915e+02 1.209222425487305514e+02 1.019895661486784491e+02
2.288784935679867516e+01 8.003509837177402915e+02 1.209222425487305514e+02 1.019895661486784491e+02
2.288784935679867516e+01 8.003509837177402915e+02 1.209222425487305514e+02 1.019895661486784491e+02
2.288784935679867516e+01 8.003509837177402915e+02 1.209222425487305514e+02 1.019895661486784491e+02
2.288784935679867516e+01 8.003509837177402915e+02 1.209222425487305514e+02 1.019895661486784491e+02
2.288784935679867516e+01 8.003509837177402915e+02 1.209222425487305514e+02 1.019895661486784491e+02
2.288784935679867516e+01 8.003509837177402915e+02 1.209222425487305514e+02 1.019895661486784491e+02
2.288784935679867516e+01 8.003509837177402915e+02 1.209222425487305514e+02 1.019895661486784491e+02
2.288784935679867516e+01 8.003509837177402915e+02 1.209222425487305514e+02 1.019895661486784491e+02
2.288784935679867516e+01 8.003509837177402915e+02 1.209222425487305514e+02 1.019895661486784491e+02
2.288784935679867516e+01 8.003509837177402915e+02 1.209222425487305514e+02 1.019895661486784491e+02
2.288784935679867516e+01 8.003509837177402915e+02 1.209222425487305514e+02 1.019895661486784491e+02
2.288784935679867516e+01 8.003509837177402915e+02 1.209222425487305514e+02 1.019895661486784491e+02
2.288784935679867516e+01 8.003509837177402915e+02 1.209222425487305514e+02 1.019895661486784491e+02
2.288784935679867516e+01 8.003509837177402915e+02 1.209222425487305514e+02 1.019895661486784491e+02
2.288784935679867516e+01 8.003509837177402915e+02 1.209222425487305514e+02 1.019895661486784491e+02
2.288784935679867516e+01 8.003509837177402915e+02 1.209222425487305514e+02 1.019895661486784491e+02
2.288784935679867516e+01 8.003509837177402915e+02 1.209222425487305514e+02 1.019895661486784491e+02
2.288784935679867516e+01 8.003509837177402915e+02 1.209222425487305514e+02 1.019895661486784491e+02
2.288784935679867516e+01 8.003509837177402915e+02 1.209222425487305514e+02 1.019895661486784491e+02
2.288784935679867516e+01 8.003509837177402915e+02 1.209222425487305514e+02 1.019895661486784491e+02
2.288784935679867516e+01 8.003509837177402915e+02 1.209222425487305514e+02 1.019895661486784491e+02
2.288784935679867516e+01 8.003509837177402915e+02 1.209222425487305514e+02 1.019895661486784491e+02
2.288784935679867516e+01 8.003509837177402915e+02 1.209222425487305514e+02 1.019895661486784491e+02
2.288784935679867516e+01 8.003509837177402915e+02 1.209222425487305514e+02 1.019895661486784491e+02
2.288784935679867516e+01 8.003509837177402915e+02 1.209222425487305514e+02 1.019895661486784491e+02
2.288784935679867516e+01 8.003509837177402915e+02 1.209222425487305514e+02 1.019895661486784491e+02
2.288784935679867516e+01 8.003509837177402915e+02 1.209222425487305514e+02 1.019895661486784491e+02
2.288784935679867516e+01 8.003509837177402915e+02 1.209222425487305514e+02 1.019895661486784491e+02
2.288784935679867516e+01 8.003509837177402915e+02 1.209222425487305514e+02 1.019895661486784491e+02
2.288784935679867516e+01 8.003509837177402915e+02 1.209222425487305514e+02 1.019895661486784491e+02
2.288784935679867516e+01 8.003509837177402915e+02 1.209222425487305514e+02 1.019895661486784491e+02
2.288784935679867516e+01 8.003509837177402915e+02 1.209222425487305514e+02 1.019895661486784491e+02
2.288784935679867516e+01 8.003509837177402915e+02 1.209222425487305514e+02 1.019895661486784491e+02
2.288784935679867516e+01 8.003509837177402915e+02 1.209222425487305514e+02 1.019895661486784491e+02
2.288784935679867516e+01 8.003509837177402915e+02 1.209222425487305514e+02 1.019895661486784491e+02
2.288784935679867516e+01 8.003509837177402915e+02 1.209222425487305514e+02 1.019895661486784491e+02
2.288784935679867516e+01 8.003509837177402915e+02 1.209222425487305514e+02 1.019895661486784491e+02
2.288784935679867516e+01 8.003509837177402915e+02 1.209222425487305514e+02 1.019895661486784491e+02
2.288784935679867516e+01 8.003509837177402915e+02 1.209222425487305514e+02 1.019895661486784491e+02
2.288784935679867516e+01 8.003509837177402915e+02 1.209222425487305514e+02 1.019895661486784491e+02
2.288784935679867516e+01 8.003509837177402915e+02 1.209222425487305514e+02 1.019895661486784491e+02
2.288784935679867516e+01 8.003509837177402915e+02 1.209222425487305514e+02 1.019895661486784491e+02
2.288784935679867516e+01 8.003509837177402915e+02 1.209222425487305514e+02 1.019895661486784491e+02
2.288784935679867516e+01 8.003509837177402915e+02 1.209222425487305514e+02 1.019895661486784491e+02
2.288784935679867516e+01 8.003509837177402915e+02 1.209222425487305514e+02 1.019895661486784491e+02
2.288784935679867516e+01 8.003509837177402915e+02 1.209222425487305514e+02 1.019895661486784491e+02
2.288784935679867516e+01 8.003509837177402915e+02 1.209222425487305514e+02 1.019895661486784491e+02
2.288784935679867516e+01 8.003509837177402915e+02 1.209222425487305514e+02 1.019895661486784491e+02
2.288784935679867516e+01 8.003509837177402915e+02 1.209222425487305514e+02 1.019895661486784491e+02
2.288784935679867516e+01 8.003509837177402915e+02 1.209222425487305514e+02 1.019895661486784491e+02
2.288784935679867516e+01 8.003509837177402915e+02 1.209222425487305514e+02 1.019895661486784491e+02
2.288784935679867516e+01 8.003509837177402915e+02 1.209222425487305514e+02 1.019895661486784491e+02
2.288784935679867516e+01 8.003509837177402915e+02 1.209222425487305514e+02 1.019895661486784491e+02
2.288784935679867516e+01 8.003509837177402915e+02 1.209222425487305514e+02 1.019895661486784491e+02
2.288784935679867516e+01 8.003509837177402915e+02 1.209222425487305514e+02 1.019895661486784491e+02
2.288784935679867516e+01 8.003509837177402915e+02 1.209222425487305514e+02 1.019895661486784491e+02
2.288784935679867516e+01 8.003509837177402915e+02 1.209222425487305514e+02 1.019895661486784491e+02
2.288784935679867516e+01 8.003509837177402915e+02 1.209222425487305514e+02 1.019895661486784491e+02
2.288784935679867516e+01 8.003509837177402915e+02 1.209222425487305514e+02 1.019895661486784491e+02
2.288784935679867516e+01 8.003509837177402915e+02 1.209222425487305514e+02 1.019895661486784491e+02
2.288784935679867516e+01 8.003509837177402915e+02 1.209222425487305514e+02 1.019895661486784491e+02
2.288784935679867516e+01 8.003509837177402915e+02 1.209222425487305514e+02 1.019895661486784491e+02
2.288784935679867516e+01 8.003509837177402915e+02 1.209222425487305514e+02 1.019895661486784491e+02
2.288784935679867516e+01 8.003509837177402915e+02 1.209222425487305514e+02 1.019895661486784491e+02
2.288784935679867516e+01 8.003509837177402915e+02 1.209222425487305514e+02 1.019895661486784491e+02
2.288784935679867516e+01 8.003509837177402915e+02 1.209222425487305514e+02 1.019895661486784491e+02
2.288784935679867516e+01 8.003509837177402915e+02 1.209222425487305514e+02 1.019895661486784491e+02
2.288784935679867516e+01 8.003509837177402915e+02 1.209222425487305514e+02 1.019895661486784491e+02
2.288784935679867516e+01 8.003509837177402915e+02 1.209222425487305514e+02 1.019895661486784491e+02
2.288784935679867516e+01 8.003509837177402915e+02 1.209222425487305514e+02 1.019895661486784491e+02
2.288784935679867516e+01 8.003509837177402915e+02 1.209222425487305514e+02 1.019895661486784491e+02
