1.000000000000000000e+00 1.000000000000000000e+00 1.000000000000000000e+00 1.000000000000000000e+00
3.583901098870850843e-02 1.163022128740561101e+00 1.188417521741060590e+01 3.979545087082476118e-01
3.917071733884186502e-02 1.188127604040004393e+00 1.164374476703675221e+01 4.240797091877855918e-01
4.276656352748741535e-02 1.176975512439620619e+00 1.170243129017923245e+01 4.003899747755243488e-01
3.957576583355223998e-02 1.226626650619859316e+00 1.224832777537142547e+01 4.122616023816875752e-01
3.913519781944713172e-02 1.161000841343260204e+00 1.166143185822231310e+01 4.721879551171153655e-01
3.581209322893637997e-02 1.183824683306270664e+00 1.149660884581559550e+01 4.253788196380434705e-01
3.622002304597680966e-02 1.111750249438095528e+00 1.055764877188771500e+01 4.195771877220662027e-01
3.298246332041004231e-02 1.247859055052046084e+00 1.194700797020287730e+01 4.079347614227037400e-01
3.506772091104030237e-02 1.142920196925548026e+00 1.238357132423115559e+01 3.620370765821673276e-01
3.852336707435196489e-02 1.200999503791810641e+00 1.267990516338893769e+01 3.879693284216302329e-01
3.581998371984707746e-02 1.225730501683991447e+00 1.207729176845425378e+01 4.181760527758290880e-01
3.864803590363877911e-02 1.220054974364671585e+00 1.191120249695038602e+01 4.337677950197335597e-01
3.761270577664813791e-02 1.197597947766762205e+00 1.181246720373940562e+01 3.946533455070325713e-01
3.497631705892791099e-02 1.189221209750561892e+00 1.052062627549706697e+01 3.303504186177745328e-01
3.995019172521377393e-02 1.255922181502015844e+00 1.112071863683561190e+01 3.567467335531455674e-01
3.519994142710339280e-02 1.135821437055294370e+00 1.033456313756982148e+01 3.452981911512571500e-01
3.623245625515806451e-02 1.193052904739859033e+00 9.965824160073761817e+00 3.919661364647792912e-01
3.616251656059196740e-02 1.148453278472721273e+00 1.169925099311126004e+01 3.674638061974276337e-01
3.312573630147986475e-02 1.131355263999252792e+00 9.136518549752050689e+00 3.717014277294450331e-01
3.588915383748995935e-02 1.080139999690574726e+00 9.991165236736090804e+00 3.578600874294586842e-01
3.153080970836138336e-02 1.169047483973641999e+00 1.063122276738973682e+01 3.610655871026701713e-01
3.203482984812713180e-02 1.140013784445105705e+00 1.022027172792255456e+01 3.531675186365639263e-01
3.209055628946875377e-02 1.141568685980002051e+00 1.058264969805342659e+01 3.570095321640868735e-01
3.528964789083881282e-02 1.181435853516406898e+00 8.823364498463654115e+00 3.559140790354095030e-01
3.586114730143992457e-02 1.243111089406964798e+00 8.852161513740238519e+00 3.357856673893772625e-01
3.605598389026890699e-02 1.124671922247486355e+00 9.368608787983484731e+00 3.746502332405954871e-01
3.488271229796080508e-02 1.187467392636472052e+00 9.213302438518518045e+00 3.730943363469594876e-01
3.276639863703245670e-02 1.055647927707559219e+00 9.466004291924186020e+00 4.124622779214270896e-01
3.758892902028691113e-02 1.173582470135114519e+00 8.197579435582520446e+00 3.553892866947660489e-01
3.697483784144096203e-02 1.175334967823903787e+00 8.566821891293621150e+00 3.491297356841314703e-01
3.253253936034506549e-02 1.158209158285260498e+00 9.947298345175820344e+00 3.442695198283303726e-01
3.357697046075356490e-02 1.216071787849492214e+00 8.835542582922929711e+00 3.712996826986790233e-01
3.809078029289136857e-02 1.187400716426680880e+00 8.567482924344574258e+00 3.572241686987656650e-01
3.372984778215753349e-02 1.225401367964058075e+00 8.955008825469143119e+00 3.608187366487029535e-01
3.191568450290340614e-02 1.151449301749281506e+00 6.842301742783549301e+00 3.090942881560775346e-01
3.467994937881491158e-02 1.186797404148115076e+00 6.988481576288318564e+00 3.648125849578585655e-01
2.840414157705832901e-02 1.047873459945250385e+00 6.433917220322381780e+00 3.061301036439156853e-01
3.346371663506737815e-02 1.108179685728700958e+00 6.753819772975774960e+00 3.222339121006536633e-01
3.329857051474890278e-02 1.069455369647846155e+00 7.148267721515597195e+00 3.023853531040827103e-01
2.949990286155901309e-02 1.087405788076255764e+00 7.672106145786327325e+00 3.316602519339029165e-01
3.508921588443894568e-02 1.176784729981039890e+00 4.991234414748088710e+00 3.128165416018087175e-01
3.311233959201465016e-02 1.219673902761299722e+00 5.593843326199881894e+00 3.173220004550626472e-01
3.023928236527003224e-02 1.167791029449129381e+00 5.485592046973359004e+00 2.896058858966672478e-01
3.073276419003482390e-02 1.079970702679307282e+00 5.152838917449431122e+00 2.892243406880622425e-01
3.592586327705240418e-02 1.164130255648746948e+00 5.135989951296305200e+00 3.211724519247233234e-01
3.163704066042532376e-02 1.090605832699951483e+00 5.378130722879626902e+00 3.222436689577056756e-01
3.325111162325172093e-02 1.032292566797938793e+00 5.385702989331512036e+00 3.303928392896673949e-01
3.506580033140033192e-02 1.111386124255630214e+00 5.347844640709988440e+00 2.998169900006356081e-01
3.500617578579538064e-02 1.105219457592950372e+00 5.538290209849900947e+00 3.086214094186500168e-01
3.202406095988042517e-02 1.145324855963281818e+00 4.023385391453691007e+00 2.665032432638784754e-01
3.299195322736139108e-02 1.131473608638274397e+00 3.829432742388654276e+00 3.060729281965165471e-01
2.981430699369844520e-02 1.127406324826741191e+00 3.835787546639179535e+00 2.592187953922603927e-01
3.065174896584244024e-02 1.080430212463681761e+00 3.507931330727142694e+00 2.749100713130870899e-01
3.045059673641347525e-02 1.143412475600003253e+00 3.789384195685934209e+00 2.541668258150797666e-01
3.112475638920386006e-02 1.163859545951399621e+00 4.085786623566344034e+00 2.360735780905605374e-01
3.121160458216637457e-02 1.237323463790423350e+00 3.715591128469883486e+00 2.697461274395908659e-01
3.200563394982764570e-02 1.228586312156850768e+00 3.657377150141551070e+00 2.617452389989382566e-01
2.885637517166333640e-02 1.226243863506452314e+00 3.635780198621807013e+00 2.500485163141272227e-01
3.074632577927596810e-02 1.140966875510403877e+00 3.965023140764594167e+00 2.273471042531091391e-01
2.939294480298736134e-02 1.134831113210729381e+00 3.813725977571422288e+00 2.617976771131402813e-01
3.159475069894139565e-02 1.033114020278417700e+00 3.600829917993560780e+00 2.672415598443842466e-01
3.338781974053838669e-02 1.041071352987351872e+00 3.277301083358151068e+00 2.461895765145245829e-01
3.083064560679223479e-02 1.172707378022581626e+00 3.251790143642723674e+00 2.435009068177829417e-01
3.103792843478864888e-02 1.046875171751578959e+00 2.950238076812864207e+00 2.834439569392369074e-01
3.004860241283622418e-02 1.102905388418445654e+00 2.903062441261436533e+00 2.584581836181546466e-01
3.066034226696853424e-02 1.100950522331765713e+00 2.244529030785503476e+00 2.625090593489075586e-01
2.913603124739348044e-02 1.142736291898362122e+00 2.435517694227945729e+00 2.236928659533114205e-01
3.420167294007818437e-02 1.171300574847401244e+00 2.379574443657927585e+00 2.623023329954141669e-01
3.174851534660708130e-02 1.093724841053472785e+00 2.422835576899768917e+00 2.509098938108358379e-01
3.124521609099576575e-02 1.078550057062459544e+00 1.600837274269751420e+00 3.068641147405531955e-01
3.519049576149651387e-02 1.205376432841472001e+00 1.310140758127016358e+00 2.607798444624458423e-01
3.429253255378678089e-02 1.163497442127058301e+00 1.358626915362850740e+00 2.634890498582622143e-01
3.054416815578155781e-02 9.953760839422349793e-01 1.402722733088466844e+00 2.873841611945448515e-01
3.436792959716201967e-02 1.114110978717754996e+00 1.438063916198577985e+00 3.136427573878490804e-01
3.137420394667315288e-02 1.093473996785438773e+00 1.339586507313950348e+00 2.549331616960637814e-01
3.553468274482001615e-02 1.051148811045417464e+00 1.375781283911539754e+00 2.552533727401459229e-01
3.056588279856998699e-02 1.145012623906307425e+00 1.345500180269539214e+00 2.516433204617887776e-01
3.633346321993951439e-02 1.083736820278756063e+00 1.226552803226497845e+00 2.236681706150764615e-01
3.245965648715620072e-02 1.098322975833319282e+00 1.107162892501809326e+00 2.087902378904029355e-01
3.214918185542908063e-02 1.093963753203339495e+00 1.034389897954834936e+00 1.904230792453494581e-01
3.422952742339966520e-02 1.088930961986376067e+00 1.020116997524545210e+00 1.849692027344242984e-01
3.423384119750773336e-02 1.073165644143053488e+00 1.030172969572097363e+00 2.244099333872047741e-01
3.044876674976580710e-02 1.143712646941405175e+00 8.767962937263740208e-01 2.228774804723791247e-01
3.518107437213732064e-02 1.007528833331985618e+00 9.396403346998501993e-01 2.347451070562370512e-01
3.386453238415747941e-02 1.155876950939422665e+00 7.493427778552782526e-01 2.351370554465302409e-01
3.153554970696741816e-02 1.164972132543128591e+00 8.512889187381769140e-01 2.108145295185730184e-01
3.129104416632928071e-02 1.125133106980832798e+00 8.324178257622734112e-01 2.357167788491088822e-01
3.112100514705124985e-02 1.093638288520495383e+00 7.623851434891661949e-01 2.243296123630741101e-01
3.172286475497072822e-02 1.124519556324792502e+00 7.483663389676841193e-01 2.174536576268654986e-01
3.319559208594454608e-02 1.145205392331667182e+00 7.492228132317603206e-01 2.301616108338281064e-01
3.138453665478108806e-02 1.139136037637509036e+00 6.625882186708130783e-01 1.910120024362726154e-01
3.362503118084692738e-02 1.124146524988764551e+00 2.292237778665908166e-01 2.180446471874880887e-01
3.716650143021223152e-02 1.159446020652880938e+00 1.812362466688683393e-01 1.982835791522249425e-01
3.745644264489279146e-02 1.155846003987685444e+00 1.981999929067668198e-01 2.102995992632427924e-01
3.302248420593389966e-02 1.183497248610205110e+00 1.800447753958182018e-01 2.092501309699642265e-01
3.155964334497923796e-02 1.228467100933078315e+00 1.646590829157983937e-01 2.277154947447863065e-01
3.381774562753389612e-02 1.159330902693322729e+00 1.610260279796932037e-01 2.089886216564810495e-01
3.344958749960880856e-02 1.076723000872954028e+00 1.931433876161017804e-01 2.072824808156034926e-01
3.029708124153324481e-02 1.159865327853011108e+00 1.600229125294311827e-01 2.090442980740113144e-01
3.011160108178908418e-02 1.121272216068422090e+00 1.693666581810240324e-01 1.921711505198727687e-01
3.282729656696185827e-02 1.175046019728831270e+00 1.698664181835536635e-01 2.028046581332763332e-01
3.083395140906333015e-02 1.077293637058978737e+00 1.631398399001648403e-01 1.858893569865739392e-01
3.269331369292784173e-02 1.141769475498954023e+00 1.577348696507596404e-01 1.845846640205797973e-01
3.297795174321329487e-02 1.042270649647291325e+00 1.725192560466837499e-01 1.969127381595875415e-01
3.080249806174967242e-02 1.271014431765061570e+00 1.651516346772476662e-01 1.971943853478958786e-01
3.158809132930686520e-02 1.122445486948082216e+00 1.735575613701984821e-01 1.769950775139089438e-01
3.545738944616171062e-02 1.185908952473449407e+00 1.639039957703369854e-01 1.825300056668680837e-01
3.022023157120531933e-02 1.112028008611459562e+00 1.784359626015253608e-01 1.862566364691216336e-01
3.400628038058998992e-02 1.050098061406306016e+00 1.669227872420918635e-01 2.167680419915566092e-01
3.512666793614062366e-02 1.192929063436038328e+00 1.701868141910470866e-01 1.938819418495732194e-01
3.307079258460058485e-02 1.145687352419710869e+00 1.793892546067889227e-01 2.028570101617787058e-01
3.064530388249253265e-02 1.014856632094906619e+00 1.630613123971095535e-01 1.852499464519428429e-01
3.146144309455572302e-02 1.089533805949051803e+00 1.587595324296789678e-01 1.696348311394473285e-01
3.353974368249582755e-02 1.134022908611499236e+00 1.816249409369324053e-01 1.844905536147045388e-01
2.923899449588222843e-02 1.116341849373488015e+00 1.651348272083124902e-01 1.717392913262911769e-01
3.183643358060193190e-02 1.071260449215645894e+00 1.700502223940814350e-01 1.937334979923582834e-01
3.238641762530943685e-02 1.184838613669333185e+00 1.764481497607434946e-01 1.876201620444562512e-01
3.215930989675983009e-02 1.065021464934559958e+00 1.477529486072019227e-01 1.894305017732990093e-01
2.961344363717057296e-02 1.216953297433876369e+00 1.584710445490705999e-01 1.656860924270787128e-01
3.017073524428798281e-02 1.094994794309851693e+00 1.769758718995629032e-01 1.801580773031548899e-01
3.396418160792916141e-02 1.116794251892065715e+00 1.618892609531925597e-01 2.019788386279050829e-01
3.094729123380909191e-02 1.182386696333831422e+00 1.542357267550292232e-01 1.791176260267282605e-01
3.535022774908208598e-02 1.190827041307490175e+00 1.676120887892278977e-01 1.880832315224061635e-01
3.065149086412834872e-02 1.086513669386935277e+00 1.713941031964654194e-01 1.821966570584793443e-01
3.461612542358372818e-02 1.052814779465657047e+00 1.812600419819801190e-01 1.926282130887475019e-01
3.010125737011439678e-02 1.149029869830643369e+00 1.945728050130098863e-01 1.886710270092775976e-01
3.216978804708910122e-02 1.127766813023740600e+00 1.807339017038394058e-01 1.778292304188435202e-01
3.346972188061916181e-02 1.108259943808545200e+00 1.533332815191283671e-01 1.635809422573553940e-01
3.093103425439906393e-02 1.032546118715793160e+00 1.641597139096537261e-01 1.610893367508451357e-01
3.059580131237085374e-02 1.086246451410174618e+00 1.616938281666246147e-01 1.774025348379057732e-01
2.862588557023206665e-02 1.086286455065307299e+00 1.523620415377602844e-01 1.740774042718345738e-01
3.255275676253120698e-02 1.110664825846584769e+00 1.549862539403910611e-01 1.545800250596572611e-01
3.095362354964738619e-02 1.158253553804608815e+00 1.643577869970541672e-01 1.841613792865460786e-01
3.114063347830945197e-02 1.089645167803976467e+00 1.650007177640488987e-01 1.727820803785127812e-01
3.184341895160777702e-02 1.150177137647144576e+00 1.761468236489755201e-01 1.764081272608366557e-01
2.818309031175802309e-02 1.162851015717406566e+00 1.734888059627215651e-01 1.820014424918693086e-01
3.390429295545269867e-02 1.038892436455406632e+00 1.751254485121963578e-01 1.748435651498425614e-01
3.091221419485121885e-02 1.126144495048978511e+00 1.817217748964750634e-01 1.746370210133293133e-01
2.979421513278818559e-02 1.125698441337761091e+00 1.784179662214560314e-01 1.619514749358291761e-01
3.153319267099195106e-02 1.072497438941864001e+00 1.550713105235465294e-01 1.654757262176369259e-01
3.061286125452710935e-02 1.084304016588713671e+00 1.669686280737112394e-01 1.660439626820776615e-01
3.031694813633818361e-02 1.034675957046285122e+00 1.748087932690932100e-01 1.784316795578497206e-01
3.106346285341878705e-02 1.051024915055066788e+00 1.618146733097061418e-01 1.645684039530913301e-01
3.266681081771531658e-02 1.037524801350842019e+00 1.686628582715102853e-01 1.615534834982412515e-01
2.895126145028294185e-02 1.102170423963387380e+00 1.761787588817557704e-01 1.555853651892535605e-01
3.097422910726680204e-02 1.077248034783329533e+00 1.672463224615369226e-01 1.818934306879114726e-01
3.505764770110236794e-02 1.089554270400517444e+00 1.580086926672058800e-01 1.804693930859668227e-01
3.426718763120756295e-02 1.178673926523105209e+00 1.586822792487956879e-01 1.838862864710093525e-01
3.266868577368925441e-02 1.115515173251141468e+00 1.611187372976490007e-01 1.564819049611694546e-01
3.356919004522716105e-02 1.145661028736836728e+00 1.687977560990390202e-01 1.600528895035332189e-01
2.922155148036622782e-02 1.007766005776178364e+00 1.779594311369881166e-01 1.632312408043457563e-01
3.218669629750357114e-02 1.205852018385931146e+00 1.533439847101772113e-01 1.639010054869835808e-01
3.094036728399688838e-02 1.116480288248504316e+00 1.827292225784326596e-01 1.623165972040257476e-01
3.410327807765379388e-02 1.014787746857042539e+00 1.574678253308289810e-01 1.609438917936684144e-01
3.071893666678502527e-02 1.151625284092613333e+00 1.626671628075585241e-01 1.760878514202410261e-01
3.109820418508828233e-02 1.085682253227421512e+00 1.650654294968791069e-01 1.654855057785413475e-01
3.496191271666040240e-02 1.118370792708913264e+00 1.515419120861134783e-01 1.712924791479885911e-01
3.274117916905695119e-02 1.187851619304231665e+00 1.653189151184462358e-01 1.721714504784411237e-01
3.019059093582791842e-02 1.155684073200563544e+00 1.673179614834210682e-01 1.697971777541716909e-01
3.411767973453173203e-02 1.119608446180783812e+00 1.652615023064004374e-01 1.747768491541253078e-01
2.987041264906001303e-02 1.171214186447998573e+00 1.698054412147098902e-01 1.586707400450661776e-01
3.504664504309414758e-02 1.167194905660809301e+00 1.938520688800885738e-01 1.569845491874821697e-01
3.181509631842570351e-02 1.197222651616636435e+00 1.951287338677067940e-01 1.478269306554142182e-01
3.243021368914352637e-02 1.132591243698902739e+00 1.855443727147295940e-01 1.455928521119478347e-01
3.276343101315899037e-02 1.167818290133869175e+00 1.822644065309221295e-01 1.501678081723070157e-01
3.302429374884306018e-02 1.120228502240939061e+00 2.032742878588228996e-01 1.525013734679702415e-01
3.098170578242715606e-02 1.033328781491773762e+00 1.787819135786956892e-01 1.500399698108824398e-01
3.108653161865587017e-02 1.081493423428490308e+00 1.820030245717735029e-01 1.596677325790508417e-01
3.110613691998729419e-02 1.139326206169686939e+00 1.640235710736730745e-01 1.380069182104368686e-01
3.409658547245723176e-02 1.044143115771394070e+00 1.746317684627439470e-01 1.552035396491972530e-01
3.217038752268605584e-02 1.096763962809076842e+00 1.633678226861169647e-01 1.479423089552978632e-01
3.002619763218802168e-02 1.160021824736585661e+00 1.678707527012194556e-01 1.377843428585322494e-01
3.241245340435416206e-02 1.041622811886732114e+00 1.531749546661373418e-01 1.791887840677358901e-01
3.184002565780524874e-02 1.178628543445436661e+00 1.705143253478759446e-01 1.409075844692615487e-01
3.239203957112296584e-02 1.166930308249407355e+00 1.633732948344848168e-01 1.631164234427406046e-01
2.946694363861151675e-02 1.270882132892373839e+00 1.871582318845744497e-01 1.548407999352002795e-01
3.138682475304909597e-02 1.062861372370468960e+00 1.645897667260192709e-01 1.463075287501645894e-01
2.804526560452584236e-02 1.068940359285354136e+00 1.653441226760383742e-01 1.454964558644374351e-01
3.437916242470771822e-02 1.080067532196534952e+00 1.489824088954980474e-01 1.485428537349321176e-01
2.738829949489032453e-02 1.091187485538529067e+00 1.639483530181026771e-01 1.482421831311121485e-01
2.903902319386767600e-02 1.188827421154271535e+00 1.666196081293597198e-01 1.449346023512673443e-01
3.098905216309569277e-02 1.032567315888892612e+00 1.671340634128007374e-01 1.329428975235494859e-01
3.361348613172905619e-02 1.157687244979807462e+00 1.698690595302087547e-01 1.508902733295946486e-01
3.122232664189222157e-02 1.077343947266733881e+00 1.844704447323367302e-01 1.598211199199277288e-01
3.254180753212581462e-02 1.169735248158036089e+00 1.596015545177410788e-01 1.606227573608213499e-01
2.937147238931158907e-02 1.085995230256429300e+00 1.590639605195016126e-01 1.625252565060378296e-01
3.235697263404858914e-02 1.066253073384691552e+00 1.727073356387526792e-01 1.401940144039504343e-01
3.312200205110746309e-02 1.154479893367785115e+00 1.579391043916888726e-01 1.443988365047378652e-01
3.353131270337155606e-02 1.155630897090581755e+00 1.760979273150945490e-01 1.395570872967104858e-01
3.345609362857219354e-02 1.060963177779430611e+00 1.650796478847219029e-01 1.630980792996950257e-01
3.289472703185537111e-02 1.044260660160103438e+00 1.617177036728482675e-01 1.395222910566362717e-01
3.146209869726138142e-02 1.104217967216948093e+00 1.685459379033171501e-01 1.805160008260742743e-01
3.083451399872752866e-02 1.098278476743466792e+00 1.626990475805985825e-01 1.437112444210436324e-01
3.249285720376766939e-02 1.131135420714012962e+00 1.843156402508354941e-01 1.634569007482394032e-01
3.225036717269105097e-02 1.113449873165284876e+00 1.685597969838374399e-01 1.418755480884421050e-01
3.266461379132711701e-02 1.015413614649107066e+00 1.705918901945767396e-01 1.379000604690575338e-01
3.157328809013928289e-02 1.123302850150680765e+00 1.620267596300466184e-01 1.714563867529914909e-01
3.144569334786382481e-02 1.072357355253661604e+00 1.842781663799201441e-01 1.648737362895214276e-01
2.954517163519032596e-02 1.117345267906547646e+00 1.685617555732873141e-01 1.664422584137595085e-01
3.292565178575122126e-02 9.999730780084903348e-01 1.518961206105820527e-01 1.507307884427271372e-01
3.153536655079569595e-02 1.008343202200810751e+00 1.574748639300267983e-01 1.428309977618337778e-01
3.125906791950223973e-02 1.192811178869037425e+00 1.656170941322788193e-01 1.611102166052655604e-01
3.050373934948541477e-02 1.110912392625521994e+00 1.642377214276108666e-01 1.523720687810147245e-01
3.120119453763109049e-02 1.043246530533230798e+00 1.757624996698649023e-01 1.412967914208655695e-01
3.099885345005096160e-02 1.098307292536085722e+00 1.743006442329817773e-01 1.539159637234926159e-01
2.928464510965776355e-02 1.108394677291662411e+00 1.662164634632977422e-01 1.346211633545160158e-01
3.100687753188289750e-02 1.113966964035720819e+00 1.665075837848729590e-01 1.526544738945778135e-01
3.116328561357272972e-02 1.169112965084684985e+00 1.461682405227214543e-01 1.498226064489802667e-01
3.035264314562467064e-02 1.120788835346096635e+00 1.743433551829187134e-01 1.476460788480292718e-01
3.274866705670208961e-02 1.117299447996780826e+00 1.640746104645887937e-01 1.586927074385221514e-01
3.125291103563997835e-02 1.089833528267351914e+00 1.769250093412471081e-01 1.467663948758785308e-01
3.017656804521924585e-02 1.069368843043211337e+00 1.617957660151016497e-01 1.457980339832271321e-01
3.266623558172078445e-02 1.176042771101281748e+00 1.651992707570404118e-01 1.451337433777314667e-01
3.375030678211822510e-02 1.156155342785337714e+00 1.629641095243284932e-01 1.540946842717623722e-01
3.145430696849149665e-02 1.091672129824608151e+00 1.636771977776634301e-01 1.450424156961263866e-01
3.154611897989834102e-02 1.042409793038106214e+00 1.530121478461256013e-01 1.507176611176156422e-01
3.054917045538869252e-02 1.086994014502085992e+00 1.879966616965975390e-01 1.468482801966115581e-01
3.472457707851197423e-02 1.240717778375171498e+00 1.564028488489183355e-01 1.619309823796899195e-01
3.318103065446256078e-02 1.116596221168649983e+00 1.684747108587955899e-01 1.370290568446153878e-01
3.114738180295154035e-02 1.103979060535085210e+00 1.683142490831276428e-01 1.467360306232703693e-01
3.128888570608000935e-02 1.181718334382431346e+00 1.631066130391026492e-01 1.539258767769866865e-01
3.116780466246945117e-02 1.170525317853239766e+00 1.508216359571818155e-01 1.466036332157373279e-01
3.108210102579362158e-02 1.206782035961514010e+00 1.719959056676333697e-01 1.346095610389012875e-01
2.846044854975149710e-02 1.148802106155148994e+00 1.757669789920483228e-01 1.680101294766948583e-01
3.040080748836443414e-02 1.103676651102687423e+00 1.754159630932355662e-01 1.401250394900236118e-01
3.156578284024668529e-02 1.076835183161988674e+00 1.724168078195894016e-01 1.340064094098070979e-01
3.458911143922781956e-02 1.050580201573355410e+00 1.691527349156874971e-01 1.469663998587698306e-01
3.088511199064682133e-02 1.100881272583281945e+00 1.727244889234083591e-01 1.353360624098827458e-01
3.208384704021960410e-02 1.031120191724786306e+00 1.550391261610303273e-01 1.592051786995508644e-01
3.204759291502447954e-02 1.062041751603714834e+00 1.811509002299300508e-01 1.466228813581983981e-01
3.176072667283337536e-02 1.106816670853298934e+00 1.623686270374554985e-01 1.417042610216836807e-01
2.955753404294340220e-02 1.146383367574446366e+00 1.896110288908646191e-01 1.568006575003181302e-01
3.361011607265076973e-02 1.138987159036870311e+00 1.854026735501365930e-01 1.426744468143873179e-01
3.067239583508243536e-02 1.095114851468374395e+00 1.568388779127196653e-01 1.523456897241259878e-01
3.085583349383595048e-02 1.036311968920137438e+00 1.672500044060096780e-01 1.364397699243046491e-01
3.038732851585010039e-02 1.169317339483828100e+00 1.595860429227889121e-01 1.443091682110222984e-01
2.978882582959182720e-02 1.026062325340613812e+00 1.672401592357333766e-01 1.349318691257694325e-01
3.141836469845149526e-02 1.099388759373226776e+00 1.587077062316377130e-01 1.479191727510370813e-01
3.014713867244957560e-02 1.157615097509491653e+00 1.734487858478490074e-01 1.486469406832480744e-01
3.290098820106016758e-02 1.101494656462114641e+00 1.576632742273141874e-01 1.491132612686534298e-01
3.093868261094621930e-02 1.050450658087351385e+00 1.718208627426201507e-01 1.407190719718077743e-01
3.381868653311517064e-02 1.070727283921695694e+00 1.758042015536913638e-01 1.511313328868308936e-01
2.982957135025896683e-02 1.061164741293451952e+00 1.544800063280059588e-01 1.378425976525629315e-01
3.178924477505007395e-02 1.150016621584182719e+00 1.609556759681683991e-01 1.396335024071755915e-01
2.955362389388548408e-02 1.144867120502375935e+00 1.691191006182284351e-01 1.453460458175793724e-01
3.173207589666433154e-02 1.195503891894892590e+00 1.800907539402791246e-01 1.379605637234733728e-01
2.871471082393065727e-02 1.123572170921989244e+00 1.648795576973523525e-01 1.466408790704092080e-01
3.238021837872327724e-02 1.103555917665163699e+00 1.642280575022296296e-01 1.413556989444496315e-01
3.138944075199126549e-02 1.085368431634708974e+00 1.597400620173161645e-01 1.349153768179440493e-01
3.008121441400062393e-02 1.099705592953682975e+00 1.623442956596712616e-01 1.461055379807877086e-01
3.047295737771529497e-02 1.088628136745529940e+00 1.673830568777268379e-01 1.375919739217144611e-01
3.077789133298108534e-02 1.086832216299270959e+00 1.681282504363530994e-01 1.423196400223422364e-01
3.314428292377494950e-02 1.112546959265062307e+00 1.656071048150744296e-01 1.486902433783753308e-01
3.198906311606147107e-02 1.038774762190385781e+00 1.545007493692369671e-01 1.521943774352371714e-01
3.053044168130330735e-02 1.214794661627254246e+00 1.661228975632988436e-01 1.515301599953005063e-01
3.092629519860677634e-02 1.042248211890762555e+00 1.724155568461900878e-01 1.375182126764981361e-01
2.869134529463051794e-02 1.098395395107962358e+00 1.751462497050890743e-01 1.422014313772866634e-01
2.902212762459595655e-02 1.098267413780100288e+00 1.535016338567609939e-01 1.483847009927782845e-01
3.380174559649635341e-02 1.053432909228059655e+00 1.681103294477088728e-01 1.436492845951641562e-01
3.276887632612262430e-02 1.105928088830927081e+00 1.734717374119397748e-01 1.332321401192760046e-01
3.190911920279447533e-02 1.075968252023853378e+00 1.712048116727427627e-01 1.354313897124636290e-01
3.390325598850379984e-02 1.112367901510510793e+00 1.588195089037318097e-01 1.467177184571102078e-01
3.284874889994806452e-02 1.144235894108947438e+00 1.644013273359807015e-01 1.462150423821723944e-01
3.307972984448261794e-02 1.027690616191251349e+00 1.788526229019127001e-01 1.440778349001834158e-01
3.281926983988663060e-02 1.092138371927133367e+00 1.645325920973046974e-01 1.433396663919261627e-01
2.870132912577520734e-02 1.088605621533454748e+00 1.719872953884167277e-01 1.266408976586968771e-01
3.359765331245216646e-02 1.046767864472860188e+00 1.672454843494308729e-01 1.404229207587120998e-01
3.269653384715683758e-02 1.167975154735579224e+00 1.618922576115934264e-01 1.468368513787727814e-01
3.277888594942767603e-02 1.054206928142290334e+00 1.714045033073503810e-01 1.534342543711051388e-01
3.374193831982078701e-02 1.111012375784678596e+00 1.754008194626165140e-01 1.385659114789395407e-01
3.409695956950324625e-02 1.144719330451464900e+00 1.693478798190420076e-01 1.471839627225885738e-01
2.881543464619257949e-02 1.088983659293290440e+00 1.574024178453213296e-01 1.360268576497401516e-01
3.360206815938172192e-02 1.186751210939904544e+00 1.536459127676593484e-01 1.373886259271870081e-01
3.334579750908667206e-02 1.187451739738412115e+00 1.753121669008964600e-01 1.500706780724507527e-01
3.054836027121399580e-02 1.115700962303450616e+00 1.756692216547490470e-01 1.637065497523976787e-01
3.265259946342039671e-02 1.213992430920688870e+00 1.654768624974320979e-01 1.459238933315350484e-01
2.819565863380753268e-02 1.106121799686643481e+00 1.638429421887563076e-01 1.278415239841979023e-01
3.012455090989224135e-02 1.081637834506008033e+00 1.698879303216518921e-01 1.360657209345909613e-01
3.143086570357235543e-02 1.132578180500215970e+00 1.759892318054996352e-01 1.488065356873394807e-01
3.142674583301423297e-02 1.106748851800616995e+00 1.655965471922828391e-01 1.446769634772227253e-01
3.160399500880961554e-02 1.031070040328339488e+00 1.653173175989153532e-01 1.428325969658784667e-01
3.234289189307569534e-02 1.110757644454902104e+00 1.634639875164431988e-01 1.244639101175434026e-01
3.086641205845634325e-02 1.118927381714657443e+00 1.676033032395955191e-01 1.423677532612790397e-01
3.139391816432712118e-02 1.123357612171246522e+00 1.689300572699185543e-01 1.385837925431435136e-01
3.087937508684568746e-02 1.030717753789369917e+00 1.509600985775166326e-01 1.352324483184020321e-01
3.161666254237436441e-02 1.052077695218723852e+00 1.526212022920165612e-01 1.434097262858580746e-01
3.280296626016027117e-02 1.274912961087843355e+00 1.625702161905975829e-01 1.570523527238259220e-01
2.971933565641052613e-02 1.145349208149678333e+00 1.685466288287730263e-01 1.371009929090068191e-01
3.035065617278224701e-02 1.121150889953393959e+00 1.640874892625789894e-01 1.450743075313487840e-01
3.121962939482736052e-02 1.107744424676666783e+00 1.544980661175016923e-01 1.474816496344398820e-01
3.012918347493905719e-02 1.051841262608694372e+00 1.577053820032469911e-01 1.364525677525650627e-01
3.198163860175497197e-02 1.201679764406214712e+00 1.633112377795130910e-01 1.475063368400313102e-01
3.464881785364641587e-02 1.031599689796540265e+00 1.482305776505388473e-01 1.390172085505423372e-01
3.283308705075797806e-02 1.212866599736233786e+00 1.608915675137874979e-01 1.328609277772180297e-01
3.182588380455902283e-02 1.145380305062324355e+00 1.541265072144483994e-01 1.255785389284292397e-01
3.408705102164061307e-02 1.176675109165191024e+00 1.705376773865193152e-01 1.422645058593182132e-01
3.320818453989685115e-02 1.098915161169626842e+00 1.696663421085714551e-01 1.437213370333886853e-01
3.117585354831709302e-02 1.148838463339260096e+00 1.782655553156842210e-01 1.540862947390122528e-01
3.108829311635120940e-02 1.174474585507863988e+00 1.722495999971245528e-01 1.484481218834434457e-01
2.729693534264367866e-02 1.085356442704244140e+00 1.877558807396572382e-01 1.364831742621937516e-01
3.237711625868881782e-02 1.142000697088854988e+00 1.613261961313163240e-01 1.450651466936326017e-01
3.328514057345579452e-02 1.284371130935979322e+00 1.635536598126026697e-01 1.365098032484231283e-01
3.127665716778042088e-02 1.142902290530251719e+00 1.749150044772569412e-01 1.345598046098521183e-01
3.127267078995010080e-02 1.054109703270887266e+00 1.616307550129443271e-01 1.417508064124534950e-01
3.036713953819798056e-02 1.095303687774155321e+00 1.655353334285601663e-01 1.490289753241194892e-01
3.273842049617092104e-02 1.031718455942412849e+00 1.540348764650189550e-01 1.347212640731207944e-01
3.535950002277589432e-02 1.148949302678131890e+00 1.946190431967929624e-01 1.387377205882380504e-01
3.296705099944977069e-02 1.130608275649418903e+00 1.653796824572556778e-01 1.449102667518946952e-01
3.466411612341702836e-02 1.098544420198321436e+00 1.716385382575385810e-01 1.437187373799524714e-01
3.442138104738567961e-02 1.270213050329728199e+00 1.719400884375315020e-01 1.583008163571311688e-01
3.114782433432508948e-02 1.152302775513343480e+00 1.848518431313020127e-01 1.408901066210530573e-01
3.181543126942103922e-02 1.188319618097242625e+00 1.714185571134791419e-01 1.368193430280950640e-01
3.264335647269958618e-02 1.147795467342774822e+00 1.645970968644692445e-01 1.400980342384121058e-01
2.881792453054545303e-02 1.077262974599781487e+00 1.706870592140919130e-01 1.430566288260736452e-01
3.084737383366866967e-02 1.173724319020564399e+00 1.628454082967865091e-01 1.314627971546364349e-01
3.274616540038749468e-02 1.174795438853857288e+00 1.632584806994830662e-01 1.394843007605816865e-01
2.958226880823603550e-02 1.154642750601177603e+00 1.488930344169159814e-01 1.395016509990269771e-01
3.401948359135361505e-02 1.121853053342586115e+00 1.705488868267278635e-01 1.381012078958487044e-01
3.313968618154384399e-02 1.081980959728974678e+00 1.653122863933060294e-01 1.370616749837060000e-01
3.788033369659291744e-02 1.127548171593534931e+00 1.695752635252824048e-01 1.442129933552254439e-01
3.293312161098609081e-02 1.066873296598533472e+00 1.709947685272053541e-01 1.452598097853201320e-01
3.314837944477368875e-02 1.171528275618157533e+00 1.757168969989778007e-01 1.314351989127367781e-01
3.517832743077092816e-02 1.155895776916795237e+00 1.727290977793493887e-01 1.397771340564391562e-01
3.132606920470215606e-02 1.069925195481320257e+00 1.582787824178163161e-01 1.436309097216734165e-01
3.524885913600406956e-02 1.280162440833761517e+00 1.630426290571385106e-01 1.423982599406919403e-01
3.372215288082644480e-02 1.208193449421602006e+00 1.586105395378606397e-01 1.399927841854185229e-01
3.058864661666698889e-02 1.151348621110905857e+00 1.628754245098894271e-01 1.409260144144834359e-01
3.237165604463130425e-02 1.145013167013865907e+00 1.814582835575044018e-01 1.403560558026709926e-01
2.984934838412837965e-02 1.099540238317400220e+00 1.779682418559000445e-01 1.348648137997300045e-01
2.933846069415020630e-02 1.086035273881551522e+00 1.613379534651471769e-01 1.511007015497647377e-01
2.926317014626575799e-02 1.110437299896490870e+00 1.771998906275805974e-01 1.286490253834277619e-01
3.115186559436538064e-02 1.085925561853294585e+00 1.590307202235843043e-01 1.372394741084719538e-01
3.291322530124665691e-02 1.057608942046911249e+00 1.595762414250176398e-01 1.422700121768692982e-01
3.181023524445129175e-02 1.159455636648284882e+00 1.607044346334135509e-01 1.395526345154568804e-01
3.342926635225143550e-02 1.146122877718998012e+00 1.728180538294032398e-01 1.377274316571519552e-01
3.100990005256635401e-02 1.086680095621638031e+00 1.535098279961558676e-01 1.256354715944955625e-01
3.114662884575787952e-02 1.130825729291221826e+00 1.630077048777502091e-01 1.513298946624530017e-01
3.308765669933856624e-02 1.091356265456803198e+00 1.728147937846356286e-01 1.620742898414284927e-01
2.918928759956650534e-02 9.896239080969562174e-01 1.744722900657627584e-01 1.343637863694613910e-01
3.313959738065456323e-02 1.197740027718657396e+00 1.516784690678604219e-01 1.413683760734344153e-01
3.336957010854656874e-02 1.145620017929182000e+00 1.491129260205469875e-01 1.607947002773415235e-01
3.401685948401999421e-02 1.165995564022310083e+00 1.710038418684769468e-01 1.350219306366503558e-01
3.263689273342267744e-02 1.130360927012251437e+00 1.796600697757734788e-01 1.383075546402594003e-01
3.173852460217732596e-02 1.145366265316943188e+00 1.719161011549944773e-01 1.275736598945017841e-01
3.473668038799165858e-02 1.190620901127368070e+00 1.727243890540881011e-01 1.373050701602089030e-01
3.300755799459614143e-02 1.167242523428778433e+00 1.626713783515776890e-01 1.320938075404190781e-01
3.268357259086408090e-02 1.002439985952553458e+00 1.682940789364759104e-01 1.332410935418021081e-01
3.288554798312572774e-02 1.051770127929422705e+00 1.618915279255080941e-01 1.339756573778309034e-01
3.055264609280449947e-02 1.029372202031739958e+00 1.689233375528467196e-01 1.434284118695143551e-01
3.351456737670851366e-02 1.060716777262488808e+00 1.603287107306517467e-01 1.389634895539595960e-01
3.414685619569422792e-02 1.027698596496280592e+00 1.684029754198570761e-01 1.584292458939511039e-01
3.377945918209696030e-02 1.130559777387255549e+00 1.666399001326903384e-01 1.382274684364255546e-01
3.314482625046947378e-02 1.102442200744122580e+00 1.970814567686450802e-01 1.497633926205146626e-01
3.004844398163488209e-02 1.039424578955223222e+00 1.826295249143129462e-01 1.399277060034924414e-01
3.116592292586385649e-02 1.142691429626305988e+00 1.948885211312057775e-01 1.378614378445034427e-01
3.254831188627248240e-02 1.163997251270444622e+00 1.673197240747626435e-01 1.282914033137744492e-01
2.955947721529491451e-02 1.149397072318156354e+00 1.796614600542130735e-01 1.402894700998174315e-01
3.467384425074306054e-02 1.047779160591093106e+00 1.621238663623384146e-01 1.402375058614848125e-01
3.133887709557684614e-02 1.221854306035093929e+00 1.869893256691594619e-01 1.433159802915626724e-01
3.790157560494960415e-02 1.041239876264949960e+00 1.690995293645337905e-01 1.496615340320233689e-01
3.082533628258567193e-02 1.138107159705222138e+00 1.586305362782298167e-01 1.470378655819132019e-01
3.531575208049451270e-02 1.148134593457481145e+00 1.823840879302159323e-01 1.380193388200237070e-01
3.273282664607227166e-02 1.052252119535416419e+00 1.659040611711761759e-01 1.362457153299947432e-01
3.235922868349844911e-02 1.160079101212853514e+00 1.649285332399137438e-01 1.500942997417545333e-01
3.023718783977941832e-02 1.105648583101089599e+00 1.616558232405610751e-01 1.429412377077506624e-01
3.220040604074087681e-02 1.081451292952042786e+00 1.707102208582252645e-01 1.471964165965686799e-01
3.091173754045034583e-02 1.091380428556476101e+00 1.794647908644167178e-01 1.335913507548892598e-01
2.932624943351532995e-02 1.205369176121660058e+00 1.641681353736446358e-01 1.433088130424136630e-01
2.919943922383573878e-02 1.101571087584374720e+00 1.592931615970220871e-01 1.332744175384799890e-01
3.085775966649823704e-02 1.091084693023953056e+00 1.697834661279770951e-01 1.341085744086972231e-01
3.043787006026851122e-02 1.063869628474624740e+00 1.555677804199150915e-01 1.404342951587655708e-01
3.408817407362361301e-02 1.161795720168467660e+00 1.540520909771468383e-01 1.412651006260942088e-01
3.323423175827157350e-02 1.078305971160459453e+00 1.913861321186983988e-01 1.420529586087437290e-01
3.508306708385028339e-02 1.192974657303154995e+00 1.634952947282404812e-01 1.374315312693962510e-01
3.309355272296277128e-02 1.161262673050988292e+00 1.821725693138024904e-01 1.283765039987226908e-01
3.211400790794050747e-02 1.084075897127111832e+00 1.809909742414012035e-01 1.353110390805713770e-01
3.083065544264031524e-02 1.281938407889382736e+00 1.580124156878276176e-01 1.340568766314305105e-01
3.095562018231454854e-02 1.115090934713917514e+00 1.779074916542001672e-01 1.403538725646321650e-01
3.142559687715443251e-02 1.076309276407871884e+00 1.807519366784679782e-01 1.574412785221896982e-01
3.148785254412175827e-02 1.115542591599309352e+00 1.700148576442149784e-01 1.354631047503992436e-01
3.398247830271345499e-02 1.048038104119098479e+00 1.687975858159242448e-01 1.471703218232103816e-01
3.382835409503009289e-02 1.093268499848646158e+00 1.663260271293664216e-01 1.460944418826178592e-01
3.051972799417130081e-02 1.184218058280828823e+00 1.622925509615148199e-01 1.403628333940798167e-01
3.042557816307945792e-02 1.124360980194686332e+00 1.706233954758991089e-01 1.485002055894703021e-01
3.193980045134310608e-02 1.127317050216613215e+00 1.715886687798438837e-01 1.404291731137379262e-01
3.116911045782148199e-02 1.041629038440773147e+00 1.689059990452567994e-01 1.410461291677372608e-01
3.066122697703642375e-02 1.122068133082762875e+00 1.777962522352874442e-01 1.449227142834581261e-01
3.247296978946000862e-02 1.115184839407327821e+00 1.741507353237323197e-01 1.372846432818062290e-01
3.194315463595026605e-02 1.103696395202362179e+00 1.761896988823541954e-01 1.354118300568807887e-01
3.287384766437530248e-02 1.114423933813700529e+00 1.661884562868919113e-01 1.442674123535613029e-01
3.208014932533639202e-02 1.231192492775241565e+00 1.707507640183112685e-01 1.360938521729115336e-01
3.325366715341115248e-02 1.101156773836458935e+00 1.860976401781161138e-01 1.392789534212389990e-01
3.300798748736919613e-02 1.165555871522466980e+00 1.696749616987651699e-01 1.488809390831544455e-01
3.022679180297007176e-02 9.893858301366876828e-01 1.724040201667743355e-01 1.353277373664277528e-01
3.267705136100954727e-02 1.144572395509033891e+00 1.673820518627795739e-01 1.372918879546832505e-01
3.102163450062563402e-02 1.043465620627529677e+00 1.791653708678426771e-01 1.548410464098684824e-01
3.235184623201814436e-02 1.156270892004459538e+00 1.620510388181907457e-01 1.595749714657120066e-01
2.934525528789436524e-02 1.143075189387719126e+00 1.781050949939755323e-01 1.446989844516370916e-01
3.413152529704818056e-02 1.095942557625203539e+00 1.635764254598169598e-01 1.504245438888253683e-01
3.413196147995162938e-02 1.063333002774300207e+00 1.702586662753487745e-01 1.380539698413754679e-01
2.887059023078325515e-02 1.091489372450701545e+00 1.557217195535905152e-01 1.388465222787531872e-01
3.136714756930482351e-02 1.073889354169022869e+00 1.703816853887663851e-01 1.406179182514536441e-01
3.192636648265454596e-02 1.129120291454917657e+00 1.684927288875851525e-01 1.380611513817352476e-01
3.432989740009965290e-02 1.162716098094478179e+00 1.763059930324179514e-01 1.400707417944183075e-01
3.403711513219696838e-02 1.272203527888210894e+00 1.639932437291006240e-01 1.529780389251297890e-01
3.172585009502486286e-02 1.078281754079329913e+00 1.633267512080156803e-01 1.325790897351666886e-01
3.000655220577722743e-02 1.160514098141130823e+00 1.715513423645721180e-01 1.441921467592347239e-01
3.139670727900082531e-02 1.067894863644341719e+00 1.514893693149530762e-01 1.378155814499841536e-01
3.233356804204005897e-02 1.097654916802477620e+00 1.971822846931190476e-01 1.373281623132750762e-01
3.144584893790176167e-02 1.127823696132162379e+00 1.722064541558350204e-01 1.449960117849058983e-01
3.255203390930627716e-02 1.004555632820057109e+00 1.646665971669740158e-01 1.381529666376178633e-01
3.145456469939635069e-02 1.068557083953695752e+00 1.918815457224794518e-01 1.428734971416887045e-01
3.447042826162539930e-02 1.245481933563129306e+00 1.641253857837727537e-01 1.479185745035285771e-01
3.350211993434730473e-02 1.005644307216725153e+00 1.642494441614845424e-01 1.430184462004041035e-01
3.418831429077679590e-02 1.092058362941553673e+00 1.621027266215951113e-01 1.373040206402357244e-01
3.259353524984227174e-02 1.184812465808320781e+00 1.577138775832434003e-01 1.402020091784278999e-01
3.343649541969905686e-02 1.220578431685139797e+00 1.556188022153373596e-01 1.510782882241113456e-01
3.111860861778144999e-02 1.113587500900510063e+00 1.604446858445168211e-01 1.392031012364567666e-01
3.284233289254326338e-02 1.210497442744070451e+00 1.454824849194249758e-01 1.550414521933798917e-01
2.888768513954254741e-02 1.154234363535538321e+00 1.682707527751184096e-01 1.520707841181417330e-01
3.376541764560197362e-02 1.155578567509448096e+00 1.732487249203543411e-01 1.396371941001011419e-01
3.107305294699625950e-02 1.121028256034302117e+00 1.784663533159904503e-01 1.569309092777665116e-01
3.246482760110714488e-02 1.089132696699661285e+00 1.791473635119233965e-01 1.389827935702803163e-01
3.228310800413469045e-02 1.087353945911704534e+00 1.717998937023249850e-01 1.455224379162939619e-01
3.338445956109899887e-02 1.080635331830352319e+00 1.634510690000722244e-01 1.418745418077067555e-01
3.275046555134619036e-02 1.032157973789276317e+00 1.695089836524175664e-01 1.517867266885294941e-01
3.407040743106166947e-02 1.079368257991908164e+00 1.620536764093538085e-01 1.406558963594599088e-01
3.396106180768555804e-02 1.132150999094543531e+00 1.808838921527168297e-01 1.371420792933086552e-01
3.397099609620812116e-02 1.113591954478653223e+00 1.629617789061995892e-01 1.439574144735037975e-01
3.006744385358800509e-02 1.146545305764300915e+00 1.667281709092574005e-01 1.384534438680294632e-01
3.132699271917852024e-02 1.210188809499548990e+00 1.630810184113117289e-01 1.508857848913814359e-01
2.946202885439671085e-02 1.147021585072856009e+00 2.005520556837511736e-01 1.526078105778771732e-01
3.228823380857674674e-02 1.057867001317250200e+00 1.757589423319597388e-01 1.465446242321379600e-01
3.238169510101306103e-02 1.207263282512909264e+00 1.593032486512645229e-01 1.451902534780794563e-01
2.818322615954661423e-02 1.156495923183977537e+00 1.751865115911247217e-01 1.427642778868797035e-01
3.204759882470024218e-02 1.068413788536005216e+00 1.891353542990936443e-01 1.412306168132273776e-01
3.240784546078945977e-02 1.060273194582952883e+00 1.603397481104607558e-01 1.461424714590274232e-01
3.490857816163699112e-02 1.070293497089814361e+00 1.586987031417028404e-01 1.338355154962626303e-01
3.309315787384181640e-02 1.136727357098676228e+00 1.642730518418728525e-01 1.479744831996808174e-01
3.124026063444239679e-02 1.087414896463218206e+00 1.782483633345205432e-01 1.418996590537857372e-01
2.904719657494825649e-02 1.124715718320294267e+00 1.693420563831924130e-01 1.417014724773647538e-01
3.114815904337718544e-02 1.180949714302974574e+00 1.752147833258310139e-01 1.401820668607191012e-01
3.192045948442226444e-02 1.113070579781670011e+00 1.646258897483423578e-01 1.413177625582336672e-01
3.251536171693371335e-02 1.135881833484051029e+00 1.700951088175459980e-01 1.417146410724993422e-01
3.260546692663145868e-02 1.163321361040678958e+00 1.736467075661530801e-01 1.470672773942817702e-01
3.107985683923780718e-02 1.053973525755320440e+00 1.660238498841622723e-01 1.493025555075773447e-01
3.304989422124399862e-02 9.885942221470924718e-01 1.632374723040885545e-01 1.472569841901100740e-01
3.193704794244189155e-02 1.130787831665860610e+00 1.590358406336249975e-01 1.539644149372482451e-01
3.171249478134141597e-02 1.045558981179748548e+00 1.730301926727521311e-01 1.275047216475903855e-01
2.881714092107830888e-02 1.034902788400359208e+00 1.790627036040351172e-01 1.322250599923592840e-01
3.402575841802785855e-02 1.193347440615851074e+00 1.693549901717661399e-01 1.397745307998547182e-01
3.180765525145735906e-02 1.138831390779235342e+00 1.639737794728233777e-01 1.428730964104377443e-01
3.018214247985552198e-02 1.130719568094912475e+00 1.680629709590109322e-01 1.400173919358762287e-01
3.186777568656710274e-02 1.116273047580363942e+00 1.704485646950177347e-01 1.348969298290922936e-01
3.284869303862726631e-02 1.151257569750639087e+00 1.755748228533773880e-01 1.498842747681149445e-01
3.354183659434475939e-02 1.094796861409042865e+00 1.771717545293980123e-01 1.465218797789600291e-01
3.178219546848017746e-02 1.203661853395084469e+00 1.600696747798124597e-01 1.351942463437457720e-01
3.299588001333306903e-02 1.065859269858448588e+00 1.700757578967645733e-01 1.437605072385271798e-01
3.242124897539845618e-02 1.122804994043963278e+00 1.705623141941428611e-01 1.349999561353686095e-01
2.992885259784562949e-02 1.199116596460505280e+00 1.598729981039121173e-01 1.446881471266504016e-01
3.621191340940493192e-02 1.065495643412830207e+00 1.653265126969072352e-01 1.444672015688135691e-01
2.799725879326278241e-02 1.117387589586188223e+00 1.813986127125731262e-01 1.443995934123578906e-01
2.943534730181138898e-02 1.150492303810270789e+00 1.643064782162813320e-01 1.377058192500503486e-01
3.405298891995807431e-02 1.164826801078290064e+00 1.624179117915067749e-01 1.463266581233142460e-01
3.261869720581297288e-02 1.155428236694595823e+00 1.554250273130252380e-01 1.343621787546996904e-01
3.372511059845662018e-02 1.128464853884694419e+00 1.844754867824297540e-01 1.314986390386548298e-01
3.220559884491234343e-02 1.187427116231628110e+00 1.601407784035029092e-01 1.225280963531323319e-01
3.308045131573254805e-02 1.209450780383633184e+00 1.712302385073564137e-01 1.407620515641926640e-01
3.351831989041582915e-02 1.007082828327032109e+00 1.736870705612761356e-01 1.413103857579418587e-01
2.884148086954865450e-02 1.197330709322877329e+00 1.710977830367736707e-01 1.461881993507878064e-01
3.138847628757449743e-02 1.209242963699661777e+00 1.678972220644811553e-01 1.243117741865567283e-01
3.010745116097859886e-02 1.077266340670833822e+00 1.776878934871835292e-01 1.467269186483651788e-01
3.579676194747711399e-02 1.107651311432342967e+00 1.800364079488321334e-01 1.346432771615959922e-01
2.977254298177920214e-02 1.081406962918261883e+00 1.774810943407628405e-01 1.483333597772114043e-01
3.300690044422280311e-02 1.169519814800241031e+00 1.636260952923370982e-01 1.381343017779824989e-01
3.154967348675506711e-02 1.203467943996811451e+00 1.721980137705392544e-01 1.390557306730920706e-01
2.848378335750570770e-02 1.115507560365304185e+00 1.641740807586576090e-01 1.458905766033000428e-01
2.844319499252463343e-02 1.114958358660472326e+00 1.662795980868196632e-01 1.543154789194836896e-01
3.261722446181974933e-02 1.132858535965129532e+00 1.670761600269645430e-01 1.485196491536355523e-01
3.097339369701414616e-02 1.089527964272424931e+00 1.604578871980888444e-01 1.430343326977617235e-01
3.199534741243911101e-02 1.175347570581154244e+00 1.672542271899541133e-01 1.480334658639300693e-01
3.080661345188607722e-02 1.032798138043639513e+00 1.700767787029794642e-01 1.415465130830445284e-01
3.219874622869201702e-02 1.000956443377027272e+00 1.611194788426911773e-01 1.370652069094601966e-01
3.331838601420530205e-02 1.081915419601916728e+00 1.656388670295898813e-01 1.371209967860890222e-01
3.164509307678155942e-02 1.132826192089814166e+00 1.610087230456073992e-01 1.466286712095079270e-01
3.234901850373508858e-02 1.105813904802934067e+00 1.611759220468717280e-01 1.384269708417398548e-01
2.963554077294972000e-02 1.150671185869978741e+00 1.640651363813215857e-01 1.351369425565519811e-01
3.036803103994556094e-02 1.118362120555883132e+00 1.652521383074820882e-01 1.359613590176072806e-01
3.068850816875699078e-02 1.110355350743353453e+00 1.744597712890596508e-01 1.556067069973482708e-01
3.486293426808307477e-02 1.190506655723472473e+00 1.571848954959613187e-01 1.394362969226662641e-01
3.150307960288928344e-02 1.121936479408591758e+00 1.656581964518519245e-01 1.468391587251207664e-01
3.170259609084530306e-02 1.186538583244460376e+00 1.787205357885600088e-01 1.466678062651992354e-01
3.153144003181458654e-02 1.096205992637564686e+00 1.729109822533384799e-01 1.367211795944868469e-01
3.166310466354110842e-02 1.191664803989102017e+00 1.722726580011019748e-01 1.609039052592130536e-01
3.186260972232059924e-02 1.056294638830873156e+00 1.726992987040893157e-01 1.343286945989650150e-01
3.104234593863614000e-02 1.103118344657139760e+00 1.655115365540439087e-01 1.447674491406393260e-01
3.356297067153422159e-02 1.233218081809425382e+00 1.808067532425517154e-01 1.418443220131895832e-01
3.558087644671576594e-02 1.185688196005676431e+00 1.785761472470359934e-01 1.413108592545897768e-01
3.208232500524153818e-02 1.096820947786000033e+00 1.636837670567426462e-01 1.520600602965401504e-01
