3.889868649913573506e+01 1.637915369579275193e+02 5.694488740005133877e+04 2.901817139375959869e+02
4.014717612614038700e+01 1.612050005027291490e+02 5.666045683617200848e+04 2.895720433175958988e+02
4.014717612614038700e+01 1.612050005027291490e+02 5.666045683617200848e+04 2.895720433175958988e+02
4.026234572165840575e+01 1.552363944177334361e+02 5.587186283890973573e+04 2.899561589215959430e+02
4.026234572165840575e+01 1.552363944177334361e+02 5.587186283890973573e+04 2.899561589215959430e+02
4.026234572165840575e+01 1.552363944177334361e+02 5.587186283890973573e+04 2.899561589215959430e+02
4.026955449423651601e+01 1.545841806044685427e+02 5.626308695844416798e+04 2.895452655870543026e+02
3.868301192332013017e+01 1.302540865772451184e+02 5.061989902690426243e+04 2.865717326795959252e+02
3.868301192332013017e+01 1.302540865772451184e+02 5.061989902690426243e+04 2.865717326795959252e+02
3.847564093272223573e+01 1.319341948883561315e+02 4.877543494972297776e+04 2.862071382282529726e+02
3.847564093272223573e+01 1.319341948883561315e+02 4.877543494972297776e+04 2.862071382282529726e+02
3.944836195977764248e+01 1.242429584276905956e+02 4.835051976029787329e+04 2.906634305107136811e+02
3.405590699984875158e+01 1.379552921084582238e+02 3.727787739229870931e+04 2.675214269375958906e+02
3.405590699984875158e+01 1.379552921084582238e+02 3.727787739229870931e+04 2.675214269375958906e+02
3.648214560610898616e+01 1.304143031483059474e+02 3.292840485248832556e+04 2.614615676718941586e+02
4.049878880648946478e+01 1.112018810056322451e+02 3.121907008004668387e+04 2.667239194350983666e+02
4.049878880648946478e+01 1.112018810056322451e+02 3.121907008004668387e+04 2.667239194350983666e+02
3.935584849362547288e+01 1.120713498207596075e+02 3.160252402787598476e+04 2.682726143295958536e+02
3.935584849362547288e+01 1.120713498207596075e+02 3.160252402787598476e+04 2.682726143295958536e+02
3.935584849362547288e+01 1.120713498207596075e+02 3.160252402787598476e+04 2.682726143295958536e+02
3.935584849362547288e+01 1.120713498207596075e+02 3.160252402787598476e+04 2.682726143295958536e+02
4.014593131461948161e+01 1.105892068717933796e+02 3.077170916857904740e+04 2.688324850841797229e+02
4.014593131461948161e+01 1.105892068717933796e+02 3.077170916857904740e+04 2.688324850841797229e+02
4.014593131461948161e+01 1.105892068717933796e+02 3.077170916857904740e+04 2.688324850841797229e+02
4.003156596475410822e+01 1.069504432954086184e+02 3.116381817600420982e+04 2.682859557435959346e+02
4.003156596475410822e+01 1.069504432954086184e+02 3.116381817600420982e+04 2.682859557435959346e+02
3.476087634353087452e+01 1.237409786889001424e+02 2.607432802444037588e+04 2.613676506895959051e+02
3.382418610651910740e+01 1.280865729951632659e+02 2.629880693438430899e+04 2.585409175837777411e+02
3.300440313023202776e+01 1.311256540175600946e+02 2.626606051847514755e+04 2.565271437835959887e+02
3.024763241242251866e+01 1.190572020899125221e+02 2.471549495189633308e+04 2.433385676455959583e+02
2.980513995259847349e+01 1.187346551413489379e+02 2.446187986271402769e+04 2.412342508330944213e+02
2.980513995259847349e+01 1.187346551413489379e+02 2.446187986271402769e+04 2.412342508330944213e+02
2.980513995259847349e+01 1.187346551413489379e+02 2.446187986271402769e+04 2.412342508330944213e+02
3.287120267392118222e+01 1.044681736047500920e+02 2.387284523416438242e+04 2.504648083635959779e+02
3.286794837788863077e+01 1.024286893605418811e+02 2.383030368026082942e+04 2.500293829655676063e+02
3.141669291156991406e+01 1.074187243008501298e+02 2.435734925954876235e+04 2.385136078855960307e+02
3.141669291156991406e+01 1.074187243008501298e+02 2.435734925954876235e+04 2.385136078855960307e+02
3.141669291156991406e+01 1.074187243008501298e+02 2.435734925954876235e+04 2.385136078855960307e+02
3.141669291156991406e+01 1.074187243008501298e+02 2.435734925954876235e+04 2.385136078855960307e+02
3.141669291156991406e+01 1.074187243008501298e+02 2.435734925954876235e+04 2.385136078855960307e+02
3.141669291156991406e+01 1.074187243008501298e+02 2.435734925954876235e+04 2.385136078855960307e+02
3.141669291156991406e+01 1.074187243008501298e+02 2.435734925954876235e+04 2.385136078855960307e+02
3.141669291156991406e+01 1.074187243008501298e+02 2.435734925954876235e+04 2.385136078855960307e+02
3.141669291156991406e+01 1.074187243008501298e+02 2.435734925954876235e+04 2.385136078855960307e+02
3.141669291156991406e+01 1.074187243008501298e+02 2.435734925954876235e+04 2.385136078855960307e+02
3.100069061305435270e+01 1.076669597770966789e+02 2.384920225866934925e+04 2.404534093441775724e+02
3.326541317697582656e+01 9.625567991252610511e+01 2.401185600192633137e+04 2.448453149202600230e+02
3.326541317697582656e+01 9.625567991252610511e+01 2.401185600192633137e+04 2.448453149202600230e+02
3.326541317697582656e+01 9.625567991252610511e+01 2.401185600192633137e+04 2.448453149202600230e+02
3.326541317697582656e+01 9.625567991252610511e+01 2.401185600192633137e+04 2.448453149202600230e+02
3.326541317697582656e+01 9.625567991252610511e+01 2.401185600192633137e+04 2.448453149202600230e+02
3.326541317697582656e+01 9.625567991252610511e+01 2.401185600192633137e+04 2.448453149202600230e+02
3.326541317697582656e+01 9.625567991252610511e+01 2.401185600192633137e+04 2.448453149202600230e+02
2.928027220497210692e+01 1.028444356398420894e+02 1.941192939052487782e+04 2.440840017055959663e+02
2.928027220497210692e+01 1.028444356398420894e+02 1.941192939052487782e+04 2.440840017055959663e+02
2.831211253452962495e+01 1.107120826230512023e+02 1.770183665952297815e+04 2.344230890905262470e+02
2.864379949075392062e+01 1.089064193938753391e+02 1.758368997689530079e+04 2.355276612695959955e+02
2.837726346060192029e+01 1.142608506404134943e+02 1.732135274800355910e+04 2.183448344889272050e+02
2.837726346060192029e+01 1.142608506404134943e+02 1.732135274800355910e+04 2.183448344889272050e+02
2.837726346060192029e+01 1.142608506404134943e+02 1.732135274800355910e+04 2.183448344889272050e+02
2.878812796947972785e+01 1.149786466747197835e+02 1.668515611848292974e+04 2.102645429655959504e+02
2.831974528640631306e+01 1.193367205325381946e+02 1.624132419829295213e+04 2.097277496063602769e+02
2.831974528640631306e+01 1.193367205325381946e+02 1.624132419829295213e+04 2.097277496063602769e+02
2.756197365974057689e+01 1.175146374863216607e+02 1.594780269312300697e+04 2.059161926757062133e+02
2.756197365974057689e+01 1.175146374863216607e+02 1.594780269312300697e+04 2.059161926757062133e+02
2.756197365974057689e+01 1.175146374863216607e+02 1.594780269312300697e+04 2.059161926757062133e+02
2.756197365974057689e+01 1.175146374863216607e+02 1.594780269312300697e+04 2.059161926757062133e+02
2.756197365974057689e+01 1.175146374863216607e+02 1.594780269312300697e+04 2.059161926757062133e+02
2.756197365974057689e+01 1.175146374863216607e+02 1.594780269312300697e+04 2.059161926757062133e+02
2.756197365974057689e+01 1.175146374863216607e+02 1.594780269312300697e+04 2.059161926757062133e+02
2.756197365974057689e+01 1.175146374863216607e+02 1.594780269312300697e+04 2.059161926757062133e+02
2.756197365974057689e+01 1.175146374863216607e+02 1.594780269312300697e+04 2.059161926757062133e+02
2.859056546524250209e+01 1.134135227810231044e+02 1.539192795130655031e+04 2.098678330803378174e+02
2.888434283875277231e+01 1.111563863449572125e+02 1.544890835874708137e+04 2.110372068789753541e+02
2.888434283875277231e+01 1.111563863449572125e+02 1.544890835874708137e+04 2.110372068789753541e+02
2.888434283875277231e+01 1.111563863449572125e+02 1.544890835874708137e+04 2.110372068789753541e+02
3.069695335662352065e+01 1.007500376247036229e+02 1.565000846726471354e+04 2.026904238201140629e+02
2.969345889597972743e+01 1.020934833945359372e+02 1.488359493331983322e+04 2.056422476538027411e+02
2.969345889597972743e+01 1.020934833945359372e+02 1.488359493331983322e+04 2.056422476538027411e+02
2.969345889597972743e+01 1.020934833945359372e+02 1.488359493331983322e+04 2.056422476538027411e+02
2.969345889597972743e+01 1.020934833945359372e+02 1.488359493331983322e+04 2.056422476538027411e+02
2.969345889597972743e+01 1.020934833945359372e+02 1.488359493331983322e+04 2.056422476538027411e+02
3.061650066395459646e+01 9.767607444872038513e+01 1.435905472591472608e+04 2.054682146574083674e+02
3.061650066395459646e+01 9.767607444872038513e+01 1.435905472591472608e+04 2.054682146574083674e+02
3.061650066395459646e+01 9.767607444872038513e+01 1.435905472591472608e+04 2.054682146574083674e+02
3.061650066395459646e+01 9.767607444872038513e+01 1.435905472591472608e+04 2.054682146574083674e+02
3.061650066395459646e+01 9.767607444872038513e+01 1.435905472591472608e+04 2.054682146574083674e+02
3.055914582234451871e+01 9.283575153068693453e+01 1.370799142350220609e+04 2.082415985419810909e+02
3.015914489718207747e+01 9.566708079745120585e+01 1.356472561744429549e+04 1.995351590215379076e+02
3.015914489718207747e+01 9.566708079745120585e+01 1.356472561744429549e+04 1.995351590215379076e+02
3.015914489718207747e+01 9.566708079745120585e+01 1.356472561744429549e+04 1.995351590215379076e+02
3.015914489718207747e+01 9.566708079745120585e+01 1.356472561744429549e+04 1.995351590215379076e+02
3.015914489718207747e+01 9.566708079745120585e+01 1.356472561744429549e+04 1.995351590215379076e+02
3.015914489718207747e+01 9.566708079745120585e+01 1.356472561744429549e+04 1.995351590215379076e+02
3.015914489718207747e+01 9.566708079745120585e+01 1.356472561744429549e+04 1.995351590215379076e+02
3.015914489718207747e+01 9.566708079745120585e+01 1.356472561744429549e+04 1.995351590215379076e+02
3.018713429964118689e+01 9.284061896476981701e+01 1.229253271891385157e+04 2.229707621051449848e+02
2.898818035799191506e+01 9.801547927840316277e+01 1.020200313203714722e+04 2.021035015121363756e+02
2.784342674446503807e+01 9.602144540342719381e+01 1.008428756991215414e+04 2.052122615878214731e+02
2.784342674446503807e+01 9.602144540342719381e+01 1.008428756991215414e+04 2.052122615878214731e+02
2.784342674446503807e+01 9.602144540342719381e+01 1.008428756991215414e+04 2.052122615878214731e+02
2.784342674446503807e+01 9.602144540342719381e+01 1.008428756991215414e+04 2.052122615878214731e+02
2.784342674446503807e+01 9.602144540342719381e+01 1.008428756991215414e+04 2.052122615878214731e+02
2.784342674446503807e+01 9.602144540342719381e+01 1.008428756991215414e+04 2.052122615878214731e+02
2.811868174756148164e+01 9.412603067280447533e+01 1.002031778605832187e+04 2.086066959818932958e+02
2.760700834926580072e+01 9.638152944741337080e+01 1.000078524036282215e+04 2.054595626499576611e+02
2.760700834926580072e+01 9.638152944741337080e+01 1.000078524036282215e+04 2.054595626499576611e+02
2.818102666030032211e+01 9.334787389777540056e+01 9.908403756654324752e+03 2.074570045689093831e+02
2.761050663055436161e+01 9.485343672323760700e+01 9.925297112986654611e+03 2.017941632283313140e+02
2.913193570330977522e+01 8.867702172483350864e+01 9.341530858814834573e+03 2.059831505228921174e+02
3.018279601437506088e+01 7.070090462007355825e+01 8.554562280429852763e+03 2.293207844535886295e+02
2.947119602716588815e+01 7.001821746521591194e+01 7.607077996243495363e+03 2.054606113799485172e+02
2.947119602716588815e+01 7.001821746521591194e+01 7.607077996243495363e+03 2.054606113799485172e+02
2.994454616434389393e+01 7.524126964650157845e+01 7.168028934931753611e+03 1.979561616262802772e+02
2.994454616434389393e+01 7.524126964650157845e+01 7.168028934931753611e+03 1.979561616262802772e+02
2.994209684756691914e+01 6.467738894705584585e+01 6.215870516547747684e+03 2.171183814885680192e+02
2.973587552701344805e+01 6.547231602678880336e+01 5.651224813054389415e+03 2.112091955433554062e+02
2.973587552701344805e+01 6.547231602678880336e+01 5.651224813054389415e+03 2.112091955433554062e+02
2.973587552701344805e+01 6.547231602678880336e+01 5.651224813054389415e+03 2.112091955433554062e+02
3.039349423338619971e+01 7.491979263505078279e+01 5.079713749380151967e+03 1.986626993396023124e+02
3.143854147491939699e+01 7.624027538608061150e+01 4.544866632974568347e+03 1.892502594355959218e+02
3.128675357375121635e+01 7.703281263787330602e+01 4.483602522484303336e+03 1.891955083875960213e+02
3.128675357375121635e+01 7.703281263787330602e+01 4.483602522484303336e+03 1.891955083875960213e+02
3.048248991536392083e+01 7.338664568387443410e+01 4.346389629797971793e+03 1.904732346498286688e+02
3.048248991536392083e+01 7.338664568387443410e+01 4.346389629797971793e+03 1.904732346498286688e+02
3.048248991536392083e+01 7.338664568387443410e+01 4.346389629797971793e+03 1.904732346498286688e+02
3.048248991536392083e+01 7.338664568387443410e+01 4.346389629797971793e+03 1.904732346498286688e+02
3.048248991536392083e+01 7.338664568387443410e+01 4.346389629797971793e+03 1.904732346498286688e+02
3.071465370870037148e+01 7.211904590884235233e+01 4.220862519481809613e+03 1.884762369184121553e+02
3.071465370870037148e+01 7.211904590884235233e+01 4.220862519481809613e+03 1.884762369184121553e+02
3.071465370870037148e+01 7.211904590884235233e+01 4.220862519481809613e+03 1.884762369184121553e+02
3.071465370870037148e+01 7.211904590884235233e+01 4.220862519481809613e+03 1.884762369184121553e+02
3.075143490065298479e+01 7.198220663972344369e+01 4.182833669751157686e+03 1.898298411241047177e+02
3.000165990826746309e+01 7.123634219702726966e+01 4.201341861598633841e+03 1.935799152582179090e+02
2.962937368308107366e+01 7.085966932070785163e+01 4.151027342281780875e+03 1.930136852815958832e+02
2.958082355583344736e+01 7.077865972998037591e+01 4.083162858362355109e+03 1.921991892117648888e+02
2.818788739059112203e+01 6.586646607794064323e+01 4.053009702611981993e+03 2.003083772595959715e+02
2.967695565532373436e+01 5.970249006719215146e+01 3.399730138306643312e+03 2.020289186312204777e+02
2.967695565532373436e+01 5.970249006719215146e+01 3.399730138306643312e+03 2.020289186312204777e+02
2.967695565532373436e+01 5.970249006719215146e+01 3.399730138306643312e+03 2.020289186312204777e+02
2.967695565532373436e+01 5.970249006719215146e+01 3.399730138306643312e+03 2.020289186312204777e+02
2.935053770791105876e+01 6.027563078705117761e+01 3.434221885024459425e+03 2.029859982855959402e+02
2.935053770791105876e+01 6.027563078705117761e+01 3.434221885024459425e+03 2.029859982855959402e+02
2.935053770791105876e+01 6.027563078705117761e+01 3.434221885024459425e+03 2.029859982855959402e+02
2.935053770791105876e+01 6.027563078705117761e+01 3.434221885024459425e+03 2.029859982855959402e+02
2.935053770791105876e+01 6.027563078705117761e+01 3.434221885024459425e+03 2.029859982855959402e+02
2.853277303359951844e+01 5.875467443709970183e+01 3.361677343687220400e+03 2.043132069378761742e+02
2.853277303359951844e+01 5.875467443709970183e+01 3.361677343687220400e+03 2.043132069378761742e+02
2.874384869396091702e+01 6.180450154938928620e+01 3.215818488212022658e+03 2.011183919287960009e+02
2.836590699799056736e+01 6.120327609475160813e+01 3.202437091662354760e+03 2.031985787278861721e+02
2.836590699799056736e+01 6.120327609475160813e+01 3.202437091662354760e+03 2.031985787278861721e+02
2.771797120998014208e+01 6.234501939622977318e+01 3.175156448082438601e+03 1.987027933806711815e+02
2.771797120998014208e+01 6.234501939622977318e+01 3.175156448082438601e+03 1.987027933806711815e+02
2.771797120998014208e+01 6.234501939622977318e+01 3.175156448082438601e+03 1.987027933806711815e+02
2.771797120998014208e+01 6.234501939622977318e+01 3.175156448082438601e+03 1.987027933806711815e+02
2.771797120998014208e+01 6.234501939622977318e+01 3.175156448082438601e+03 1.987027933806711815e+02
2.771797120998014208e+01 6.234501939622977318e+01 3.175156448082438601e+03 1.987027933806711815e+02
2.771797120998014208e+01 6.234501939622977318e+01 3.175156448082438601e+03 1.987027933806711815e+02
2.801523943240899328e+01 6.257636930752325810e+01 3.007257181512773514e+03 2.036287850126625187e+02
2.801523943240899328e+01 6.257636930752325810e+01 3.007257181512773514e+03 2.036287850126625187e+02
2.789665312046841450e+01 7.349021482796379701e+01 2.205053314199815304e+03 1.847693122938951831e+02
2.789665312046841450e+01 7.349021482796379701e+01 2.205053314199815304e+03 1.847693122938951831e+02
2.746731630227237986e+01 7.254525784276192724e+01 2.009461644614706756e+03 1.846548962335959061e+02
2.766179651766640291e+01 6.077802526366595970e+01 2.103284696402217378e+03 2.005059267197636643e+02
2.700476507079588373e+01 5.756190924131206543e+01 1.453341368045007357e+03 1.935064667389464717e+02
2.700476507079588373e+01 5.756190924131206543e+01 1.453341368045007357e+03 1.935064667389464717e+02
2.700476507079588373e+01 5.756190924131206543e+01 1.453341368045007357e+03 1.935064667389464717e+02
2.700476507079588373e+01 5.756190924131206543e+01 1.453341368045007357e+03 1.935064667389464717e+02
2.700476507079588373e+01 5.756190924131206543e+01 1.453341368045007357e+03 1.935064667389464717e+02
2.681570016653787292e+01 5.885952793588865717e+01 1.409909539418852319e+03 1.879299176131600575e+02
2.681570016653787292e+01 5.885952793588865717e+01 1.409909539418852319e+03 1.879299176131600575e+02
2.683500251978986029e+01 5.892462525086423852e+01 7.937420806427043090e+02 1.894453851040746599e+02
2.683500251978986029e+01 5.892462525086423852e+01 7.937420806427043090e+02 1.894453851040746599e+02
2.683500251978986029e+01 5.892462525086423852e+01 7.937420806427043090e+02 1.894453851040746599e+02
2.692336574249268821e+01 5.920742668365600281e+01 7.280787282129591631e+02 1.857977132895959187e+02
2.743391687017869174e+01 6.301859484030074299e+01 5.757804399001531692e+02 1.803113844635958287e+02
2.743391687017869174e+01 6.301859484030074299e+01 5.757804399001531692e+02 1.803113844635958287e+02
2.823434028207476842e+01 5.766420302993830660e+01 5.830349292318892367e+02 1.857653971340336057e+02
2.823434028207476842e+01 5.766420302993830660e+01 5.830349292318892367e+02 1.857653971340336057e+02
2.823434028207476842e+01 5.766420302993830660e+01 5.830349292318892367e+02 1.857653971340336057e+02
2.823434028207476842e+01 5.766420302993830660e+01 5.830349292318892367e+02 1.857653971340336057e+02
2.823434028207476842e+01 5.766420302993830660e+01 5.830349292318892367e+02 1.857653971340336057e+02
2.647839502015705548e+01 6.040415193133815563e+01 5.655323089704746735e+02 1.896121167993532595e+02
2.647839502015705548e+01 6.040415193133815563e+01 5.655323089704746735e+02 1.896121167993532595e+02
2.647839502015705548e+01 6.040415193133815563e+01 5.655323089704746735e+02 1.896121167993532595e+02
2.543793724870295136e+01 6.513932015548087406e+01 5.236396870543417208e+02 1.864988718223021920e+02
2.538304289287921733e+01 6.322205087433935944e+01 4.202834157152399257e+02 1.941701439948433858e+02
2.538304289287921733e+01 6.322205087433935944e+01 4.202834157152399257e+02 1.941701439948433858e+02
2.538304289287921733e+01 6.322205087433935944e+01 4.202834157152399257e+02 1.941701439948433858e+02
2.538304289287921733e+01 6.322205087433935944e+01 4.202834157152399257e+02 1.941701439948433858e+02
2.615208530427631572e+01 6.129670125825871452e+01 2.701052618209806155e+02 1.841657543535959292e+02
2.615208530427631572e+01 6.129670125825871452e+01 2.701052618209806155e+02 1.841657543535959292e+02
2.615208530427631572e+01 6.129670125825871452e+01 2.701052618209806155e+02 1.841657543535959292e+02
2.615208530427631572e+01 6.129670125825871452e+01 2.701052618209806155e+02 1.841657543535959292e+02
2.557485034762814280e+01 6.477011899214986101e+01 2.425796250993463161e+02 1.832577691875497976e+02
2.557485034762814280e+01 6.477011899214986101e+01 2.425796250993463161e+02 1.832577691875497976e+02
2.664834731648910804e+01 7.303215527879096669e+01 8.561870826490579134e+01 1.782614213695959506e+02
2.664834731648910804e+01 7.303215527879096669e+01 8.561870826490579134e+01 1.782614213695959506e+02
2.664834731648910804e+01 7.303215527879096669e+01 8.561870826490579134e+01 1.782614213695959506e+02
2.664834731648910804e+01 7.303215527879096669e+01 8.561870826490579134e+01 1.782614213695959506e+02
2.599601531556379541e+01 7.294099425493611477e+01 7.896580330321228303e+01 1.769689984603489563e+02
2.599601531556379541e+01 7.294099425493611477e+01 7.896580330321228303e+01 1.769689984603489563e+02
2.599601531556379541e+01 7.294099425493611477e+01 7.896580330321228303e+01 1.769689984603489563e+02
2.599601531556379541e+01 7.294099425493611477e+01 7.896580330321228303e+01 1.769689984603489563e+02
2.599601531556379541e+01 7.294099425493611477e+01 7.896580330321228303e+01 1.769689984603489563e+02
2.599601531556379541e+01 7.294099425493611477e+01 7.896580330321228303e+01 1.769689984603489563e+02
2.599601531556379541e+01 7.294099425493611477e+01 7.896580330321228303e+01 1.769689984603489563e+02
2.599601531556379541e+01 7.294099425493611477e+01 7.896580330321228303e+01 1.769689984603489563e+02
2.599601531556379541e+01 7.294099425493611477e+01 7.896580330321228303e+01 1.769689984603489563e+02
2.599011529325578707e+01 7.349147389080363268e+01 7.878611663818409738e+01 1.741664465631645839e+02
2.599011529325578707e+01 7.349147389080363268e+01 7.878611663818409738e+01 1.741664465631645839e+02
2.599011529325578707e+01 7.349147389080363268e+01 7.878611663818409738e+01 1.741664465631645839e+02
2.599011529325578707e+01 7.349147389080363268e+01 7.878611663818409738e+01 1.741664465631645839e+02
2.599011529325578707e+01 7.349147389080363268e+01 7.878611663818409738e+01 1.741664465631645839e+02
2.599011529325578707e+01 7.349147389080363268e+01 7.878611663818409738e+01 1.741664465631645839e+02
2.599011529325578707e+01 7.349147389080363268e+01 7.878611663818409738e+01 1.741664465631645839e+02
2.599011529325578707e+01 7.349147389080363268e+01 7.878611663818409738e+01 1.741664465631645839e+02
2.599011529325578707e+01 7.349147389080363268e+01 7.878611663818409738e+01 1.741664465631645839e+02
2.599011529325578707e+01 7.349147389080363268e+01 7.878611663818409738e+01 1.741664465631645839e+02
2.599011529325578707e+01 7.349147389080363268e+01 7.878611663818409738e+01 1.741664465631645839e+02
2.610361550038203049e+01 7.322634594949992959e+01 7.687850665695827956e+01 1.722629299595350290e+02
2.610361550038203049e+01 7.322634594949992959e+01 7.687850665695827956e+01 1.722629299595350290e+02
2.610361550038203049e+01 7.322634594949992959e+01 7.687850665695827956e+01 1.722629299595350290e+02
2.610361550038203049e+01 7.322634594949992959e+01 7.687850665695827956e+01 1.722629299595350290e+02
2.610361550038203049e+01 7.322634594949992959e+01 7.687850665695827956e+01 1.722629299595350290e+02
2.610361550038203049e+01 7.322634594949992959e+01 7.687850665695827956e+01 1.722629299595350290e+02
2.610361550038203049e+01 7.322634594949992959e+01 7.687850665695827956e+01 1.722629299595350290e+02
2.653426811716908063e+01 7.411004288067846346e+01 7.416861871949511453e+01 1.729214239720395767e+02
2.653426811716908063e+01 7.411004288067846346e+01 7.416861871949511453e+01 1.729214239720395767e+02
2.563131928612798305e+01 7.725544414934584836e+01 7.444334996864320431e+01 1.703421903431377871e+02
2.563131928612798305e+01 7.725544414934584836e+01 7.444334996864320431e+01 1.703421903431377871e+02
2.563131928612798305e+01 7.725544414934584836e+01 7.444334996864320431e+01 1.703421903431377871e+02
2.563131928612798305e+01 7.725544414934584836e+01 7.444334996864320431e+01 1.703421903431377871e+02
2.563131928612798305e+01 7.725544414934584836e+01 7.444334996864320431e+01 1.703421903431377871e+02
2.563131928612798305e+01 7.725544414934584836e+01 7.444334996864320431e+01 1.703421903431377871e+02
2.563131928612798305e+01 7.725544414934584836e+01 7.444334996864320431e+01 1.703421903431377871e+02
2.563131928612798305e+01 7.725544414934584836e+01 7.444334996864320431e+01 1.703421903431377871e+02
2.563131928612798305e+01 7.725544414934584836e+01 7.444334996864320431e+01 1.703421903431377871e+02
2.687055572190329045e+01 7.281956236381407166e+01 7.321229922256691225e+01 1.718585833759493653e+02
2.644638832657395255e+01 7.250408447898422537e+01 7.359043645478502071e+01 1.715704816875958727e+02
2.644638832657395255e+01 7.250408447898422537e+01 7.359043645478502071e+01 1.715704816875958727e+02
2.644638832657395255e+01 7.250408447898422537e+01 7.359043645478502071e+01 1.715704816875958727e+02
2.644638832657395255e+01 7.250408447898422537e+01 7.359043645478502071e+01 1.715704816875958727e+02
2.644638832657395255e+01 7.250408447898422537e+01 7.359043645478502071e+01 1.715704816875958727e+02
2.644638832657395255e+01 7.250408447898422537e+01 7.359043645478502071e+01 1.715704816875958727e+02
2.644638832657395255e+01 7.250408447898422537e+01 7.359043645478502071e+01 1.715704816875958727e+02
2.644638832657395255e+01 7.250408447898422537e+01 7.359043645478502071e+01 1.715704816875958727e+02
2.644638832657395255e+01 7.250408447898422537e+01 7.359043645478502071e+01 1.715704816875958727e+02
2.644638832657395255e+01 7.250408447898422537e+01 7.359043645478502071e+01 1.715704816875958727e+02
2.679346926467205137e+01 7.164452983353069726e+01 7.287446849884025823e+01 1.723913691885136643e+02
2.679346926467205137e+01 7.164452983353069726e+01 7.287446849884025823e+01 1.723913691885136643e+02
2.679346926467205137e+01 7.164452983353069726e+01 7.287446849884025823e+01 1.723913691885136643e+02
2.679346926467205137e+01 7.164452983353069726e+01 7.287446849884025823e+01 1.723913691885136643e+02
2.679346926467205137e+01 7.164452983353069726e+01 7.287446849884025823e+01 1.723913691885136643e+02
2.679346926467205137e+01 7.164452983353069726e+01 7.287446849884025823e+01 1.723913691885136643e+02
2.679346926467205137e+01 7.164452983353069726e+01 7.287446849884025823e+01 1.723913691885136643e+02
2.679346926467205137e+01 7.164452983353069726e+01 7.287446849884025823e+01 1.723913691885136643e+02
2.679346926467205137e+01 7.164452983353069726e+01 7.287446849884025823e+01 1.723913691885136643e+02
2.626614704695651881e+01 6.787925808779883141e+01 7.219102969334743136e+01 1.743246696147036232e+02
2.626614704695651881e+01 6.787925808779883141e+01 7.219102969334743136e+01 1.743246696147036232e+02
2.626614704695651881e+01 6.787925808779883141e+01 7.219102969334743136e+01 1.743246696147036232e+02
2.626614704695651881e+01 6.787925808779883141e+01 7.219102969334743136e+01 1.743246696147036232e+02
2.626614704695651881e+01 6.787925808779883141e+01 7.219102969334743136e+01 1.743246696147036232e+02
2.626614704695651881e+01 6.787925808779883141e+01 7.219102969334743136e+01 1.743246696147036232e+02
2.626614704695651881e+01 6.787925808779883141e+01 7.219102969334743136e+01 1.743246696147036232e+02
2.626614704695651881e+01 6.787925808779883141e+01 7.219102969334743136e+01 1.743246696147036232e+02
2.678293616530486787e+01 6.660117791555916256e+01 7.161511261825296515e+01 1.750472000618201207e+02
2.678293616530486787e+01 6.660117791555916256e+01 7.161511261825296515e+01 1.750472000618201207e+02
2.678293616530486787e+01 6.660117791555916256e+01 7.161511261825296515e+01 1.750472000618201207e+02
2.640147374467621688e+01 6.607217918742220775e+01 7.207406237789471959e+01 1.763793608575959411e+02
2.649270555614684852e+01 6.288704373958029237e+01 7.317001579472098172e+01 1.777719613990289815e+02
2.569874909389245232e+01 6.500833442867597967e+01 7.318815656366982125e+01 1.720194249101387811e+02
2.599402754786779113e+01 6.346834642083865674e+01 7.136891961175230392e+01 1.745233349019842706e+02
2.599402754786779113e+01 6.346834642083865674e+01 7.136891961175230392e+01 1.745233349019842706e+02
2.599402754786779113e+01 6.346834642083865674e+01 7.136891961175230392e+01 1.745233349019842706e+02
2.599402754786779113e+01 6.346834642083865674e+01 7.136891961175230392e+01 1.745233349019842706e+02
2.573585443448760302e+01 6.231781924418034180e+01 7.200480374136627404e+01 1.771459726763701781e+02
2.573585443448760302e+01 6.231781924418034180e+01 7.200480374136627404e+01 1.771459726763701781e+02
2.573585443448760302e+01 6.231781924418034180e+01 7.200480374136627404e+01 1.771459726763701781e+02
2.566749340300071225e+01 6.215646486183267427e+01 7.188858919613529963e+01 1.763879489111197927e+02
2.566076745156227545e+01 6.131171551653048368e+01 7.114265660748264963e+01 1.758505700896204758e+02
2.566076745156227545e+01 6.131171551653048368e+01 7.114265660748264963e+01 1.758505700896204758e+02
2.566076745156227545e+01 6.131171551653048368e+01 7.114265660748264963e+01 1.758505700896204758e+02
2.566076745156227545e+01 6.131171551653048368e+01 7.114265660748264963e+01 1.758505700896204758e+02
2.566076745156227545e+01 6.131171551653048368e+01 7.114265660748264963e+01 1.758505700896204758e+02
2.566076745156227545e+01 6.131171551653048368e+01 7.114265660748264963e+01 1.758505700896204758e+02
2.566076745156227545e+01 6.131171551653048368e+01 7.114265660748264963e+01 1.758505700896204758e+02
2.531418346851586421e+01 6.078535194819758658e+01 7.144817259236096163e+01 1.770330814905731813e+02
2.531418346851586421e+01 6.078535194819758658e+01 7.144817259236096163e+01 1.770330814905731813e+02
2.531418346851586421e+01 6.078535194819758658e+01 7.144817259236096163e+01 1.770330814905731813e+02
2.531418346851586421e+01 6.078535194819758658e+01 7.144817259236096163e+01 1.770330814905731813e+02
2.531418346851586421e+01 6.078535194819758658e+01 7.144817259236096163e+01 1.770330814905731813e+02
2.531418346851586421e+01 6.078535194819758658e+01 7.144817259236096163e+01 1.770330814905731813e+02
2.531418346851586421e+01 6.078535194819758658e+01 7.144817259236096163e+01 1.770330814905731813e+02
2.531418346851586421e+01 6.078535194819758658e+01 7.144817259236096163e+01 1.770330814905731813e+02
2.531418346851586421e+01 6.078535194819758658e+01 7.144817259236096163e+01 1.770330814905731813e+02
2.531418346851586421e+01 6.078535194819758658e+01 7.144817259236096163e+01 1.770330814905731813e+02
2.531418346851586421e+01 6.078535194819758658e+01 7.144817259236096163e+01 1.770330814905731813e+02
2.531418346851586421e+01 6.078535194819758658e+01 7.144817259236096163e+01 1.770330814905731813e+02
2.531418346851586421e+01 6.078535194819758658e+01 7.144817259236096163e+01 1.770330814905731813e+02
2.531418346851586421e+01 6.078535194819758658e+01 7.144817259236096163e+01 1.770330814905731813e+02
2.531418346851586421e+01 6.078535194819758658e+01 7.144817259236096163e+01 1.770330814905731813e+02
2.531418346851586421e+01 6.078535194819758658e+01 7.144817259236096163e+01 1.770330814905731813e+02
2.531418346851586421e+01 6.078535194819758658e+01 7.144817259236096163e+01 1.770330814905731813e+02
2.531418346851586421e+01 6.078535194819758658e+01 7.144817259236096163e+01 1.770330814905731813e+02
2.531418346851586421e+01 6.078535194819758658e+01 7.144817259236096163e+01 1.770330814905731813e+02
2.531418346851586421e+01 6.078535194819758658e+01 7.144817259236096163e+01 1.770330814905731813e+02
2.531418346851586421e+01 6.078535194819758658e+01 7.144817259236096163e+01 1.770330814905731813e+02
2.531418346851586421e+01 6.078535194819758658e+01 7.144817259236096163e+01 1.770330814905731813e+02
2.531418346851586421e+01 6.078535194819758658e+01 7.144817259236096163e+01 1.770330814905731813e+02
2.531418346851586421e+01 6.078535194819758658e+01 7.144817259236096163e+01 1.770330814905731813e+02
2.548466116164674844e+01 5.995964152441266037e+01 7.163764430518948245e+01 1.778678028395959245e+02
2.548466116164674844e+01 5.995964152441266037e+01 7.163764430518948245e+01 1.778678028395959245e+02
2.548466116164674844e+01 5.995964152441266037e+01 7.163764430518948245e+01 1.778678028395959245e+02
2.548466116164674844e+01 5.995964152441266037e+01 7.163764430518948245e+01 1.778678028395959245e+02
2.548466116164674844e+01 5.995964152441266037e+01 7.163764430518948245e+01 1.778678028395959245e+02
2.548466116164674844e+01 5.995964152441266037e+01 7.163764430518948245e+01 1.778678028395959245e+02
2.548466116164674844e+01 5.995964152441266037e+01 7.163764430518948245e+01 1.778678028395959245e+02
2.548466116164674844e+01 5.995964152441266037e+01 7.163764430518948245e+01 1.778678028395959245e+02
2.548466116164674844e+01 5.995964152441266037e+01 7.163764430518948245e+01 1.778678028395959245e+02
2.545273224912965304e+01 5.977413029535787814e+01 7.135443967061820558e+01 1.794375197299687841e+02
2.545273224912965304e+01 5.977413029535787814e+01 7.135443967061820558e+01 1.794375197299687841e+02
2.545273224912965304e+01 5.977413029535787814e+01 7.135443967061820558e+01 1.794375197299687841e+02
2.545273224912965304e+01 5.977413029535787814e+01 7.135443967061820558e+01 1.794375197299687841e+02
2.545273224912965304e+01 5.977413029535787814e+01 7.135443967061820558e+01 1.794375197299687841e+02
2.545273224912965304e+01 5.977413029535787814e+01 7.135443967061820558e+01 1.794375197299687841e+02
2.545273224912965304e+01 5.977413029535787814e+01 7.135443967061820558e+01 1.794375197299687841e+02
2.545273224912965304e+01 5.977413029535787814e+01 7.135443967061820558e+01 1.794375197299687841e+02
2.545273224912965304e+01 5.977413029535787814e+01 7.135443967061820558e+01 1.794375197299687841e+02
2.545273224912965304e+01 5.977413029535787814e+01 7.135443967061820558e+01 1.794375197299687841e+02
2.545273224912965304e+01 5.977413029535787814e+01 7.135443967061820558e+01 1.794375197299687841e+02
2.545273224912965304e+01 5.977413029535787814e+01 7.135443967061820558e+01 1.794375197299687841e+02
2.545273224912965304e+01 5.977413029535787814e+01 7.135443967061820558e+01 1.794375197299687841e+02
2.545273224912965304e+01 5.977413029535787814e+01 7.135443967061820558e+01 1.794375197299687841e+02
2.537771667528171449e+01 6.010845053536939986e+01 7.161950876717750702e+01 1.778678028395959245e+02
2.537771667528171449e+01 6.010845053536939986e+01 7.161950876717750702e+01 1.778678028395959245e+02
2.537771667528171449e+01 6.010845053536939986e+01 7.161950876717750702e+01 1.778678028395959245e+02
2.537771667528171449e+01 6.010845053536939986e+01 7.161950876717750702e+01 1.778678028395959245e+02
2.537771667528171449e+01 6.010845053536939986e+01 7.161950876717750702e+01 1.778678028395959245e+02
2.537771667528171449e+01 6.010845053536939986e+01 7.161950876717750702e+01 1.778678028395959245e+02
2.537771667528171449e+01 6.010845053536939986e+01 7.161950876717750702e+01 1.778678028395959245e+02
2.537771667528171449e+01 6.010845053536939986e+01 7.161950876717750702e+01 1.778678028395959245e+02
2.537771667528171449e+01 6.010845053536939986e+01 7.161950876717750702e+01 1.778678028395959245e+02
2.537771667528171449e+01 6.010845053536939986e+01 7.161950876717750702e+01 1.778678028395959245e+02
2.537771667528171449e+01 6.010845053536939986e+01 7.161950876717750702e+01 1.778678028395959245e+02
2.537771667528171449e+01 6.010845053536939986e+01 7.161950876717750702e+01 1.778678028395959245e+02
2.537771667528171449e+01 6.010845053536939986e+01 7.161950876717750702e+01 1.778678028395959245e+02
2.537771667528171449e+01 6.010845053536939986e+01 7.161950876717750702e+01 1.778678028395959245e+02
2.537771667528171449e+01 6.010845053536939986e+01 7.161950876717750702e+01 1.778678028395959245e+02
2.537771667528171449e+01 6.010845053536939986e+01 7.161950876717750702e+01 1.778678028395959245e+02
2.537771667528171449e+01 6.010845053536939986e+01 7.161950876717750702e+01 1.778678028395959245e+02
2.537771667528171449e+01 6.010845053536939986e+01 7.161950876717750702e+01 1.778678028395959245e+02
2.537771667528171449e+01 6.010845053536939986e+01 7.161950876717750702e+01 1.778678028395959245e+02
2.537771667528171449e+01 6.010845053536939986e+01 7.161950876717750702e+01 1.778678028395959245e+02
2.537771667528171449e+01 6.010845053536939986e+01 7.161950876717750702e+01 1.778678028395959245e+02
2.537771667528171449e+01 6.010845053536939986e+01 7.161950876717750702e+01 1.778678028395959245e+02
2.537771667528171449e+01 6.010845053536939986e+01 7.161950876717750702e+01 1.778678028395959245e+02
2.537771667528171449e+01 6.010845053536939986e+01 7.161950876717750702e+01 1.778678028395959245e+02
2.537771667528171449e+01 6.010845053536939986e+01 7.161950876717750702e+01 1.778678028395959245e+02
2.537771667528171449e+01 6.010845053536939986e+01 7.161950876717750702e+01 1.778678028395959245e+02
2.537771667528171449e+01 6.010845053536939986e+01 7.161950876717750702e+01 1.778678028395959245e+02
2.558036090522286088e+01 5.978856488365685351e+01 7.171936425189974784e+01 1.780491450115959253e+02
2.558036090522286088e+01 5.978856488365685351e+01 7.171936425189974784e+01 1.780491450115959253e+02
2.558036090522286088e+01 5.978856488365685351e+01 7.171936425189974784e+01 1.780491450115959253e+02
2.558036090522286088e+01 5.978856488365685351e+01 7.171936425189974784e+01 1.780491450115959253e+02
2.558036090522286088e+01 5.978856488365685351e+01 7.171936425189974784e+01 1.780491450115959253e+02
2.558036090522286088e+01 5.978856488365685351e+01 7.171936425189974784e+01 1.780491450115959253e+02
2.558036090522286088e+01 5.978856488365685351e+01 7.171936425189974784e+01 1.780491450115959253e+02
2.558036090522286088e+01 5.978856488365685351e+01 7.171936425189974784e+01 1.780491450115959253e+02
2.558036090522286088e+01 5.978856488365685351e+01 7.171936425189974784e+01 1.780491450115959253e+02
2.537474011125138418e+01 5.966281193005666239e+01 7.169575145949342243e+01 1.770215126908515515e+02
2.537474011125138418e+01 5.966281193005666239e+01 7.169575145949342243e+01 1.770215126908515515e+02
2.537474011125138418e+01 5.966281193005666239e+01 7.169575145949342243e+01 1.770215126908515515e+02
2.537474011125138418e+01 5.966281193005666239e+01 7.169575145949342243e+01 1.770215126908515515e+02
2.537474011125138418e+01 5.966281193005666239e+01 7.169575145949342243e+01 1.770215126908515515e+02
2.537474011125138418e+01 5.966281193005666239e+01 7.169575145949342243e+01 1.770215126908515515e+02
2.537474011125138418e+01 5.966281193005666239e+01 7.169575145949342243e+01 1.770215126908515515e+02
2.537474011125138418e+01 5.966281193005666239e+01 7.169575145949342243e+01 1.770215126908515515e+02
2.537474011125138418e+01 5.966281193005666239e+01 7.169575145949342243e+01 1.770215126908515515e+02
2.537474011125138418e+01 5.966281193005666239e+01 7.169575145949342243e+01 1.770215126908515515e+02
2.537474011125138418e+01 5.966281193005666239e+01 7.169575145949342243e+01 1.770215126908515515e+02
2.537474011125138418e+01 5.966281193005666239e+01 7.169575145949342243e+01 1.770215126908515515e+02
2.537474011125138418e+01 5.966281193005666239e+01 7.169575145949342243e+01 1.770215126908515515e+02
2.537474011125138418e+01 5.966281193005666239e+01 7.169575145949342243e+01 1.770215126908515515e+02
2.537474011125138418e+01 5.966281193005666239e+01 7.169575145949342243e+01 1.770215126908515515e+02
2.537474011125138418e+01 5.966281193005666239e+01 7.169575145949342243e+01 1.770215126908515515e+02
2.537474011125138418e+01 5.966281193005666239e+01 7.169575145949342243e+01 1.770215126908515515e+02
2.537474011125138418e+01 5.966281193005666239e+01 7.169575145949342243e+01 1.770215126908515515e+02
2.537474011125138418e+01 5.966281193005666239e+01 7.169575145949342243e+01 1.770215126908515515e+02
2.537474011125138418e+01 5.966281193005666239e+01 7.169575145949342243e+01 1.770215126908515515e+02
2.537474011125138418e+01 5.966281193005666239e+01 7.169575145949342243e+01 1.770215126908515515e+02
2.537474011125138418e+01 5.966281193005666239e+01 7.169575145949342243e+01 1.770215126908515515e+02
2.624363573071638456e+01 5.737100340184048264e+01 7.186485266393896154e+01 1.770338991741701307e+02
2.624363573071638456e+01 5.737100340184048264e+01 7.186485266393896154e+01 1.770338991741701307e+02
2.624363573071638456e+01 5.737100340184048264e+01 7.186485266393896154e+01 1.770338991741701307e+02
2.624363573071638456e+01 5.737100340184048264e+01 7.186485266393896154e+01 1.770338991741701307e+02
2.624363573071638456e+01 5.737100340184048264e+01 7.186485266393896154e+01 1.770338991741701307e+02
2.624363573071638456e+01 5.737100340184048264e+01 7.186485266393896154e+01 1.770338991741701307e+02
2.624363573071638456e+01 5.737100340184048264e+01 7.186485266393896154e+01 1.770338991741701307e+02
2.624363573071638456e+01 5.737100340184048264e+01 7.186485266393896154e+01 1.770338991741701307e+02
2.608321680472052506e+01 5.704704160287163717e+01 7.165257751088037708e+01 1.788057354562280921e+02
2.620009085392175763e+01 5.693546196216105670e+01 7.143112425109711694e+01 1.782161012555959019e+02
2.620009085392175763e+01 5.693546196216105670e+01 7.143112425109711694e+01 1.782161012555959019e+02
2.610870715015681043e+01 5.686471170554405319e+01 7.158266076053722315e+01 1.788732188344936844e+02
2.610870715015681043e+01 5.686471170554405319e+01 7.158266076053722315e+01 1.788732188344936844e+02
2.610870715015681043e+01 5.686471170554405319e+01 7.158266076053722315e+01 1.788732188344936844e+02
2.610870715015681043e+01 5.686471170554405319e+01 7.158266076053722315e+01 1.788732188344936844e+02
2.604420957417300286e+01 5.310393888936087592e+01 7.394349574204936459e+01 1.811257060675958428e+02
2.604420957417300286e+01 5.310393888936087592e+01 7.394349574204936459e+01 1.811257060675958428e+02
2.604420957417300286e+01 5.310393888936087592e+01 7.394349574204936459e+01 1.811257060675958428e+02
2.604420957417300286e+01 5.310393888936087592e+01 7.394349574204936459e+01 1.811257060675958428e+02
2.604420957417300286e+01 5.310393888936087592e+01 7.394349574204936459e+01 1.811257060675958428e+02
2.603420035024529255e+01 5.297626090824086020e+01 7.368407861421816563e+01 1.810559285522523680e+02
2.603030869806929104e+01 5.295687190872259720e+01 7.375913167372750934e+01 1.811257060675958428e+02
2.603030869806929104e+01 5.295687190872259720e+01 7.375913167372750934e+01 1.811257060675958428e+02
2.603030869806929104e+01 5.295687190872259720e+01 7.375913167372750934e+01 1.811257060675958428e+02
2.596872639181322739e+01 5.291380967337737928e+01 7.420926965233269357e+01 1.799962228731630489e+02
2.596872639181322739e+01 5.291380967337737928e+01 7.420926965233269357e+01 1.799962228731630489e+02
2.596872639181322739e+01 5.291380967337737928e+01 7.420926965233269357e+01 1.799962228731630489e+02
2.596872639181322739e+01 5.291380967337737928e+01 7.420926965233269357e+01 1.799962228731630489e+02
2.596872639181322739e+01 5.291380967337737928e+01 7.420926965233269357e+01 1.799962228731630489e+02
2.596872639181322739e+01 5.291380967337737928e+01 7.420926965233269357e+01 1.799962228731630489e+02
2.596872639181322739e+01 5.291380967337737928e+01 7.420926965233269357e+01 1.799962228731630489e+02
2.596872639181322739e+01 5.291380967337737928e+01 7.420926965233269357e+01 1.799962228731630489e+02
2.596872639181322739e+01 5.291380967337737928e+01 7.420926965233269357e+01 1.799962228731630489e+02
2.596872639181322739e+01 5.291380967337737928e+01 7.420926965233269357e+01 1.799962228731630489e+02
2.596872639181322739e+01 5.291380967337737928e+01 7.420926965233269357e+01 1.799962228731630489e+02
2.596872639181322739e+01 5.291380967337737928e+01 7.420926965233269357e+01 1.799962228731630489e+02
2.596872639181322739e+01 5.291380967337737928e+01 7.420926965233269357e+01 1.799962228731630489e+02
2.596872639181322739e+01 5.291380967337737928e+01 7.420926965233269357e+01 1.799962228731630489e+02
2.596872639181322739e+01 5.291380967337737928e+01 7.420926965233269357e+01 1.799962228731630489e+02
2.596872639181322739e+01 5.291380967337737928e+01 7.420926965233269357e+01 1.799962228731630489e+02
2.596872639181322739e+01 5.291380967337737928e+01 7.420926965233269357e+01 1.799962228731630489e+02
2.596872639181322739e+01 5.291380967337737928e+01 7.420926965233269357e+01 1.799962228731630489e+02
2.596872639181322739e+01 5.291380967337737928e+01 7.420926965233269357e+01 1.799962228731630489e+02
2.596872639181322739e+01 5.291380967337737928e+01 7.420926965233269357e+01 1.799962228731630489e+02
2.596872639181322739e+01 5.291380967337737928e+01 7.420926965233269357e+01 1.799962228731630489e+02
2.597606415345919473e+01 5.303547164123192914e+01 7.241759112125531317e+01 1.796619284239569652e+02
2.597606415345919473e+01 5.303547164123192914e+01 7.241759112125531317e+01 1.796619284239569652e+02
2.597606415345919473e+01 5.303547164123192914e+01 7.241759112125531317e+01 1.796619284239569652e+02
2.597606415345919473e+01 5.303547164123192914e+01 7.241759112125531317e+01 1.796619284239569652e+02
2.597606415345919473e+01 5.303547164123192914e+01 7.241759112125531317e+01 1.796619284239569652e+02
2.597606415345919473e+01 5.303547164123192914e+01 7.241759112125531317e+01 1.796619284239569652e+02
2.597606415345919473e+01 5.303547164123192914e+01 7.241759112125531317e+01 1.796619284239569652e+02
2.597606415345919473e+01 5.303547164123192914e+01 7.241759112125531317e+01 1.796619284239569652e+02
2.597606415345919473e+01 5.303547164123192914e+01 7.241759112125531317e+01 1.796619284239569652e+02
2.597606415345919473e+01 5.303547164123192914e+01 7.241759112125531317e+01 1.796619284239569652e+02
2.597606415345919473e+01 5.303547164123192914e+01 7.241759112125531317e+01 1.796619284239569652e+02
2.597606415345919473e+01 5.303547164123192914e+01 7.241759112125531317e+01 1.796619284239569652e+02
2.597606415345919473e+01 5.303547164123192914e+01 7.241759112125531317e+01 1.796619284239569652e+02
2.597606415345919473e+01 5.303547164123192914e+01 7.241759112125531317e+01 1.796619284239569652e+02
2.597606415345919473e+01 5.303547164123192914e+01 7.241759112125531317e+01 1.796619284239569652e+02
2.597606415345919473e+01 5.303547164123192914e+01 7.241759112125531317e+01 1.796619284239569652e+02
2.597606415345919473e+01 5.303547164123192914e+01 7.241759112125531317e+01 1.796619284239569652e+02
2.597606415345919473e+01 5.303547164123192914e+01 7.241759112125531317e+01 1.796619284239569652e+02
2.597606415345919473e+01 5.303547164123192914e+01 7.241759112125531317e+01 1.796619284239569652e+02
2.597606415345919473e+01 5.303547164123192914e+01 7.241759112125531317e+01 1.796619284239569652e+02
2.597606415345919473e+01 5.303547164123192914e+01 7.241759112125531317e+01 1.796619284239569652e+02
2.597606415345919473e+01 5.303547164123192914e+01 7.241759112125531317e+01 1.796619284239569652e+02
2.597606415345919473e+01 5.303547164123192914e+01 7.241759112125531317e+01 1.796619284239569652e+02
2.597606415345919473e+01 5.303547164123192914e+01 7.241759112125531317e+01 1.796619284239569652e+02
2.597606415345919473e+01 5.303547164123192914e+01 7.241759112125531317e+01 1.796619284239569652e+02
2.597606415345919473e+01 5.303547164123192914e+01 7.241759112125531317e+01 1.796619284239569652e+02
2.597606415345919473e+01 5.303547164123192914e+01 7.241759112125531317e+01 1.796619284239569652e+02
2.597606415345919473e+01 5.303547164123192914e+01 7.241759112125531317e+01 1.796619284239569652e+02
2.597606415345919473e+01 5.303547164123192914e+01 7.241759112125531317e+01 1.796619284239569652e+02
2.597606415345919473e+01 5.303547164123192914e+01 7.241759112125531317e+01 1.796619284239569652e+02
2.597606415345919473e+01 5.303547164123192914e+01 7.241759112125531317e+01 1.796619284239569652e+02
2.597606415345919473e+01 5.303547164123192914e+01 7.241759112125531317e+01 1.796619284239569652e+02
2.593145329798258558e+01 5.339375500671087593e+01 7.208132622336897555e+01 1.796415540137680011e+02
2.593145329798258558e+01 5.339375500671087593e+01 7.208132622336897555e+01 1.796415540137680011e+02
2.603596081287054176e+01 5.252968430435141300e+01 7.219020008581280479e+01 1.803988107375958521e+02
2.603596081287054176e+01 5.252968430435141300e+01 7.219020008581280479e+01 1.803988107375958521e+02
2.603596081287054176e+01 5.252968430435141300e+01 7.219020008581280479e+01 1.803988107375958521e+02
2.603596081287054176e+01 5.252968430435141300e+01 7.219020008581280479e+01 1.803988107375958521e+02
2.603596081287054176e+01 5.252968430435141300e+01 7.219020008581280479e+01 1.803988107375958521e+02
2.603596081287054176e+01 5.252968430435141300e+01 7.219020008581280479e+01 1.803988107375958521e+02
2.603596081287054176e+01 5.252968430435141300e+01 7.219020008581280479e+01 1.803988107375958521e+02
2.603596081287054176e+01 5.252968430435141300e+01 7.219020008581280479e+01 1.803988107375958521e+02
2.605557920923913073e+01 5.257933729989826332e+01 7.247487265151747238e+01 1.803988107375958521e+02
2.619251444332673628e+01 5.225774257445019089e+01 7.277772512741080391e+01 1.807552258573084600e+02
2.619251444332673628e+01 5.225774257445019089e+01 7.277772512741080391e+01 1.807552258573084600e+02
2.619251444332673628e+01 5.225774257445019089e+01 7.277772512741080391e+01 1.807552258573084600e+02
2.620445060960894068e+01 5.232777535840789085e+01 7.254022125614675076e+01 1.805746215160155543e+02
2.611883450300763698e+01 5.231009919257225249e+01 7.263013985650535176e+01 1.803988107375958521e+02
2.611883450300763698e+01 5.231009919257225249e+01 7.263013985650535176e+01 1.803988107375958521e+02
2.611883450300763698e+01 5.231009919257225249e+01 7.263013985650535176e+01 1.803988107375958521e+02
2.611883450300763698e+01 5.231009919257225249e+01 7.263013985650535176e+01 1.803988107375958521e+02
2.611883450300763698e+01 5.231009919257225249e+01 7.263013985650535176e+01 1.803988107375958521e+02
2.611883450300763698e+01 5.231009919257225249e+01 7.263013985650535176e+01 1.803988107375958521e+02
2.611883450300763698e+01 5.231009919257225249e+01 7.263013985650535176e+01 1.803988107375958521e+02
2.611883450300763698e+01 5.231009919257225249e+01 7.263013985650535176e+01 1.803988107375958521e+02
2.614528557707141232e+01 5.226106900762256657e+01 7.307529152502368675e+01 1.803988107375958521e+02
2.613113985302701181e+01 5.232702185650374815e+01 7.348741940181814414e+01 1.803988107375958521e+02
2.613113985302701181e+01 5.232702185650374815e+01 7.348741940181814414e+01 1.803988107375958521e+02
2.613113985302701181e+01 5.232702185650374815e+01 7.348741940181814414e+01 1.803988107375958521e+02
2.613113985302701181e+01 5.232702185650374815e+01 7.348741940181814414e+01 1.803988107375958521e+02
2.613113985302701181e+01 5.232702185650374815e+01 7.348741940181814414e+01 1.803988107375958521e+02
2.613113985302701181e+01 5.232702185650374815e+01 7.348741940181814414e+01 1.803988107375958521e+02
2.613113985302701181e+01 5.232702185650374815e+01 7.348741940181814414e+01 1.803988107375958521e+02
