1.000000000000000000e+00 1.000000000000000000e+00 1.000000000000000000e+00 1.000000000000000000e+00
2.772696429346861030e-02 1.006877438144869297e+00 2.739764715323292421e+01 4.867325324675685072e-02
2.585961708747183674e-02 9.353647269645655182e-01 2.682837628267346020e+01 4.509222685187143365e-02
2.729152595261901890e-02 9.441032984874661027e-01 2.489622465098538839e+01 4.347559179343685881e-02
2.985441065273751471e-02 9.724033113154427754e-01 2.559621168574991046e+01 4.452650913130928867e-02
2.854745173976291905e-02 8.264867492450768127e-01 1.802844218055377468e+01 5.895327649881124121e-02
2.798513155915838616e-02 8.928913783586527320e-01 1.630514401194011498e+01 5.972325182612770594e-02
2.891856780200446550e-02 9.418041801261488599e-01 1.671572528145212289e+01 5.467922832066869632e-02
2.849957559844563254e-02 9.527260690219745420e-01 1.556935148864151053e+01 5.324785189512418887e-02
2.741925943734534882e-02 8.255997286144769465e-01 1.163907731537045898e+01 4.960782674757264338e-02
2.959821047597528329e-02 8.888367481533546721e-01 1.192112294860171318e+01 5.632373882124632608e-02
2.893771413678000379e-02 8.837045795732173525e-01 1.008752564969718257e+01 4.240929194564842242e-02
2.970753875069168451e-02 9.756488323867504864e-01 1.257443981988619974e+01 4.377684238075206513e-02
2.793634201896795163e-02 8.974654318704740064e-01 1.245663150890693771e+01 4.885701392977399860e-02
2.757230266398846830e-02 8.693606644386440152e-01 1.218426414327919005e+01 4.089943940284705010e-02
2.737145450384206868e-02 9.180872511741897668e-01 1.061574182582869774e+01 4.183610673112218847e-02
2.863463012091149729e-02 9.085033001651989792e-01 6.833001949329061020e+00 4.373362820286074565e-02
2.884585550096556428e-02 9.001871622136587980e-01 7.386474652364520388e+00 3.971103045037149837e-02
3.003453728262698436e-02 8.592784436783839075e-01 4.736628696517660053e+00 4.637048903583623066e-02
2.742886748460396026e-02 8.631771083101708042e-01 4.707599293708477184e+00 4.616246467291155314e-02
2.862650859930016001e-02 9.025132715176991116e-01 4.404402326401026357e+00 4.258882968892845761e-02
2.900745020727523577e-02 8.293047396057992016e-01 4.635730213884479589e+00 4.212785712647987291e-02
3.332486652718469333e-02 8.689102094777363394e-01 4.590477985100230640e+00 4.042142227841163948e-02
3.038743540072920760e-02 8.579818591479724255e-01 4.505028023725283326e+00 4.354545633990133946e-02
3.264823731460590045e-02 8.588047731646571981e-01 3.879879085362041291e+00 4.313744747942623026e-02
2.928528820198873089e-02 9.338986500919004285e-01 4.167886932064775785e+00 4.663526921574490808e-02
2.952860683549954346e-02 8.294263412684713677e-01 3.707696574887065388e+00 4.300109342398238110e-02
3.106459017499904607e-02 8.399568223967847080e-01 4.234696074753364847e+00 4.674460298519893253e-02
3.019665601946811689e-02 8.984543804103445330e-01 3.073213456398422583e+00 3.782608873866941807e-02
3.161642478813592866e-02 9.550806524371168171e-01 1.306641885159102179e+00 3.962506697743587575e-02
3.218675631421021033e-02 9.765799292997016101e-01 1.185764031205102098e+00 3.946004379215851260e-02
2.915236574911611589e-02 8.774819492389906994e-01 1.379893482995777187e+00 3.643692308192022361e-02
3.167551013727124692e-02 8.961185779671063667e-01 1.192830427266115434e+00 3.748796472165860649e-02
3.043664545627843693e-02 8.411930397838598417e-01 1.360038707030435390e+00 3.615637888901715447e-02
3.161535158717756339e-02 9.556785228177551161e-01 1.536968831316307238e+00 2.918652358613482364e-02
3.033296441257486709e-02 9.249314214107882126e-01 1.697814272821483339e+00 3.013128839108873344e-02
2.851159701472116489e-02 9.140327796703506813e-01 1.620634497975361743e+00 2.984754547875149988e-02
3.267296631273372554e-02 9.831448273420323458e-01 1.723536374940090266e+00 2.942026288745780774e-02
3.048306048356183920e-02 9.307813737091595874e-01 1.142823359848820663e+00 2.994294208197384802e-02
3.210950235822145060e-02 8.710857653679463519e-01 7.268326520686683168e-01 3.959649306862503271e-02
3.176244262540643681e-02 9.406590149810544199e-01 8.065642894109594785e-01 3.871837097085798624e-02
2.923065665266657079e-02 8.771387764762471617e-01 6.895901703686782014e-01 3.551718099143345853e-02
3.214459574770323763e-02 8.496970763266160631e-01 8.069713726453432434e-01 2.733924600523836290e-02
2.958793409454269288e-02 8.866640965060474944e-01 8.469493158798034882e-01 2.607674038159047900e-02
2.675679978720255439e-02 9.260413748554291447e-01 7.779953591762120979e-01 2.964879058946591484e-02
3.305412215654231212e-02 9.504240894178594967e-01 7.872517516839521168e-01 2.708648342095930708e-02
3.333394179620308845e-02 9.266600252213259559e-01 7.853498118698600816e-01 2.888238156136043247e-02
2.676034840495429210e-02 9.240144378488509558e-01 7.543705993601131921e-01 2.799753087025222756e-02
2.957533534425896282e-02 8.399087759445368340e-01 7.873983159160109491e-01 2.907225795184741057e-02
2.895299970546916235e-02 9.259560350402854523e-01 7.964951418698499319e-01 2.679809475189003781e-02
2.970539735771941109e-02 9.520523885368180617e-01 7.702158675658933307e-01 2.953537455548633714e-02
2.981180336905936770e-02 9.757942067433181821e-01 7.711154851471017091e-01 2.813372774051173253e-02
2.856357305012192233e-02 9.378526474878045027e-01 8.214358592544577231e-01 3.130372481888279990e-02
2.820022156392577861e-02 9.178775780552201891e-01 8.067543635946891056e-01 2.761142722792925622e-02
2.905094203917051379e-02 9.282776716875859035e-01 8.426388180789677884e-01 2.664488092499543020e-02
2.773224987533617555e-02 8.913742206030509374e-01 8.763331340011635273e-01 2.765769718897415075e-02
2.663109556231886207e-02 9.675417474293367404e-01 8.703037300329942161e-01 2.861538450626579036e-02
3.181713045519807964e-02 9.120891692476350565e-01 8.051267805289242796e-01 2.923707676140170977e-02
3.084589693784804687e-02 7.961908335672532866e-01 8.712213525303145190e-01 2.899596076800827968e-02
2.838629111974197428e-02 8.902289902765405660e-01 7.646933601183592000e-01 2.967351313570438381e-02
2.830735454609867655e-02 9.185821743010761375e-01 7.010049715024310180e-01 2.869114779594973338e-02
2.989286042987340450e-02 7.772826803417779429e-01 7.074245322969903160e-01 2.640797589995260916e-02
3.150803910557957443e-02 9.243230126432935290e-01 6.818357372299356234e-01 2.808527942382868514e-02
3.087019958260043412e-02 9.214386703889614338e-01 5.892012518687539391e-01 3.044322912944917581e-02
2.934908489246983165e-02 8.748950433017284034e-01 6.167071888120299050e-01 3.024102783077160447e-02
2.963254368284780338e-02 8.683739546303941292e-01 6.331920762775548051e-01 2.796074444740247883e-02
3.208295451024875677e-02 9.309506653520125408e-01 5.622603661291092347e-01 2.761760060794787516e-02
3.136097627997060100e-02 9.175506758412124153e-01 5.204177701967250824e-01 3.099641870413065436e-02
2.570455887021768845e-02 9.728741789716227606e-01 5.896297030350710067e-01 2.786395435482109939e-02
2.684153844353945675e-02 8.968426489046771310e-01 6.033277195475800214e-01 2.862510634513820360e-02
2.834880912992287713e-02 9.036901889115145359e-01 6.759162027750962309e-01 2.928876849317462241e-02
3.212451279549412286e-02 8.583102929573643847e-01 5.697355648821199603e-01 2.998597531848917752e-02
2.722464182332148125e-02 9.088489118016968016e-01 5.915170512772257583e-01 2.990946353375999525e-02
2.656801222774685112e-02 8.565533832805239944e-01 5.447909948451006290e-01 3.016206406133501230e-02
2.578677721858346414e-02 8.524338903847141768e-01 5.227660682896075883e-01 2.657591636573098867e-02
2.586104892166423905e-02 9.137509251441333635e-01 5.880851728847443782e-01 2.604882678044451172e-02
2.807978528524453579e-02 9.609304700834251367e-01 5.658676849213365445e-01 2.857617442405518612e-02
2.967178467067878994e-02 9.571039524394375775e-01 5.913012598664622033e-01 2.622601181083201310e-02
2.966425781908911541e-02 1.008791309630347577e+00 5.276047861940321715e-01 2.833867565942484873e-02
2.835944420959792683e-02 8.979290433432085550e-01 5.561397925710143131e-01 2.877102621615170927e-02
2.654358630123329968e-02 9.126692031392558135e-01 5.952003855369273344e-01 2.975296387936542455e-02
2.865146783428871094e-02 8.823091646312467562e-01 5.566720802252446143e-01 2.482979810327207507e-02
2.677927363898998520e-02 9.111535123976619577e-01 5.696989865308772494e-01 2.614161062407700103e-02
2.743636776770026417e-02 9.256658441441782958e-01 5.139168270238622105e-01 2.691420254949064214e-02
2.979075222112053528e-02 9.389923879640366122e-01 5.620498091405268237e-01 2.790837858740490354e-02
2.872709958548499976e-02 8.778063111234045701e-01 5.182452230181845421e-01 3.160581081482456006e-02
2.777633428536080418e-02 9.970528939908473998e-01 5.236498333113149828e-01 2.676632701325492789e-02
2.700747448937522791e-02 8.970499108106967379e-01 5.043941247858306776e-01 2.810521942647897786e-02
3.112221034931523383e-02 9.141154481086163353e-01 4.984846129373172174e-01 2.639633632654598758e-02
2.791030105807481079e-02 9.056027270951401142e-01 5.067588616187246320e-01 2.797630063656504976e-02
3.038894630281937376e-02 9.113354462784072352e-01 5.169037064113750635e-01 2.696196696497770232e-02
3.024757441747656303e-02 9.234336490224066551e-01 4.905971773978910488e-01 3.009477386576835459e-02
2.948147735939883260e-02 8.573336204304931041e-01 5.265269454661529736e-01 2.541378640764456465e-02
3.004484574313549122e-02 8.293287015481929370e-01 5.393980850840509600e-01 2.705827844141138472e-02
2.856071334375616735e-02 9.194076845337282311e-01 5.840737108424703949e-01 2.792607927070214074e-02
3.055096404723672485e-02 8.811674598919143619e-01 5.489055947878607178e-01 2.780779674046907762e-02
3.115798203812665187e-02 9.375444535862068607e-01 5.511962240127546986e-01 2.776435296219802173e-02
3.001943918989429319e-02 8.739054458214077226e-01 5.446562806456851646e-01 2.636229261871834983e-02
2.900921945300013668e-02 9.323322044032243960e-01 4.974847320999862821e-01 3.042817562567134981e-02
2.668340416623680642e-02 8.892182888266609853e-01 5.198234940343307020e-01 2.644015930783715287e-02
2.830170197827038339e-02 9.014351456712631494e-01 5.173286949743038932e-01 2.529039012395037020e-02
2.963177091800266172e-02 8.830075191616387764e-01 4.919085475528331974e-01 2.803816737960267494e-02
2.922666578102012247e-02 8.352095375562861301e-01 5.045862543451415938e-01 2.729606817371535085e-02
2.765439545179724720e-02 9.039193304629815628e-01 5.352161535988314567e-01 2.619131053721415400e-02
2.877886040545805588e-02 8.668793835966861483e-01 4.993590266917072862e-01 3.032200760316769439e-02
2.971167271614278890e-02 8.812930491113474263e-01 5.242180521215575872e-01 2.767901635110511446e-02
2.733797781697219417e-02 9.331118222294647602e-01 5.037273107926415472e-01 2.414974605862169055e-02
3.011379894369859561e-02 9.308907835197215430e-01 4.412007239871997277e-01 2.881861433123717245e-02
2.915436993494023576e-02 9.326566968942663349e-01 4.567795876789302878e-01 3.005886182401437678e-02
2.765426255539886469e-02 9.660860332087038982e-01 4.865183902973530539e-01 2.498308006700724823e-02
2.587120496028458977e-02 9.120251781609193253e-01 4.459929289392118856e-01 2.792119411123459780e-02
3.329587892749186206e-02 9.406550533496051969e-01 3.461273813782524411e-01 2.874311597915780309e-02
3.126774385797908423e-02 8.862661066317312208e-01 3.882687904661690226e-01 2.703278893763020815e-02
2.936035750564066141e-02 8.953874820986411631e-01 3.774819782050688466e-01 2.486895214935016390e-02
2.956301734126410077e-02 9.116246800207520318e-01 3.884305604069112627e-01 2.909078488273204519e-02
2.676690319588870964e-02 9.245909155004303770e-01 3.597830955423237942e-01 2.722940597319681300e-02
2.944923032856813089e-02 8.607093269635257560e-01 3.911651713745490921e-01 2.934312126664064685e-02
3.149346143522902680e-02 9.556816394499585421e-01 3.537426933071302626e-01 2.727176495828059072e-02
2.905315557070629537e-02 8.829148316335709845e-01 3.255632117889751265e-01 2.647842203810673103e-02
2.802276332609539983e-02 8.490408964098151712e-01 2.906663775008147543e-01 2.993742518853857726e-02
2.813597596360217085e-02 9.688897371362316102e-01 3.238486262528572079e-01 2.972121922321411744e-02
2.707985220746126492e-02 8.410571095430942057e-01 2.979178494472409788e-01 2.936820982227921276e-02
2.875287223354517155e-02 8.804645935645998289e-01 2.984189670973407260e-01 2.504770245837690396e-02
2.982226445535756873e-02 9.445844685635058635e-01 3.230840291683445553e-01 2.991310114991965058e-02
2.549708724090407608e-02 9.083839920810351520e-01 2.948768236447006363e-01 2.776612612779770853e-02
2.878668948352001988e-02 7.938348696860230147e-01 3.227546424803242608e-01 2.767626225906413828e-02
2.969739502883186194e-02 9.553483255564815257e-01 3.236856232800053301e-01 2.583885441376676875e-02
2.968203564992652130e-02 9.576349508597303828e-01 2.915905677935531903e-01 2.612152729306580629e-02
3.179457848650339702e-02 8.342654322106006770e-01 2.709907274812120015e-01 2.562753892462325475e-02
2.935191372026373785e-02 9.249776178972111129e-01 2.598597526302182659e-01 2.690299498404337061e-02
2.948200901303708529e-02 8.897338666740095547e-01 2.619980159153549315e-01 2.771879958082594866e-02
2.586848121752875068e-02 9.914119934802190226e-01 2.289445698256195594e-01 2.886446527681485463e-02
3.051185849965755079e-02 8.895301152020560487e-01 2.605275501059526322e-01 2.926200041545172492e-02
2.732814412921433581e-02 9.201963012223092209e-01 2.611620071844292790e-01 2.554056108434428832e-02
2.682899064024119387e-02 9.458305559435288279e-01 2.672578951310816131e-01 2.729644720792214624e-02
2.943836954281840376e-02 8.452380700753368004e-01 2.248199164390542737e-01 2.674571467294500557e-02
2.941131134774779485e-02 9.522597361790035020e-01 2.121541869104286437e-01 2.614309029501078047e-02
2.764255386943480566e-02 8.590509724558628157e-01 2.199740139149989615e-01 2.668124490277000785e-02
2.892137779005572729e-02 8.312567240207714425e-01 2.155329394205282578e-01 2.462663324163129677e-02
2.735919671596779776e-02 8.698228777371771470e-01 2.205962728526115746e-01 2.492187948025102393e-02
3.003713192462121803e-02 9.147221232093760701e-01 1.895014396006766133e-01 2.672795206774781704e-02
2.703380376254186854e-02 9.067209124018894562e-01 2.065910831926961455e-01 2.733904719576338641e-02
2.706485814334525994e-02 9.484844209112589519e-01 2.143947235970095067e-01 2.863277247552782970e-02
2.817203666347585511e-02 9.617772352018895132e-01 1.878403017279071663e-01 2.766172526331228329e-02
2.922848868164637862e-02 9.018370940385068701e-01 2.002378841772505247e-01 2.639999513939263187e-02
3.220836759574784158e-02 8.345848796748621679e-01 2.045210606278723142e-01 2.764074479730788125e-02
2.827530387620415253e-02 8.360102465780488989e-01 2.078863907182897652e-01 2.870977693766827224e-02
2.765996026282850628e-02 8.369883530202383293e-01 2.034023232349423393e-01 2.373447417264029635e-02
2.797000574147659804e-02 8.907433575223748790e-01 1.910784525457131511e-01 2.904186278454454900e-02
3.019529032423363610e-02 8.190146612447918306e-01 1.970126939359848062e-01 2.623236541026681412e-02
2.909806520606545571e-02 8.847401368086533768e-01 1.923706659901661120e-01 2.851330462465235041e-02
2.854042236537442448e-02 8.213500910860614956e-01 2.090852012245473512e-01 2.744725178562063689e-02
2.742893482998227592e-02 7.916822977181515730e-01 1.810436948841457339e-01 2.676894314805683753e-02
2.841567752029511978e-02 9.011637715043441244e-01 1.841567953743511177e-01 2.550290368297529128e-02
2.799345840593510382e-02 9.084572661208776267e-01 1.969085407042742430e-01 2.758800767332587542e-02
3.218927758800724931e-02 9.485059464951819397e-01 2.034584846953386428e-01 2.980364552754064672e-02
2.927609025337256712e-02 8.018804338306344537e-01 2.013639574884742989e-01 2.722203302408632633e-02
2.930406096792055951e-02 9.421858249776722261e-01 2.309354523726392105e-01 2.687222390193681754e-02
2.776316215975850946e-02 8.939045882371579044e-01 1.881329746591374197e-01 2.667104485440093681e-02
2.871495655907429015e-02 9.400705567999578793e-01 2.130077544262861944e-01 2.792472168574928332e-02
2.912680010184810417e-02 8.341043327854259504e-01 2.053914603358260593e-01 2.764832362429715459e-02
2.963697887141872322e-02 8.399783727620419027e-01 2.013687509609019544e-01 2.677377102141703658e-02
2.814336833375353716e-02 9.575314830225950535e-01 1.893093945214303908e-01 2.374449421873647825e-02
3.472614999806684921e-02 8.372445246211250858e-01 1.870067291025806766e-01 2.529024680689724580e-02
2.901070808537537654e-02 8.960221359715497824e-01 1.863388412770236313e-01 2.699376955639614176e-02
2.930322347392930529e-02 8.442680979389763918e-01 1.949567584749495042e-01 2.559456312097847103e-02
2.779236528874090215e-02 8.737741795642389731e-01 1.962039025586311825e-01 2.705825048175805256e-02
3.081507910483033061e-02 8.274783557816761670e-01 1.872361954871489820e-01 2.640664652249503225e-02
2.880586868358807340e-02 8.518399378172932801e-01 1.819050676871812600e-01 2.727895485168941106e-02
3.027235028700065583e-02 8.190610128571060855e-01 1.882475651432770902e-01 2.652960685080700542e-02
2.983268524956352724e-02 8.553749448549655687e-01 1.911006097093509160e-01 2.407660101216516427e-02
3.051009532994220300e-02 8.005583418641918358e-01 1.769894549787862925e-01 2.694922120617063849e-02
2.965195591043795140e-02 8.075633167177345140e-01 1.912530995387029531e-01 2.467384562247177185e-02
2.917652540171232836e-02 8.425804923146621439e-01 1.952100747945018644e-01 2.819361068026512984e-02
2.897636727844558890e-02 9.207335626263745132e-01 1.863408508946554076e-01 2.755175005073619982e-02
3.016370569599632206e-02 8.479247266941807304e-01 1.901512794976548126e-01 2.675335864815078443e-02
2.897678890359638160e-02 8.541383420603633203e-01 1.849493874869942711e-01 2.909373314683412481e-02
2.711321760920863688e-02 8.138890337921225182e-01 1.894261918236758158e-01 2.770026927194253752e-02
2.780671687298055111e-02 8.679701396621255505e-01 1.844668886140082287e-01 2.688476309922012419e-02
3.234835417093939736e-02 8.877594745825541089e-01 1.738489398438037292e-01 2.821963666403622464e-02
2.804882175592634044e-02 8.048996176245595269e-01 1.563514574745554497e-01 2.570514185505589841e-02
3.093300304410409596e-02 8.825624571443762001e-01 1.859763837863346037e-01 2.533694462829632135e-02
2.824331860006449105e-02 8.411374651207257358e-01 1.526568434804190799e-01 2.654158653642553489e-02
3.198620904461312031e-02 8.055030301280591276e-01 1.545927165960812033e-01 2.690375726625199651e-02
3.183143520156397899e-02 8.911086435794195459e-01 1.622117423194201768e-01 2.724529661106267833e-02
2.938218067654854368e-02 8.073682976219320739e-01 1.590476161176376524e-01 2.726461651785132626e-02
3.302802813457323544e-02 8.821279610894831036e-01 1.606868863969680983e-01 2.573729917693705002e-02
2.995457149929997218e-02 8.984414431265309586e-01 1.516120758946792046e-01 2.513053342705759419e-02
3.092294103117374307e-02 9.373276881213113976e-01 1.711602977004614279e-01 2.572059639156620489e-02
2.888435798159290011e-02 8.028783996786172938e-01 1.666899905464951925e-01 2.664633578975377642e-02
2.748287052938967745e-02 8.280363546163010957e-01 1.661367516315417903e-01 2.535625548956446998e-02
2.754834747523091099e-02 8.172967955885795943e-01 1.810008160792582199e-01 2.475830814707546262e-02
3.195787668111931684e-02 9.398745491155574561e-01 1.761126262795416897e-01 2.754812128449905112e-02
3.052860613497409420e-02 9.185623579039537967e-01 1.764021225380428270e-01 2.776333985064101395e-02
3.062771297808338650e-02 8.179059179299871252e-01 1.573155285012793891e-01 2.778197056849551067e-02
2.830704868544796360e-02 8.237888887372428748e-01 1.739748644773843056e-01 2.795691019110106701e-02
3.290453488612294503e-02 8.328871316133628078e-01 1.613228404196420940e-01 2.475584526796128365e-02
2.864571999264786673e-02 8.567144244870786851e-01 1.409631083109517125e-01 2.609139553131120323e-02
3.103587610801382402e-02 8.118779906480421138e-01 1.519747838010075958e-01 2.632034815365847172e-02
2.934204722211785840e-02 9.075884051779288253e-01 1.481728108183174297e-01 2.821503075688945941e-02
2.789488465258069261e-02 8.464678900754845081e-01 1.307154027082302050e-01 2.645406026571323413e-02
2.735153699920757353e-02 8.249278982941650185e-01 1.340421616959177886e-01 2.552261938754543658e-02
2.835237280525253201e-02 8.413510948721066862e-01 1.290520654718187721e-01 2.579690566829559786e-02
2.747345317656054581e-02 9.031023770977625320e-01 1.342463258101438406e-01 2.449235875856522679e-02
2.898283218616268253e-02 8.486563593111681181e-01 1.635290148325628246e-01 2.622000226046349025e-02
2.812342504698938164e-02 8.827996821134034278e-01 1.380021189873582022e-01 2.554365747340785198e-02
3.008893897734903067e-02 8.612575894154133049e-01 1.383346940402759295e-01 2.615114528828871993e-02
2.694371324675970056e-02 8.635762399773942999e-01 1.341110655730492762e-01 2.564465436239677862e-02
2.782133087309865416e-02 8.390900422185675334e-01 1.434767265301729045e-01 2.594429941310888096e-02
3.016417893382309506e-02 8.333344762329358835e-01 1.356159973945418873e-01 2.655403832879734555e-02
2.769050583515035233e-02 8.480332686825022837e-01 1.381438424076303351e-01 2.715931725505362979e-02
2.843081410084613916e-02 8.821440351383029732e-01 1.404775106378741700e-01 2.829995469206203138e-02
3.105183559671174584e-02 8.533118315379885077e-01 1.358744664193049512e-01 2.579794472534754565e-02
2.962261841226543693e-02 9.054400599797431948e-01 1.423052544276521281e-01 2.514362854882522952e-02
3.068917462046679909e-02 8.038545135665043917e-01 1.310234934601970380e-01 2.557056687869835657e-02
3.005438959663350382e-02 9.435046203184832558e-01 1.415316912773202929e-01 2.573947571965060077e-02
3.012015619449785395e-02 8.993546220338471953e-01 1.421885853658773902e-01 2.627304868882386277e-02
2.839773569261656513e-02 7.836651315644471705e-01 1.388972051425720056e-01 2.691963023949787981e-02
2.825825081764545346e-02 8.120828152982612069e-01 1.208591585824391329e-01 2.989214885091792326e-02
2.931795659582093344e-02 8.249770998118627352e-01 1.443941611567313710e-01 2.561841723457269557e-02
3.198342967094798539e-02 7.930073905091156172e-01 1.326107630555643790e-01 2.593698489971627691e-02
2.809377856018025268e-02 8.033293715969664905e-01 1.330652701892377221e-01 2.576747376035527434e-02
2.654604100764498126e-02 7.993002626434690949e-01 1.398549568346677263e-01 2.799651020805952670e-02
2.832266448165575087e-02 8.410978747615619477e-01 1.387707584812096495e-01 2.461716504840032529e-02
2.740807897236398685e-02 8.281173260065035624e-01 1.309893847252189547e-01 2.535223888121142244e-02
3.027955348618414921e-02 8.809570039584792012e-01 1.527507665380598845e-01 2.763747071480066736e-02
2.664263799494529308e-02 9.149913034619274743e-01 1.392079428856708156e-01 2.502876455429785263e-02
3.253418676876367044e-02 8.017021960623870180e-01 1.404318765677939340e-01 2.686698988607768082e-02
2.814568485321344501e-02 8.649463355449947821e-01 1.356821723767834553e-01 2.923242575887862252e-02
2.851485284622652314e-02 9.104685845769896479e-01 1.327938925344289978e-01 2.918449247274515837e-02
2.630731554749358297e-02 8.506465109964678195e-01 1.463221849353706638e-01 2.921083390699453705e-02
2.688483669750198202e-02 8.077255825222301455e-01 1.378859047521578396e-01 2.696149933952664973e-02
2.799755518029755502e-02 8.783766281011773369e-01 1.230065360705582672e-01 2.655318325417271169e-02
3.076167901430660462e-02 8.474034649771823302e-01 1.546728967540108302e-01 2.722263309428327172e-02
2.925082473998018989e-02 8.685686947155625282e-01 1.385595468681616593e-01 2.508215530028980872e-02
2.828837358295924198e-02 9.419045540839183772e-01 1.287877059701920401e-01 2.669661491538068837e-02
3.012205356795071010e-02 7.819273669056256981e-01 1.308094078485349809e-01 2.663990466873596141e-02
2.986681884459327016e-02 8.324584505615419960e-01 1.352318011525004970e-01 2.818270931614761873e-02
3.079420701949864281e-02 8.435617122703765736e-01 1.365949467272973006e-01 2.882093871204784163e-02
2.863399012118999012e-02 8.719455939265112754e-01 1.347844784158531983e-01 2.587044088899653066e-02
3.161358289039902653e-02 9.109318734015161567e-01 1.477789729359606508e-01 2.786545928012988671e-02
2.800478507848553830e-02 8.788422766912342698e-01 1.284630824824522510e-01 2.424448646677025004e-02
3.051056387425632108e-02 8.128467831034114077e-01 1.350996670473527395e-01 2.768093898692326402e-02
2.856069687567474105e-02 8.769034978743965869e-01 1.269309667215476056e-01 2.543191060786620036e-02
3.097839598818720105e-02 7.109818854237807129e-01 1.445636284534033422e-01 2.522200169940567657e-02
2.759830455649055908e-02 8.442942005518031534e-01 1.400807379063944980e-01 2.665541562794382716e-02
2.992721718919947455e-02 8.516471538732909297e-01 1.353954879517519083e-01 2.384435219148527477e-02
2.960820959222248278e-02 7.967808046229968300e-01 1.379766168396674431e-01 2.774390754344393389e-02
2.859831899571312411e-02 8.098404479634775388e-01 1.404847878224358970e-01 2.915794411560633168e-02
2.840759449246939988e-02 8.360653825921857685e-01 1.473186383692428880e-01 2.715429593406363043e-02
2.979450682255622984e-02 9.018356630404669172e-01 1.437706173699484780e-01 2.427379966287885812e-02
2.867834605199084605e-02 8.578883871226579139e-01 1.384774320960484584e-01 2.814622562351018487e-02
2.815841326277119389e-02 8.564221152208927323e-01 1.325025128707318645e-01 2.843487499375498689e-02
3.014429775197100675e-02 7.849097423273987406e-01 1.277413028397559325e-01 2.934739406132333764e-02
2.909443251261949193e-02 8.976995309806296008e-01 1.251448392911357621e-01 2.768258871772383625e-02
2.816671332037485459e-02 8.177071895406101687e-01 1.289154496912067460e-01 2.550694001321837656e-02
2.938947031019361819e-02 9.663894615108495900e-01 1.339906407251428566e-01 2.632993795456991734e-02
2.860275049574433764e-02 9.059759388815136205e-01 1.464031308076995386e-01 2.790979867633277406e-02
2.935013374682295464e-02 8.945348758015693180e-01 1.363324226757868241e-01 2.814929268261484943e-02
3.008124052314328084e-02 8.448414803540198470e-01 1.393133886331527072e-01 2.609185657831632546e-02
3.151826918110654102e-02 8.260947529078120910e-01 1.195203909838918471e-01 2.640834283117533821e-02
2.769306879725815310e-02 8.641473722247041689e-01 1.293775452398922832e-01 2.640312549642963302e-02
2.927739216097022257e-02 9.222998016434978963e-01 1.377447051124978949e-01 2.707547752345644543e-02
2.850546651858765906e-02 8.503188404867885186e-01 1.462789496832090641e-01 2.703268524062037506e-02
2.672070060161237451e-02 8.410716941004272584e-01 1.375246941909915865e-01 2.951252235222748960e-02
2.731652773875517526e-02 8.631561941239507263e-01 1.350329761670366613e-01 2.621961517010774900e-02
2.741258183057462480e-02 8.335157326267170763e-01 1.359846855199695337e-01 2.536727336925500426e-02
3.194644456112370051e-02 8.563959512920743533e-01 1.326758430336520134e-01 2.689935872128619912e-02
2.821650047444518999e-02 7.970179042886192944e-01 1.272322659485896346e-01 2.739470531456034835e-02
2.661880488866388839e-02 9.082135700827175251e-01 1.382099278633049932e-01 2.579198718944386917e-02
2.915294667172105975e-02 7.736940495689617059e-01 1.338456092069776060e-01 2.557941122821928009e-02
3.065248689569480267e-02 8.362633084347184109e-01 1.280393440538095950e-01 2.841085206004120844e-02
2.766304295121483486e-02 8.012760202379349828e-01 1.296179392605517899e-01 2.964036392837689909e-02
3.000438355175126873e-02 8.459326662871275992e-01 1.355559937202216736e-01 2.723031487129046885e-02
3.126396123708229807e-02 8.305638643150390354e-01 1.380704355081691925e-01 2.404487646751592156e-02
2.953594475067822245e-02 8.705944901551567749e-01 1.306037989086740181e-01 2.530206436725322694e-02
3.308189783742171430e-02 8.636600283216745444e-01 1.526824429597676558e-01 2.702606799184676875e-02
3.153992119115132942e-02 8.376266687728438631e-01 1.374776692668682743e-01 2.635440785987895260e-02
3.002964666201025923e-02 9.155472909049628960e-01 1.347787087629419567e-01 2.925587356819433701e-02
3.047396393153781191e-02 8.537429942508589775e-01 1.322422394720904060e-01 2.483913250764696948e-02
2.803007988822732444e-02 8.684024650298945991e-01 1.363935861281756201e-01 2.667485808427484673e-02
2.716639408743131215e-02 8.808725215617193571e-01 1.547408045538054278e-01 2.502326642070155580e-02
3.066314360690240021e-02 8.688851144867758558e-01 1.309030402597591014e-01 2.733571880274495575e-02
3.174558725341223436e-02 8.490690058284782182e-01 1.435018886313642605e-01 2.756500775835629344e-02
3.087456734490194935e-02 8.250221759981136715e-01 1.376240610687970434e-01 2.510484499562067387e-02
2.915094791765631549e-02 8.258294506066529150e-01 1.381841824185818524e-01 2.790033766191679643e-02
2.921906672534849148e-02 7.766617455625434152e-01 1.232163233000883873e-01 2.642443521926929328e-02
3.152475871530517615e-02 8.440288905202941727e-01 1.379985914506098310e-01 2.568305219966098008e-02
2.873298334283306762e-02 9.374077233248506724e-01 1.290430159023804868e-01 2.660405955717487156e-02
2.837299540848242999e-02 8.355509673196870324e-01 1.223645525774855608e-01 2.608694664248937742e-02
3.008951406567227788e-02 8.022103332479662008e-01 1.250353077541837277e-01 2.212658519601205104e-02
3.038887889011709226e-02 8.626902660601020179e-01 1.384425469193732716e-01 2.612157851740860848e-02
2.867410403328086305e-02 8.610403253695998460e-01 1.192911663730743949e-01 2.675099625245843868e-02
2.772900330773820157e-02 7.899444627935908736e-01 1.242921678925139189e-01 2.648339013648070769e-02
2.603966855473419106e-02 8.581524451809408038e-01 1.298020546864331604e-01 2.555740719517452658e-02
3.003146935424734834e-02 8.480706410257740080e-01 1.353032147330352208e-01 2.686829571302783159e-02
2.938605088977196828e-02 7.925559901298656618e-01 1.269043779272283623e-01 2.531218925464037359e-02
2.719888109002268489e-02 7.872451887785532065e-01 1.409991967478179675e-01 2.473042310634925370e-02
2.907836941480917634e-02 8.045058583936401941e-01 1.335114397857626034e-01 2.821714153596084629e-02
2.933955155761543143e-02 8.245268673212201582e-01 1.358985446002562159e-01 2.726854056543349947e-02
2.947482081142838856e-02 7.594672583433114132e-01 1.232179047570310521e-01 2.743011593548383767e-02
2.965778320458171274e-02 7.980629722465730769e-01 1.319111240016442865e-01 2.746508878286717595e-02
2.975676534907019735e-02 7.592363437410774019e-01 1.335041777798967044e-01 2.716953321583887720e-02
2.825855935490289780e-02 8.122943174675703037e-01 1.287371081312208565e-01 2.663379167232826639e-02
3.005010642188815639e-02 8.069861339502703013e-01 1.306048392518647516e-01 2.831352325612403534e-02
2.734898942550636342e-02 8.719238530607972271e-01 1.267104369099575634e-01 2.847547282785678827e-02
3.060349865015146026e-02 9.726926065480074879e-01 1.347307677910194457e-01 2.674949785040597883e-02
3.051060049161989640e-02 8.428298297472290868e-01 1.271729091979580673e-01 2.698814326821131690e-02
3.079645709849881952e-02 7.929478547004337186e-01 1.415727751133776247e-01 2.672678241022442142e-02
2.855730737649591483e-02 8.162038701853990830e-01 1.376235840090308249e-01 3.046965989022614590e-02
2.864369535168095546e-02 7.843828342929670683e-01 1.365267798218266770e-01 2.910471317455523912e-02
2.756401576378846724e-02 7.993053458998924388e-01 1.244858572172569539e-01 2.525466903239152738e-02
2.778298698568086242e-02 8.220641559620269767e-01 1.349489877617830180e-01 2.653313388500629436e-02
2.765904814821398480e-02 7.958812466235705152e-01 1.394476821887963847e-01 2.706322134648940156e-02
2.803233017436958241e-02 8.287286970928376961e-01 1.263686742241406924e-01 2.474575756376553443e-02
3.164639311581093212e-02 8.160467961922390767e-01 1.275202309239019394e-01 2.417567826471763229e-02
2.953466096899125953e-02 7.835928443520134845e-01 1.354525392374142656e-01 2.570943089055950648e-02
2.627517297754627251e-02 8.186329328749915035e-01 1.361971054732721009e-01 2.706031039421074452e-02
2.482118994069576826e-02 9.720838812455663280e-01 1.358120471040486776e-01 2.631071846764561351e-02
2.976958606176799416e-02 9.437013252509350858e-01 1.253663990119280036e-01 2.509335771885140565e-02
3.094103096482292425e-02 7.552517072543408760e-01 1.458985288076430076e-01 2.669676861660564421e-02
2.714284825688630803e-02 8.109844339152006976e-01 1.439509885423153890e-01 2.716541956172719569e-02
3.104138638303648862e-02 8.553040333066331824e-01 1.370353895670238520e-01 2.555359791591346741e-02
2.796708148551352996e-02 8.425823352830589252e-01 1.371685777463182432e-01 2.667627819966913658e-02
2.614271061727219819e-02 7.967367358853660875e-01 1.317146381245617448e-01 2.725960711058013700e-02
2.478029954613297087e-02 8.164269668636220390e-01 1.318429431938611396e-01 2.543840585000689200e-02
2.824410023945243473e-02 8.078327459296490431e-01 1.454991795250780151e-01 2.819716496116981067e-02
2.704219770503782372e-02 7.826714964792620410e-01 1.199773739304202530e-01 2.627396755697499267e-02
2.716452291409031383e-02 8.272570877849023674e-01 1.389870130747527521e-01 2.818651566520689877e-02
2.870502064957479449e-02 9.445138364689544819e-01 1.260738768229995033e-01 2.387145703172711617e-02
2.749782054170522849e-02 7.957319279518964006e-01 1.292059543632474439e-01 2.804934761475238666e-02
2.981932533812308578e-02 8.905111132595242562e-01 1.454478978559152758e-01 2.845450098814716194e-02
2.816452654471697861e-02 8.134687945182108582e-01 1.413181014230629751e-01 2.507141263352396024e-02
2.898149083351655997e-02 8.051686414912934131e-01 1.317493906078687771e-01 2.949937335860010335e-02
2.592694796929436232e-02 8.196740826760364751e-01 1.312441959071597164e-01 2.619517867768901553e-02
2.783816364795970930e-02 8.630642107052478584e-01 1.303079095443570035e-01 2.491151987754633076e-02
2.901048140242018514e-02 8.587167012105554331e-01 1.328954764530154153e-01 3.050806180026188058e-02
2.833407619781465672e-02 8.451840813572015776e-01 1.218294538428813523e-01 2.601780340476394018e-02
2.957245531696677671e-02 8.705423041133009132e-01 1.300966039922667461e-01 2.655417471234309754e-02
2.839961515540513973e-02 8.258588131954986977e-01 1.335583161121298712e-01 2.400210468172842004e-02
2.899996435346329643e-02 8.921577805867051403e-01 1.267676942928407102e-01 2.724878821531647594e-02
2.919432516878286282e-02 8.444943594314924251e-01 1.371522167451508512e-01 2.653567913555021640e-02
2.820046287910583233e-02 7.936417976505274474e-01 1.401109222512452179e-01 2.799367624397992860e-02
2.800815210428895738e-02 8.971463589556192275e-01 1.345967508418110248e-01 2.554754229644566610e-02
2.887642956729677760e-02 7.819741360679411946e-01 1.340366478987471133e-01 2.590537264305639922e-02
3.222943322024637847e-02 8.350012349525604005e-01 1.324016042549532590e-01 2.703715003663937147e-02
2.884575900188982370e-02 7.784956281400405853e-01 1.260590419981708898e-01 2.609530847398282630e-02
2.831725988416668519e-02 7.497526747887747200e-01 1.422155405499432035e-01 2.804554353703369099e-02
3.413774608979398134e-02 7.845918824926588764e-01 1.259293596918533709e-01 2.656894467328865805e-02
2.918388083651430459e-02 8.861915367324638693e-01 1.297767749204705168e-01 2.635037433354590897e-02
2.947865996484793846e-02 6.999426260478606165e-01 1.267171321075629964e-01 2.672380008095051954e-02
3.101749583603410215e-02 8.174053513409490490e-01 1.172606200651767766e-01 2.626475864121839698e-02
2.933022967013361113e-02 7.745424654803935161e-01 1.314185378895434131e-01 2.659128811883586588e-02
2.918030219902670308e-02 8.343975220993017361e-01 1.217419161212089096e-01 3.021493743044502064e-02
2.662074176490139207e-02 9.019252423240733396e-01 1.270397064466148029e-01 2.828707683644926529e-02
2.972368338321402723e-02 8.229258876143236145e-01 1.291945767857324567e-01 2.619361429644263481e-02
2.869490717273684433e-02 8.222277134416265953e-01 1.316740389463385563e-01 2.541068610613835335e-02
2.916530523769759325e-02 9.185363737440985776e-01 1.275678747529490620e-01 2.710583694102786101e-02
2.884810154841312840e-02 8.450412743973211294e-01 1.292532430252806563e-01 2.792480553733798013e-02
2.760052008970644011e-02 8.715900269853149585e-01 1.345881096393500287e-01 2.704057696469543484e-02
2.757493073668268110e-02 8.331491906226137223e-01 1.289797346891971841e-01 2.687531552967406881e-02
3.098071996689293409e-02 8.760479115171273534e-01 1.177142938130189970e-01 2.617762952776979055e-02
3.009254106829705247e-02 7.920784939946049485e-01 1.192661953621387272e-01 2.626259952705455036e-02
2.840291292184050215e-02 8.789568268119198891e-01 1.216158483219038633e-01 2.749606893198803387e-02
2.887409707208359391e-02 7.889746228193873501e-01 1.411532669254388361e-01 2.752129285012163210e-02
3.039869535798612674e-02 8.826975112975384841e-01 1.277515202711115294e-01 2.741476264239715160e-02
2.914027884593966070e-02 8.713502655145164422e-01 1.230456871299865640e-01 2.739857454496861383e-02
3.044670722204598570e-02 8.571071813635158243e-01 1.329171731945287815e-01 2.522551013519927499e-02
2.776039823316104119e-02 8.668752267304580261e-01 1.334319603647810826e-01 2.671686075880377528e-02
2.751653338449980626e-02 8.046627483059839436e-01 1.257076283494336644e-01 2.674517385542193523e-02
2.736752570223491970e-02 8.082017062389342810e-01 1.216974284945558371e-01 2.512056027938416175e-02
3.025796901823289350e-02 8.028521415665244021e-01 1.278432659821211737e-01 2.766387135808363873e-02
2.818688975153469875e-02 9.115386914550867026e-01 1.210028021484086669e-01 2.538635826890595429e-02
2.763319256738597934e-02 7.701802056459654544e-01 1.215577240476800602e-01 2.588991369704414167e-02
2.689003441361822316e-02 8.498467444756167000e-01 1.259893359448240879e-01 2.640291053744912853e-02
3.159371268375667230e-02 8.050154408249539095e-01 1.203631136666631213e-01 2.671256867237927282e-02
2.872521299544935139e-02 8.496483116522721701e-01 1.202965077604785105e-01 2.718857761377469970e-02
2.962769389871182033e-02 8.432944982637875508e-01 1.329814916467524644e-01 2.407360435743315791e-02
2.876894032569901616e-02 7.678355450822990091e-01 1.310669941744740108e-01 2.626852094881008612e-02
2.795616263391473635e-02 8.598123551018834743e-01 1.289345591764137211e-01 2.725885241980220003e-02
3.037425104633155112e-02 7.812549080192285889e-01 1.275281630812336031e-01 2.447113454669912549e-02
2.834056948515984928e-02 7.924904852252828702e-01 1.356508134788502185e-01 2.913403736111036188e-02
2.813782853570700321e-02 8.213515229965900888e-01 1.226100025032293706e-01 2.808096009001869245e-02
2.733926322918728280e-02 7.886874461399745462e-01 1.340291128539934096e-01 2.619117761566743321e-02
2.777262543134272760e-02 8.295250529265596473e-01 1.239676796250667873e-01 2.777684493829198423e-02
2.764864667152999722e-02 8.167203174509934938e-01 1.317100670504093851e-01 2.565273171230941091e-02
3.012572206404309089e-02 8.591519082009240194e-01 1.273591731442229036e-01 2.848465807054943386e-02
2.666278174935486633e-02 8.277555488690210295e-01 1.281568338777233917e-01 2.572369164769983813e-02
2.969956164310800367e-02 8.168539922742094062e-01 1.291686197182247142e-01 2.429484742680646306e-02
3.054143523839866411e-02 9.188212313553680843e-01 1.411890463042002331e-01 2.742365621233272543e-02
2.640933203072305321e-02 8.202887297055748705e-01 1.297584043039202717e-01 2.681948759974718197e-02
3.150825795018239589e-02 7.982674990336756649e-01 1.252787464934873862e-01 2.656776139015258262e-02
2.951215912891508655e-02 8.161507624643609127e-01 1.207869071475031059e-01 2.681948684998320884e-02
3.057276438677793487e-02 8.373638050965865887e-01 1.303411657723519690e-01 2.540546703302449041e-02
2.723339471642138160e-02 9.271013164687288421e-01 1.342564950005158131e-01 2.704271493918563446e-02
2.850662163273990496e-02 8.360540041887857265e-01 1.394067568581379146e-01 2.881141926183727192e-02
2.923422130806681632e-02 7.844247876371402972e-01 1.345438092673830466e-01 2.720984785379085974e-02
2.946030281791007024e-02 7.867822705696191354e-01 1.296321153142969973e-01 2.485185532621838472e-02
3.081663365696392029e-02 7.250244264727145893e-01 1.280393975309788712e-01 2.539726950310394749e-02
2.905264857192255828e-02 7.781250294113961630e-01 1.209467956040159442e-01 2.700560813994908743e-02
3.052979957052774987e-02 8.318156992011314088e-01 1.377323186549791467e-01 2.642952827465785970e-02
2.861961244842632299e-02 8.443523693171228750e-01 1.289667220545372417e-01 2.656124108457160252e-02
2.799106407000115371e-02 8.695967400297903716e-01 1.235943048177971099e-01 2.755347741443851112e-02
2.539708563076855177e-02 8.280135218598771996e-01 1.374740437515431513e-01 2.970646469648187404e-02
2.947114669372348159e-02 8.444118947846090961e-01 1.438184618177818508e-01 2.640052397450081897e-02
2.857116639578802936e-02 8.638966217434610462e-01 1.248069797188134794e-01 2.667781299773504949e-02
2.845068261845747071e-02 7.861800031811305711e-01 1.382426724325964973e-01 2.558422892542402613e-02
2.742563274865321768e-02 7.884098941231227897e-01 1.229053224089798335e-01 2.551489085529134310e-02
2.942870140820557506e-02 8.646086986852582479e-01 1.297818330483090088e-01 2.560790594996624481e-02
2.901666287850226955e-02 7.970700480972580104e-01 1.489306876512670463e-01 2.603728643010133278e-02
2.685255110209085888e-02 8.128243824622792824e-01 1.280539251501411901e-01 2.554315638129673466e-02
2.971874906657496346e-02 8.321964622102061560e-01 1.275157534604930698e-01 2.545369158101628768e-02
3.231781285061496173e-02 8.366430058479004117e-01 1.300902212179965989e-01 2.515581629046223858e-02
3.037535595442735978e-02 8.209757896208577099e-01 1.265044168621974607e-01 2.534743315556252721e-02
2.910672954727223580e-02 7.872110277361976660e-01 1.327956254444794815e-01 2.633776237073397197e-02
3.045864692022562034e-02 8.662269815184779898e-01 1.242121788338655802e-01 2.581685571191270553e-02
2.874977136453442036e-02 8.128371820415257742e-01 1.271473081164321561e-01 2.744309514875878722e-02
2.726229417416215980e-02 8.459032873854623880e-01 1.263297922412544294e-01 2.783483304610939735e-02
2.991502683458203277e-02 9.394642267165649319e-01 1.229533759709086210e-01 2.660326692751241104e-02
2.878376029012609874e-02 7.797502939100476871e-01 1.311351835512545583e-01 2.629339082988572246e-02
3.007670925526480243e-02 8.243838309110458340e-01 1.327537259731841057e-01 2.555007467101174518e-02
2.822978861437098336e-02 8.214220743207483189e-01 1.358305781618523445e-01 2.710107601046941872e-02
2.899884013764688837e-02 8.247745015255737444e-01 1.369459717517788055e-01 2.628564710518239284e-02
3.307018394179714327e-02 8.664128815264149353e-01 1.223276005751348511e-01 2.635780476650926782e-02
2.693860398359474578e-02 8.149397320183967564e-01 1.444153665128401209e-01 2.756944545346177652e-02
3.124070292731803700e-02 7.261484171879321048e-01 1.129018139233892992e-01 2.793861306320158389e-02
2.768141938695100820e-02 7.670905858215076867e-01 1.337944225067879134e-01 2.701143782575137972e-02
2.833900336481301810e-02 8.347020758269249052e-01 1.169149038793125678e-01 2.550988214077383812e-02
2.758534945447857142e-02 8.018805275140420408e-01 1.314917718161162374e-01 2.582155712825765989e-02
2.660765139064620588e-02 9.002884543023602637e-01 1.383248597044745565e-01 2.640213561891955121e-02
2.847846668163112396e-02 8.403498765587743558e-01 1.344963936677621430e-01 2.723624422924641672e-02
2.726955886537460114e-02 8.483835559451141650e-01 1.346426395195711723e-01 2.747617609347412573e-02
2.958359755303664393e-02 8.674141868805004263e-01 1.290660209321678187e-01 2.462018629060652719e-02
2.828188070700198009e-02 7.520152608367148828e-01 1.248383393896012883e-01 2.819998801280913098e-02
2.828668839927336517e-02 8.648170900569687181e-01 1.184628177875576421e-01 2.626266402495801636e-02
2.959316196401083621e-02 8.301070457320540719e-01 1.301842567168978448e-01 2.427582500218888537e-02
2.913664787054549149e-02 7.702010227888375082e-01 1.315643814924020993e-01 2.693799258570751462e-02
2.862205148265646246e-02 8.258433854474648284e-01 1.239360906320242234e-01 2.677513088739111313e-02
2.697055504330317377e-02 7.958245836784713090e-01 1.314991730809910164e-01 2.718688633277064823e-02
2.770392237594844834e-02 8.926792902242570715e-01 1.339721245192292409e-01 2.619199784823481383e-02
2.820064961824201091e-02 7.696614144164551918e-01 1.325432475607730143e-01 2.612956318170796960e-02
2.973440654243925466e-02 7.974582902858999844e-01 1.217028112450981997e-01 2.896025686467453703e-02
3.176154816703205541e-02 8.365957607494831638e-01 1.363902272703865770e-01 2.670124796440919920e-02
2.681111029742885496e-02 7.858363641392539511e-01 1.323540300983585549e-01 2.308009066367541426e-02
2.661461578785450505e-02 8.279590660915349121e-01 1.224201448432470779e-01 2.771257453406920923e-02
2.712778893628419244e-02 8.732317436575322001e-01 1.317047154844489254e-01 2.744000767987005845e-02
2.713262363396234944e-02 8.158817022016208176e-01 1.261727745670027379e-01 2.552597735879151217e-02
2.974276736079645850e-02 9.265978953940643414e-01 1.282169780559528904e-01 2.719135119574996387e-02
3.000747945898089852e-02 8.618003523378013897e-01 1.395495658735240174e-01 2.589997648662660870e-02
2.887703169109843634e-02 8.725694635157973389e-01 1.359295886106089424e-01 2.566062061369983605e-02
2.740104735854390072e-02 8.455952041088953264e-01 1.384470837024773804e-01 2.632077729164295984e-02
2.849823942294158266e-02 7.918077340665508057e-01 1.312900975644697710e-01 2.686867465681572892e-02
3.109374277310230847e-02 8.543343113224571850e-01 1.178874223212172251e-01 2.404689798815209251e-02
3.056589519277537470e-02 8.317897460889419614e-01 1.258360373277179201e-01 2.630516124546377482e-02
2.885868867497453846e-02 8.323036352153078132e-01 1.233402811248047320e-01 2.614661765247466158e-02
3.161993872786394988e-02 8.610179951202596715e-01 1.357220438006321028e-01 2.932192034536582753e-02
2.925071189501393665e-02 8.063564188935381516e-01 1.207899407100902489e-01 2.504285320123609757e-02
2.883171404493168125e-02 7.700104636633318123e-01 1.233027613684671564e-01 2.374702208526073555e-02
2.942001417113499287e-02 8.249530757533332093e-01 1.179774305349150371e-01 2.548373101403338115e-02
2.708879693836670904e-02 8.564660844200336909e-01 1.271762158642464335e-01 2.729663422470436640e-02
2.869469449278758827e-02 9.050683174792107932e-01 1.331708239707662389e-01 2.579572756876457110e-02
2.794582247969586500e-02 8.042766399230872887e-01 1.397048625523638621e-01 2.719454750832040954e-02
3.006920947359501689e-02 8.502884521704371368e-01 1.274602661623670530e-01 2.475710128712458116e-02
2.497878156192526178e-02 7.971914156343192781e-01 1.360267747428705876e-01 2.804036016798322137e-02
2.997480151264176121e-02 7.902702669081598241e-01 1.465008749159831536e-01 2.854467139282852728e-02
2.711906471392704424e-02 8.470196763223459824e-01 1.328778687259971059e-01 2.630907415086878448e-02
2.861083793727976082e-02 8.435195163562901888e-01 1.319248086329594671e-01 2.721180987034433132e-02
2.845217215134194372e-02 8.736919935362118528e-01 1.428265474726164996e-01 2.642762908798515498e-02
2.924560481631070449e-02 8.346147814312012692e-01 1.225834859888250555e-01 2.540167133634766566e-02
2.783102083627111284e-02 8.076805297421987273e-01 1.270341292767148689e-01 2.579066410371559648e-02
3.000128294880274882e-02 8.407847540772054318e-01 1.273946279060040876e-01 2.418190793703973648e-02
2.797200764430127218e-02 7.727195589121111929e-01 1.317621838692451253e-01 2.564767993668060422e-02
2.700375399106612687e-02 8.072057923593288775e-01 1.267786460336773890e-01 2.541606794539864531e-02
2.849488900202351918e-02 8.136952299585094028e-01 1.340417241421286432e-01 2.382459064634866175e-02
2.924804120497052212e-02 8.139106316888981008e-01 1.292386003315772469e-01 2.487899290133007563e-02
2.838145065745108220e-02 8.069375411741497306e-01 1.336980889577868148e-01 2.676349144889919249e-02
2.785210636638354303e-02 8.268404706496182976e-01 1.317960882460170458e-01 2.554652689694631232e-02
3.084637929723867134e-02 8.643373285345868906e-01 1.167765214602235063e-01 2.716680865339965792e-02
3.113063107544404573e-02 7.999329222439252041e-01 1.282025673945952071e-01 2.810161629170070119e-02
2.772463562761159905e-02 8.468548153443815618e-01 1.359674636178747620e-01 2.769357340270703696e-02
2.784434932557215345e-02 8.697330723401983654e-01 1.289786838533041047e-01 2.447874288513609414e-02
2.694427348174912445e-02 8.329193039089178852e-01 1.275574324828381567e-01 2.695349771648443069e-02
2.990970494402999530e-02 8.832360268359357169e-01 1.283708415457626983e-01 2.427268112396845090e-02
2.778659035567730001e-02 7.939104092560828052e-01 1.298588722460309597e-01 2.628283103526418696e-02
2.702730813182060640e-02 7.905834590541384044e-01 1.495788035604700972e-01 2.452385304789244866e-02
2.911449310777874944e-02 8.517696549481966750e-01 1.294316187820308828e-01 2.624249015226853832e-02
2.812667968602809709e-02 8.670318872268337751e-01 1.255109645993475465e-01 2.654276273117906967e-02
2.982727885231422488e-02 8.374599439088526998e-01 1.326695152834280744e-01 2.837618759708530891e-02
2.768042369865952521e-02 8.808140898438368005e-01 1.269790406958453410e-01 2.591640633400811577e-02
2.955918205145522185e-02 7.862719380713285577e-01 1.325278828357955019e-01 2.489476388351433145e-02
2.748758009801779631e-02 8.512969901520981431e-01 1.243333378107993187e-01 2.704094295610354193e-02
2.895114429272676454e-02 8.587210336849923076e-01 1.257007303958675715e-01 2.648943745301342301e-02
2.795286972883333221e-02 7.890862505832944018e-01 1.550668398809904036e-01 2.812111973305230980e-02
3.062242809822903963e-02 9.133593873113489137e-01 1.406220927267480270e-01 2.590575613634024665e-02
2.889521067627465536e-02 7.515006402420359999e-01 1.326973362431254078e-01 2.856439792430619240e-02
2.671023963820121777e-02 8.810655100957770491e-01 1.288382771695873175e-01 2.741693282516429603e-02
2.854248323559300735e-02 8.173839217730215490e-01 1.246455045658860644e-01 2.401255084401502510e-02
3.060629469681069512e-02 8.210062984638507588e-01 1.348191039740751773e-01 2.477264126670725500e-02
2.835793743413661180e-02 8.635085394119657032e-01 1.253757638229880678e-01 2.482074476487906856e-02
2.884043432427150708e-02 8.001421718036085817e-01 1.295955022073136953e-01 2.611776396451476884e-02
