1.997373910032304423e+01 6.719422656569259971e+02 1.971978118793074464e+04 3.559995529078901910e+01
1.997373910032304423e+01 6.719422656569259971e+02 1.971978118793074464e+04 3.559995529078901910e+01
1.969774623295064231e+01 6.712909365510308817e+02 1.845022250712177265e+04 3.284492108358440987e+01
1.969774623295064231e+01 6.712909365510308817e+02 1.845022250712177265e+04 3.284492108358440987e+01
1.969774623295064231e+01 6.712909365510308817e+02 1.845022250712177265e+04 3.284492108358440987e+01
2.002220642818498320e+01 6.476295092578817503e+02 1.288980760252911568e+04 3.955848617367329467e+01
2.054164215717888098e+01 6.522398430358687165e+02 1.158815798451095543e+04 4.079419106069150303e+01
2.051464912306706978e+01 6.480964648598239819e+02 1.150555287837252035e+04 3.907518454948844067e+01
2.100007450722307212e+01 6.439047150422446748e+02 1.089400267615175653e+04 3.524721883459811522e+01
2.044521246526130298e+01 6.496402806665250864e+02 8.951972057083288746e+03 3.741595099584870354e+01
2.044521246526130298e+01 6.496402806665250864e+02 8.951972057083288746e+03 3.741595099584870354e+01
2.018728287409319933e+01 6.419648792503028290e+02 8.089287644174093657e+03 3.123042766214385324e+01
2.018728287409319933e+01 6.419648792503028290e+02 8.089287644174093657e+03 3.123042766214385324e+01
2.018728287409319933e+01 6.419648792503028290e+02 8.089287644174093657e+03 3.123042766214385324e+01
2.018728287409319933e+01 6.419648792503028290e+02 8.089287644174093657e+03 3.123042766214385324e+01
2.018728287409319933e+01 6.419648792503028290e+02 8.089287644174093657e+03 3.123042766214385324e+01
2.103051039942092970e+01 6.362647319172358493e+02 5.514232080214777852e+03 3.089753642050137472e+01
2.031927986633742833e+01 6.387316878576895078e+02 5.349473358018658473e+03 3.021504087783621628e+01
2.145457002136007674e+01 6.203621399763617319e+02 3.382353379840582420e+03 3.268798851433605535e+01
2.124761716600806238e+01 6.162274402967869946e+02 3.226963867593722171e+03 3.125649446263217612e+01
2.124761716600806238e+01 6.162274402967869946e+02 3.226963867593722171e+03 3.125649446263217612e+01
2.124761716600806238e+01 6.162274402967869946e+02 3.226963867593722171e+03 3.125649446263217612e+01
2.124761716600806238e+01 6.162274402967869946e+02 3.226963867593722171e+03 3.125649446263217612e+01
2.124761716600806238e+01 6.162274402967869946e+02 3.226963867593722171e+03 3.125649446263217612e+01
2.200214266690988296e+01 6.167166884360602808e+02 2.918749691124788569e+03 3.092831669689282137e+01
2.200214266690988296e+01 6.167166884360602808e+02 2.918749691124788569e+03 3.092831669689282137e+01
2.159012942354720721e+01 6.182008896730109200e+02 2.775825830567693174e+03 3.203089667151886033e+01
2.159012942354720721e+01 6.182008896730109200e+02 2.775825830567693174e+03 3.203089667151886033e+01
2.185660017303926139e+01 6.511873630409612588e+02 2.226670242806354963e+03 2.619817405559706103e+01
2.233163775747322077e+01 6.612351632009178957e+02 9.502023534649567864e+02 2.859623378741031274e+01
2.272231474952112151e+01 6.573973488708525110e+02 9.492329401791555483e+02 2.811860530496648636e+01
2.272231474952112151e+01 6.573973488708525110e+02 9.492329401791555483e+02 2.811860530496648636e+01
2.272231474952112151e+01 6.573973488708525110e+02 9.492329401791555483e+02 2.811860530496648636e+01
2.272231474952112151e+01 6.573973488708525110e+02 9.492329401791555483e+02 2.811860530496648636e+01
2.265418043337774989e+01 6.581676546465722595e+02 1.152533665516071324e+03 2.124197548234811350e+01
2.265418043337774989e+01 6.581676546465722595e+02 1.152533665516071324e+03 2.124197548234811350e+01
2.265418043337774989e+01 6.581676546465722595e+02 1.152533665516071324e+03 2.124197548234811350e+01
2.265418043337774989e+01 6.581676546465722595e+02 1.152533665516071324e+03 2.124197548234811350e+01
2.193046330079801720e+01 6.519444740497486919e+02 8.246251284967529500e+02 2.100630723752977147e+01
2.260258143733732794e+01 6.449629773347733135e+02 5.555735381732051792e+02 2.747931026799659193e+01
2.260258143733732794e+01 6.449629773347733135e+02 5.555735381732051792e+02 2.747931026799659193e+01
2.208253220848747134e+01 6.472620946622141673e+02 5.157448553909789553e+02 2.761100131872446184e+01
2.110560483737835824e+01 6.541791086575964300e+02 5.701870750232876617e+02 2.029018354400690782e+01
2.110560483737835824e+01 6.541791086575964300e+02 5.701870750232876617e+02 2.029018354400690782e+01
2.110560483737835824e+01 6.541791086575964300e+02 5.701870750232876617e+02 2.029018354400690782e+01
2.110560483737835824e+01 6.541791086575964300e+02 5.701870750232876617e+02 2.029018354400690782e+01
2.110560483737835824e+01 6.541791086575964300e+02 5.701870750232876617e+02 2.029018354400690782e+01
2.110560483737835824e+01 6.541791086575964300e+02 5.701870750232876617e+02 2.029018354400690782e+01
2.110560483737835824e+01 6.541791086575964300e+02 5.701870750232876617e+02 2.029018354400690782e+01
2.110560483737835824e+01 6.541791086575964300e+02 5.701870750232876617e+02 2.029018354400690782e+01
2.110560483737835824e+01 6.541791086575964300e+02 5.701870750232876617e+02 2.029018354400690782e+01
2.110560483737835824e+01 6.541791086575964300e+02 5.701870750232876617e+02 2.029018354400690782e+01
2.110560483737835824e+01 6.541791086575964300e+02 5.701870750232876617e+02 2.029018354400690782e+01
2.110560483737835824e+01 6.541791086575964300e+02 5.701870750232876617e+02 2.029018354400690782e+01
2.110560483737835824e+01 6.541791086575964300e+02 5.701870750232876617e+02 2.029018354400690782e+01
2.110560483737835824e+01 6.541791086575964300e+02 5.701870750232876617e+02 2.029018354400690782e+01
2.110560483737835824e+01 6.541791086575964300e+02 5.701870750232876617e+02 2.029018354400690782e+01
2.110560483737835824e+01 6.541791086575964300e+02 5.701870750232876617e+02 2.029018354400690782e+01
2.110560483737835824e+01 6.541791086575964300e+02 5.701870750232876617e+02 2.029018354400690782e+01
2.110560483737835824e+01 6.541791086575964300e+02 5.701870750232876617e+02 2.029018354400690782e+01
2.078689414727510254e+01 6.499659460976904484e+02 5.094850626417435819e+02 2.071629320393882878e+01
2.078689414727510254e+01 6.499659460976904484e+02 5.094850626417435819e+02 2.071629320393882878e+01
2.117212421985436066e+01 6.539548441701678030e+02 4.796194041393397356e+02 2.014034693311595703e+01
2.216320888077526163e+01 6.512539917940696341e+02 4.364217534876892159e+02 2.099209712310551978e+01
2.216320888077526163e+01 6.512539917940696341e+02 4.364217534876892159e+02 2.099209712310551978e+01
2.216320888077526163e+01 6.512539917940696341e+02 4.364217534876892159e+02 2.099209712310551978e+01
2.255686586796512572e+01 6.539526829962260308e+02 3.900863127121696721e+02 2.098546828177997625e+01
2.255686586796512572e+01 6.539526829962260308e+02 3.900863127121696721e+02 2.098546828177997625e+01
2.001872551321984872e+01 6.539650004711064639e+02 4.172758657295189550e+02 2.024278845276479544e+01
2.001872551321984872e+01 6.539650004711064639e+02 4.172758657295189550e+02 2.024278845276479544e+01
2.001872551321984872e+01 6.539650004711064639e+02 4.172758657295189550e+02 2.024278845276479544e+01
2.001872551321984872e+01 6.539650004711064639e+02 4.172758657295189550e+02 2.024278845276479544e+01
2.001872551321984872e+01 6.539650004711064639e+02 4.172758657295189550e+02 2.024278845276479544e+01
2.001872551321984872e+01 6.539650004711064639e+02 4.172758657295189550e+02 2.024278845276479544e+01
2.001872551321984872e+01 6.539650004711064639e+02 4.172758657295189550e+02 2.024278845276479544e+01
2.001872551321984872e+01 6.539650004711064639e+02 4.172758657295189550e+02 2.024278845276479544e+01
2.001872551321984872e+01 6.539650004711064639e+02 4.172758657295189550e+02 2.024278845276479544e+01
2.001872551321984872e+01 6.539650004711064639e+02 4.172758657295189550e+02 2.024278845276479544e+01
2.001872551321984872e+01 6.539650004711064639e+02 4.172758657295189550e+02 2.024278845276479544e+01
2.001872551321984872e+01 6.539650004711064639e+02 4.172758657295189550e+02 2.024278845276479544e+01
2.001872551321984872e+01 6.539650004711064639e+02 4.172758657295189550e+02 2.024278845276479544e+01
2.044547416472991586e+01 6.534712524904390420e+02 3.894068387969273317e+02 2.038877921210941579e+01
2.044547416472991586e+01 6.534712524904390420e+02 3.894068387969273317e+02 2.038877921210941579e+01
2.044547416472991586e+01 6.534712524904390420e+02 3.894068387969273317e+02 2.038877921210941579e+01
2.044547416472991586e+01 6.534712524904390420e+02 3.894068387969273317e+02 2.038877921210941579e+01
2.044547416472991586e+01 6.534712524904390420e+02 3.894068387969273317e+02 2.038877921210941579e+01
2.044547416472991586e+01 6.534712524904390420e+02 3.894068387969273317e+02 2.038877921210941579e+01
2.044547416472991586e+01 6.534712524904390420e+02 3.894068387969273317e+02 2.038877921210941579e+01
2.164530778578317438e+01 6.438721337767234445e+02 3.634415155836501299e+02 1.976796334464902927e+01
2.164530778578317438e+01 6.438721337767234445e+02 3.634415155836501299e+02 1.976796334464902927e+01
2.164530778578317438e+01 6.438721337767234445e+02 3.634415155836501299e+02 1.976796334464902927e+01
2.028577102961943268e+01 6.355964868548278446e+02 3.939914902926832951e+02 1.946569380618324274e+01
2.028577102961943268e+01 6.355964868548278446e+02 3.939914902926832951e+02 1.946569380618324274e+01
2.028577102961943268e+01 6.355964868548278446e+02 3.939914902926832951e+02 1.946569380618324274e+01
2.051221340821983219e+01 6.394458831991046281e+02 3.866090942951424836e+02 1.934082489130071991e+01
2.051221340821983219e+01 6.394458831991046281e+02 3.866090942951424836e+02 1.934082489130071991e+01
2.051221340821983219e+01 6.394458831991046281e+02 3.866090942951424836e+02 1.934082489130071991e+01
2.051221340821983219e+01 6.394458831991046281e+02 3.866090942951424836e+02 1.934082489130071991e+01
2.051221340821983219e+01 6.394458831991046281e+02 3.866090942951424836e+02 1.934082489130071991e+01
2.051221340821983219e+01 6.394458831991046281e+02 3.866090942951424836e+02 1.934082489130071991e+01
2.051221340821983219e+01 6.394458831991046281e+02 3.866090942951424836e+02 1.934082489130071991e+01
2.051221340821983219e+01 6.394458831991046281e+02 3.866090942951424836e+02 1.934082489130071991e+01
2.051221340821983219e+01 6.394458831991046281e+02 3.866090942951424836e+02 1.934082489130071991e+01
2.051221340821983219e+01 6.394458831991046281e+02 3.866090942951424836e+02 1.934082489130071991e+01
2.056071844012016214e+01 6.410785695198977692e+02 3.668708564590231163e+02 1.935873651072095214e+01
2.056071844012016214e+01 6.410785695198977692e+02 3.668708564590231163e+02 1.935873651072095214e+01
2.056071844012016214e+01 6.410785695198977692e+02 3.668708564590231163e+02 1.935873651072095214e+01
2.022246922188093521e+01 6.598878208204499742e+02 3.373489606809398538e+02 2.009406688229366011e+01
2.064109166594098710e+01 6.553008839224156645e+02 3.358034783610372642e+02 1.968122360611295818e+01
2.064109166594098710e+01 6.553008839224156645e+02 3.358034783610372642e+02 1.968122360611295818e+01
2.064109166594098710e+01 6.553008839224156645e+02 3.358034783610372642e+02 1.968122360611295818e+01
2.168806805266558868e+01 6.398826257373495991e+02 2.709531523185608535e+02 1.962252341523322841e+01
2.168806805266558868e+01 6.398826257373495991e+02 2.709531523185608535e+02 1.962252341523322841e+01
2.168806805266558868e+01 6.398826257373495991e+02 2.709531523185608535e+02 1.962252341523322841e+01
2.040025519308396795e+01 6.344007409006819671e+02 2.702391729803186990e+02 1.956496088665388555e+01
2.062652028979681518e+01 6.391557423970854188e+02 2.627873601649274065e+02 1.962568988405976356e+01
2.062652028979681518e+01 6.391557423970854188e+02 2.627873601649274065e+02 1.962568988405976356e+01
2.062652028979681518e+01 6.391557423970854188e+02 2.627873601649274065e+02 1.962568988405976356e+01
2.058729172488349946e+01 6.475613705984010267e+02 2.438876039604427319e+02 1.984600366029371088e+01
2.181727216203947606e+01 6.484011950686784758e+02 2.230421366168635302e+02 1.985812259600118423e+01
2.031676173718208389e+01 6.496789571570863018e+02 2.184344795404950617e+02 1.955476767521879466e+01
2.031676173718208389e+01 6.496789571570863018e+02 2.184344795404950617e+02 1.955476767521879466e+01
2.031676173718208389e+01 6.496789571570863018e+02 2.184344795404950617e+02 1.955476767521879466e+01
2.031676173718208389e+01 6.496789571570863018e+02 2.184344795404950617e+02 1.955476767521879466e+01
2.031676173718208389e+01 6.496789571570863018e+02 2.184344795404950617e+02 1.955476767521879466e+01
2.031676173718208389e+01 6.496789571570863018e+02 2.184344795404950617e+02 1.955476767521879466e+01
2.031676173718208389e+01 6.496789571570863018e+02 2.184344795404950617e+02 1.955476767521879466e+01
2.031676173718208389e+01 6.496789571570863018e+02 2.184344795404950617e+02 1.955476767521879466e+01
2.083275977971830528e+01 6.476941394764273809e+02 2.075402287977513822e+02 1.975010168898844398e+01
2.151523633609865627e+01 6.418777578208217847e+02 1.839859437766318422e+02 1.953861035278725922e+01
2.151523633609865627e+01 6.418777578208217847e+02 1.839859437766318422e+02 1.953861035278725922e+01
2.073220185494841772e+01 6.410354968593007925e+02 1.771509778852363581e+02 1.952658723512246297e+01
2.073220185494841772e+01 6.410354968593007925e+02 1.771509778852363581e+02 1.952658723512246297e+01
2.073220185494841772e+01 6.410354968593007925e+02 1.771509778852363581e+02 1.952658723512246297e+01
2.034008101474563546e+01 6.266393743976627775e+02 1.710412028421271486e+02 1.932795460797050424e+01
2.072114169229699954e+01 6.405195172065732550e+02 1.526334136770065300e+02 1.958139665705559196e+01
2.072114169229699954e+01 6.405195172065732550e+02 1.526334136770065300e+02 1.958139665705559196e+01
2.072632634635474602e+01 6.405994761297288278e+02 1.542333223927060430e+02 1.929678468424393145e+01
2.072632634635474602e+01 6.405994761297288278e+02 1.542333223927060430e+02 1.929678468424393145e+01
2.072632634635474602e+01 6.405994761297288278e+02 1.542333223927060430e+02 1.929678468424393145e+01
2.064785502073597101e+01 6.334880488610648399e+02 1.477849159089903708e+02 1.940995290737657797e+01
2.064785502073597101e+01 6.334880488610648399e+02 1.477849159089903708e+02 1.940995290737657797e+01
2.064785502073597101e+01 6.334880488610648399e+02 1.477849159089903708e+02 1.940995290737657797e+01
2.064785502073597101e+01 6.334880488610648399e+02 1.477849159089903708e+02 1.940995290737657797e+01
2.064785502073597101e+01 6.334880488610648399e+02 1.477849159089903708e+02 1.940995290737657797e+01
2.064785502073597101e+01 6.334880488610648399e+02 1.477849159089903708e+02 1.940995290737657797e+01
2.068059254148103676e+01 6.292992993933297612e+02 1.472247265649230030e+02 1.923459256320316513e+01
2.068059254148103676e+01 6.292992993933297612e+02 1.472247265649230030e+02 1.923459256320316513e+01
2.068059254148103676e+01 6.292992993933297612e+02 1.472247265649230030e+02 1.923459256320316513e+01
2.096249079616855937e+01 6.283395838191506755e+02 1.442011664433648264e+02 1.922132050693776506e+01
2.080150138301233298e+01 6.331081367771956820e+02 1.416812501748521811e+02 1.943191918303746135e+01
2.080150138301233298e+01 6.331081367771956820e+02 1.416812501748521811e+02 1.943191918303746135e+01
2.080150138301233298e+01 6.331081367771956820e+02 1.416812501748521811e+02 1.943191918303746135e+01
2.080150138301233298e+01 6.331081367771956820e+02 1.416812501748521811e+02 1.943191918303746135e+01
2.080150138301233298e+01 6.331081367771956820e+02 1.416812501748521811e+02 1.943191918303746135e+01
2.080150138301233298e+01 6.331081367771956820e+02 1.416812501748521811e+02 1.943191918303746135e+01
2.080150138301233298e+01 6.331081367771956820e+02 1.416812501748521811e+02 1.943191918303746135e+01
2.080150138301233298e+01 6.331081367771956820e+02 1.416812501748521811e+02 1.943191918303746135e+01
2.080150138301233298e+01 6.331081367771956820e+02 1.416812501748521811e+02 1.943191918303746135e+01
2.080150138301233298e+01 6.331081367771956820e+02 1.416812501748521811e+02 1.943191918303746135e+01
2.080150138301233298e+01 6.331081367771956820e+02 1.416812501748521811e+02 1.943191918303746135e+01
2.160100634533040065e+01 6.236821091895903919e+02 1.385206211413229482e+02 1.933726164644991030e+01
2.131263424615604052e+01 6.265090077616147255e+02 1.392583829946659080e+02 1.910534271625861180e+01
2.090255716907676842e+01 6.251537189493286633e+02 1.373589821039893195e+02 1.910484556196896477e+01
2.090255716907676842e+01 6.251537189493286633e+02 1.373589821039893195e+02 1.910484556196896477e+01
2.090255716907676842e+01 6.251537189493286633e+02 1.373589821039893195e+02 1.910484556196896477e+01
2.121305165024952544e+01 6.116460039344626693e+02 1.363869477387119673e+02 1.895932218098528566e+01
2.121305165024952544e+01 6.116460039344626693e+02 1.363869477387119673e+02 1.895932218098528566e+01
2.121305165024952544e+01 6.116460039344626693e+02 1.363869477387119673e+02 1.895932218098528566e+01
2.121305165024952544e+01 6.116460039344626693e+02 1.363869477387119673e+02 1.895932218098528566e+01
2.121305165024952544e+01 6.116460039344626693e+02 1.363869477387119673e+02 1.895932218098528566e+01
2.121305165024952544e+01 6.116460039344626693e+02 1.363869477387119673e+02 1.895932218098528566e+01
2.121305165024952544e+01 6.116460039344626693e+02 1.363869477387119673e+02 1.895932218098528566e+01
2.121305165024952544e+01 6.116460039344626693e+02 1.363869477387119673e+02 1.895932218098528566e+01
2.121305165024952544e+01 6.116460039344626693e+02 1.363869477387119673e+02 1.895932218098528566e+01
2.094249848408157177e+01 6.158940189234936042e+02 1.299994867241829866e+02 1.984611139180366735e+01
2.094249848408157177e+01 6.158940189234936042e+02 1.299994867241829866e+02 1.984611139180366735e+01
2.094249848408157177e+01 6.158940189234936042e+02 1.299994867241829866e+02 1.984611139180366735e+01
2.094249848408157177e+01 6.158940189234936042e+02 1.299994867241829866e+02 1.984611139180366735e+01
2.184453568045743310e+01 6.124511029243532221e+02 1.266942215157533269e+02 1.935628746721777915e+01
2.186810882621305652e+01 6.124647520612465996e+02 1.218175204671910592e+02 1.926268593081889335e+01
2.152671845511053306e+01 6.110576974470109235e+02 1.187784673975242669e+02 1.918463729519033834e+01
2.152671845511053306e+01 6.110576974470109235e+02 1.187784673975242669e+02 1.918463729519033834e+01
2.152671845511053306e+01 6.110576974470109235e+02 1.187784673975242669e+02 1.918463729519033834e+01
2.152671845511053306e+01 6.110576974470109235e+02 1.187784673975242669e+02 1.918463729519033834e+01
2.152671845511053306e+01 6.110576974470109235e+02 1.187784673975242669e+02 1.918463729519033834e+01
2.183530856435205791e+01 6.085801242688742150e+02 1.165845247297609149e+02 1.922125679717427005e+01
2.132985389030412904e+01 6.106492640498798892e+02 1.190352287806251894e+02 1.913442300278574848e+01
2.132985389030412904e+01 6.106492640498798892e+02 1.190352287806251894e+02 1.913442300278574848e+01
2.132985389030412904e+01 6.106492640498798892e+02 1.190352287806251894e+02 1.913442300278574848e+01
2.132985389030412904e+01 6.106492640498798892e+02 1.190352287806251894e+02 1.913442300278574848e+01
2.132985389030412904e+01 6.106492640498798892e+02 1.190352287806251894e+02 1.913442300278574848e+01
2.131388800176448228e+01 6.045367621047754483e+02 1.195694864396700297e+02 1.935433331267721258e+01
2.131388800176448228e+01 6.045367621047754483e+02 1.195694864396700297e+02 1.935433331267721258e+01
2.176811407083264882e+01 6.109081380487332353e+02 1.166888552453546879e+02 1.910976937286267940e+01
2.176811407083264882e+01 6.109081380487332353e+02 1.166888552453546879e+02 1.910976937286267940e+01
2.176811407083264882e+01 6.109081380487332353e+02 1.166888552453546879e+02 1.910976937286267940e+01
2.191105641319982666e+01 6.191828166397319819e+02 1.044632696398180371e+02 1.969742897552471916e+01
2.184468191074943988e+01 6.170561368828799687e+02 9.996355889253339910e+01 1.974272594597327313e+01
2.114379832144072324e+01 6.184308390124307380e+02 9.909944988592346249e+01 1.945321264948340456e+01
2.114379832144072324e+01 6.184308390124307380e+02 9.909944988592346249e+01 1.945321264948340456e+01
2.094062520188956711e+01 6.172100719244323273e+02 9.844476128177177543e+01 1.913089785709125934e+01
2.094062520188956711e+01 6.172100719244323273e+02 9.844476128177177543e+01 1.913089785709125934e+01
2.094062520188956711e+01 6.172100719244323273e+02 9.844476128177177543e+01 1.913089785709125934e+01
2.078169330968692563e+01 6.170566491943939127e+02 9.948771041705528262e+01 1.897042769152506381e+01
2.078169330968692563e+01 6.170566491943939127e+02 9.948771041705528262e+01 1.897042769152506381e+01
2.078169330968692563e+01 6.170566491943939127e+02 9.948771041705528262e+01 1.897042769152506381e+01
2.078169330968692563e+01 6.170566491943939127e+02 9.948771041705528262e+01 1.897042769152506381e+01
2.078169330968692563e+01 6.170566491943939127e+02 9.948771041705528262e+01 1.897042769152506381e+01
2.078169330968692563e+01 6.170566491943939127e+02 9.948771041705528262e+01 1.897042769152506381e+01
2.078169330968692563e+01 6.170566491943939127e+02 9.948771041705528262e+01 1.897042769152506381e+01
2.078169330968692563e+01 6.170566491943939127e+02 9.948771041705528262e+01 1.897042769152506381e+01
2.078169330968692563e+01 6.170566491943939127e+02 9.948771041705528262e+01 1.897042769152506381e+01
2.078169330968692563e+01 6.170566491943939127e+02 9.948771041705528262e+01 1.897042769152506381e+01
2.078169330968692563e+01 6.170566491943939127e+02 9.948771041705528262e+01 1.897042769152506381e+01
2.078169330968692563e+01 6.170566491943939127e+02 9.948771041705528262e+01 1.897042769152506381e+01
2.078169330968692563e+01 6.170566491943939127e+02 9.948771041705528262e+01 1.897042769152506381e+01
2.078169330968692563e+01 6.170566491943939127e+02 9.948771041705528262e+01 1.897042769152506381e+01
2.078169330968692563e+01 6.170566491943939127e+02 9.948771041705528262e+01 1.897042769152506381e+01
2.078169330968692563e+01 6.170566491943939127e+02 9.948771041705528262e+01 1.897042769152506381e+01
2.078169330968692563e+01 6.170566491943939127e+02 9.948771041705528262e+01 1.897042769152506381e+01
2.078169330968692563e+01 6.170566491943939127e+02 9.948771041705528262e+01 1.897042769152506381e+01
2.078169330968692563e+01 6.170566491943939127e+02 9.948771041705528262e+01 1.897042769152506381e+01
2.078169330968692563e+01 6.170566491943939127e+02 9.948771041705528262e+01 1.897042769152506381e+01
2.078169330968692563e+01 6.170566491943939127e+02 9.948771041705528262e+01 1.897042769152506381e+01
2.078169330968692563e+01 6.170566491943939127e+02 9.948771041705528262e+01 1.897042769152506381e+01
2.078169330968692563e+01 6.170566491943939127e+02 9.948771041705528262e+01 1.897042769152506381e+01
2.078169330968692563e+01 6.170566491943939127e+02 9.948771041705528262e+01 1.897042769152506381e+01
2.078169330968692563e+01 6.170566491943939127e+02 9.948771041705528262e+01 1.897042769152506381e+01
2.078169330968692563e+01 6.170566491943939127e+02 9.948771041705528262e+01 1.897042769152506381e+01
2.078169330968692563e+01 6.170566491943939127e+02 9.948771041705528262e+01 1.897042769152506381e+01
2.078169330968692563e+01 6.170566491943939127e+02 9.948771041705528262e+01 1.897042769152506381e+01
2.078169330968692563e+01 6.170566491943939127e+02 9.948771041705528262e+01 1.897042769152506381e+01
2.078169330968692563e+01 6.170566491943939127e+02 9.948771041705528262e+01 1.897042769152506381e+01
2.078169330968692563e+01 6.170566491943939127e+02 9.948771041705528262e+01 1.897042769152506381e+01
2.078169330968692563e+01 6.170566491943939127e+02 9.948771041705528262e+01 1.897042769152506381e+01
2.078169330968692563e+01 6.170566491943939127e+02 9.948771041705528262e+01 1.897042769152506381e+01
2.087141422427901816e+01 6.140148212434370407e+02 9.810343169680989206e+01 1.916106518168969330e+01
2.121732238367301449e+01 6.111003690117654514e+02 9.727726887726004179e+01 1.919638785540865911e+01
2.121732238367301449e+01 6.111003690117654514e+02 9.727726887726004179e+01 1.919638785540865911e+01
2.121732238367301449e+01 6.111003690117654514e+02 9.727726887726004179e+01 1.919638785540865911e+01
2.121732238367301449e+01 6.111003690117654514e+02 9.727726887726004179e+01 1.919638785540865911e+01
2.121732238367301449e+01 6.111003690117654514e+02 9.727726887726004179e+01 1.919638785540865911e+01
2.121732238367301449e+01 6.111003690117654514e+02 9.727726887726004179e+01 1.919638785540865911e+01
2.121732238367301449e+01 6.111003690117654514e+02 9.727726887726004179e+01 1.919638785540865911e+01
2.121732238367301449e+01 6.111003690117654514e+02 9.727726887726004179e+01 1.919638785540865911e+01
2.121732238367301449e+01 6.111003690117654514e+02 9.727726887726004179e+01 1.919638785540865911e+01
2.121732238367301449e+01 6.111003690117654514e+02 9.727726887726004179e+01 1.919638785540865911e+01
2.121732238367301449e+01 6.111003690117654514e+02 9.727726887726004179e+01 1.919638785540865911e+01
2.121732238367301449e+01 6.111003690117654514e+02 9.727726887726004179e+01 1.919638785540865911e+01
2.121732238367301449e+01 6.111003690117654514e+02 9.727726887726004179e+01 1.919638785540865911e+01
2.121732238367301449e+01 6.111003690117654514e+02 9.727726887726004179e+01 1.919638785540865911e+01
2.155826002308112876e+01 6.067974874950016329e+02 9.671924371668779941e+01 1.923071926222081984e+01
2.155826002308112876e+01 6.067974874950016329e+02 9.671924371668779941e+01 1.923071926222081984e+01
2.104052962436023222e+01 6.047994219304196122e+02 9.584815646338152817e+01 1.925292861395080379e+01
2.104052962436023222e+01 6.047994219304196122e+02 9.584815646338152817e+01 1.925292861395080379e+01
2.104052962436023222e+01 6.047994219304196122e+02 9.584815646338152817e+01 1.925292861395080379e+01
2.104052962436023222e+01 6.047994219304196122e+02 9.584815646338152817e+01 1.925292861395080379e+01
2.104052962436023222e+01 6.047994219304196122e+02 9.584815646338152817e+01 1.925292861395080379e+01
2.104052962436023222e+01 6.047994219304196122e+02 9.584815646338152817e+01 1.925292861395080379e+01
2.104052962436023222e+01 6.047994219304196122e+02 9.584815646338152817e+01 1.925292861395080379e+01
2.104052962436023222e+01 6.047994219304196122e+02 9.584815646338152817e+01 1.925292861395080379e+01
2.104052962436023222e+01 6.047994219304196122e+02 9.584815646338152817e+01 1.925292861395080379e+01
2.104052962436023222e+01 6.047994219304196122e+02 9.584815646338152817e+01 1.925292861395080379e+01
2.104052962436023222e+01 6.047994219304196122e+02 9.584815646338152817e+01 1.925292861395080379e+01
2.104052962436023222e+01 6.047994219304196122e+02 9.584815646338152817e+01 1.925292861395080379e+01
2.104052962436023222e+01 6.047994219304196122e+02 9.584815646338152817e+01 1.925292861395080379e+01
2.104052962436023222e+01 6.047994219304196122e+02 9.584815646338152817e+01 1.925292861395080379e+01
2.104052962436023222e+01 6.047994219304196122e+02 9.584815646338152817e+01 1.925292861395080379e+01
2.104052962436023222e+01 6.047994219304196122e+02 9.584815646338152817e+01 1.925292861395080379e+01
2.104052962436023222e+01 6.047994219304196122e+02 9.584815646338152817e+01 1.925292861395080379e+01
2.104052962436023222e+01 6.047994219304196122e+02 9.584815646338152817e+01 1.925292861395080379e+01
2.104052962436023222e+01 6.047994219304196122e+02 9.584815646338152817e+01 1.925292861395080379e+01
2.104052962436023222e+01 6.047994219304196122e+02 9.584815646338152817e+01 1.925292861395080379e+01
2.104052962436023222e+01 6.047994219304196122e+02 9.584815646338152817e+01 1.925292861395080379e+01
2.104052962436023222e+01 6.047994219304196122e+02 9.584815646338152817e+01 1.925292861395080379e+01
2.104052962436023222e+01 6.047994219304196122e+02 9.584815646338152817e+01 1.925292861395080379e+01
2.100710479904964600e+01 6.053072038336366631e+02 9.695806525106786466e+01 1.899293968507347685e+01
2.100710479904964600e+01 6.053072038336366631e+02 9.695806525106786466e+01 1.899293968507347685e+01
2.100710479904964600e+01 6.053072038336366631e+02 9.695806525106786466e+01 1.899293968507347685e+01
2.100710479904964600e+01 6.053072038336366631e+02 9.695806525106786466e+01 1.899293968507347685e+01
2.100710479904964600e+01 6.053072038336366631e+02 9.695806525106786466e+01 1.899293968507347685e+01
2.100710479904964600e+01 6.053072038336366631e+02 9.695806525106786466e+01 1.899293968507347685e+01
2.100710479904964600e+01 6.053072038336366631e+02 9.695806525106786466e+01 1.899293968507347685e+01
2.100710479904964600e+01 6.053072038336366631e+02 9.695806525106786466e+01 1.899293968507347685e+01
2.100710479904964600e+01 6.053072038336366631e+02 9.695806525106786466e+01 1.899293968507347685e+01
2.100710479904964600e+01 6.053072038336366631e+02 9.695806525106786466e+01 1.899293968507347685e+01
2.100710479904964600e+01 6.053072038336366631e+02 9.695806525106786466e+01 1.899293968507347685e+01
2.100710479904964600e+01 6.053072038336366631e+02 9.695806525106786466e+01 1.899293968507347685e+01
2.122529652900004393e+01 6.006874941683144016e+02 9.598919160414966711e+01 1.902523588210957328e+01
2.122529652900004393e+01 6.006874941683144016e+02 9.598919160414966711e+01 1.902523588210957328e+01
2.122529652900004393e+01 6.006874941683144016e+02 9.598919160414966711e+01 1.902523588210957328e+01
2.116825562936112348e+01 5.996947706164953615e+02 9.603549585015329626e+01 1.913138361829588519e+01
2.116825562936112348e+01 5.996947706164953615e+02 9.603549585015329626e+01 1.913138361829588519e+01
2.116825562936112348e+01 5.996947706164953615e+02 9.603549585015329626e+01 1.913138361829588519e+01
2.116825562936112348e+01 5.996947706164953615e+02 9.603549585015329626e+01 1.913138361829588519e+01
2.116825562936112348e+01 5.996947706164953615e+02 9.603549585015329626e+01 1.913138361829588519e+01
2.061009247427183766e+01 6.007392547447436755e+02 9.681724463960175342e+01 1.914579984501274978e+01
2.061009247427183766e+01 6.007392547447436755e+02 9.681724463960175342e+01 1.914579984501274978e+01
2.061009247427183766e+01 6.007392547447436755e+02 9.681724463960175342e+01 1.914579984501274978e+01
2.061009247427183766e+01 6.007392547447436755e+02 9.681724463960175342e+01 1.914579984501274978e+01
2.061009247427183766e+01 6.007392547447436755e+02 9.681724463960175342e+01 1.914579984501274978e+01
2.061009247427183766e+01 6.007392547447436755e+02 9.681724463960175342e+01 1.914579984501274978e+01
2.058291846047541540e+01 6.008682061229512783e+02 9.603763532695698757e+01 1.919278805444714209e+01
2.058291846047541540e+01 6.008682061229512783e+02 9.603763532695698757e+01 1.919278805444714209e+01
2.058291846047541540e+01 6.008682061229512783e+02 9.603763532695698757e+01 1.919278805444714209e+01
2.058291846047541540e+01 6.008682061229512783e+02 9.603763532695698757e+01 1.919278805444714209e+01
2.058291846047541540e+01 6.008682061229512783e+02 9.603763532695698757e+01 1.919278805444714209e+01
2.058291846047541540e+01 6.008682061229512783e+02 9.603763532695698757e+01 1.919278805444714209e+01
2.058291846047541540e+01 6.008682061229512783e+02 9.603763532695698757e+01 1.919278805444714209e+01
2.058291846047541540e+01 6.008682061229512783e+02 9.603763532695698757e+01 1.919278805444714209e+01
2.058291846047541540e+01 6.008682061229512783e+02 9.603763532695698757e+01 1.919278805444714209e+01
2.058291846047541540e+01 6.008682061229512783e+02 9.603763532695698757e+01 1.919278805444714209e+01
2.046795743380553745e+01 6.029441276511406613e+02 9.574313652401072261e+01 1.905465339385120060e+01
2.046795743380553745e+01 6.029441276511406613e+02 9.574313652401072261e+01 1.905465339385120060e+01
2.046795743380553745e+01 6.029441276511406613e+02 9.574313652401072261e+01 1.905465339385120060e+01
2.046795743380553745e+01 6.029441276511406613e+02 9.574313652401072261e+01 1.905465339385120060e+01
2.046795743380553745e+01 6.029441276511406613e+02 9.574313652401072261e+01 1.905465339385120060e+01
2.046795743380553745e+01 6.029441276511406613e+02 9.574313652401072261e+01 1.905465339385120060e+01
2.046795743380553745e+01 6.029441276511406613e+02 9.574313652401072261e+01 1.905465339385120060e+01
2.046795743380553745e+01 6.029441276511406613e+02 9.574313652401072261e+01 1.905465339385120060e+01
2.046795743380553745e+01 6.029441276511406613e+02 9.574313652401072261e+01 1.905465339385120060e+01
2.046795743380553745e+01 6.029441276511406613e+02 9.574313652401072261e+01 1.905465339385120060e+01
2.046795743380553745e+01 6.029441276511406613e+02 9.574313652401072261e+01 1.905465339385120060e+01
2.032916086777538922e+01 6.018106006463348194e+02 9.678802169851395831e+01 1.909488594213368273e+01
2.032916086777538922e+01 6.018106006463348194e+02 9.678802169851395831e+01 1.909488594213368273e+01
2.032916086777538922e+01 6.018106006463348194e+02 9.678802169851395831e+01 1.909488594213368273e+01
2.032916086777538922e+01 6.018106006463348194e+02 9.678802169851395831e+01 1.909488594213368273e+01
2.032916086777538922e+01 6.018106006463348194e+02 9.678802169851395831e+01 1.909488594213368273e+01
2.032916086777538922e+01 6.018106006463348194e+02 9.678802169851395831e+01 1.909488594213368273e+01
2.044697154864761046e+01 5.999449058275622519e+02 9.652541115109706027e+01 1.907109938525228543e+01
2.044697154864761046e+01 5.999449058275622519e+02 9.652541115109706027e+01 1.907109938525228543e+01
2.044697154864761046e+01 5.999449058275622519e+02 9.652541115109706027e+01 1.907109938525228543e+01
2.044697154864761046e+01 5.999449058275622519e+02 9.652541115109706027e+01 1.907109938525228543e+01
2.044697154864761046e+01 5.999449058275622519e+02 9.652541115109706027e+01 1.907109938525228543e+01
2.044697154864761046e+01 5.999449058275622519e+02 9.652541115109706027e+01 1.907109938525228543e+01
2.044697154864761046e+01 5.999449058275622519e+02 9.652541115109706027e+01 1.907109938525228543e+01
2.044697154864761046e+01 5.999449058275622519e+02 9.652541115109706027e+01 1.907109938525228543e+01
2.044697154864761046e+01 5.999449058275622519e+02 9.652541115109706027e+01 1.907109938525228543e+01
2.044697154864761046e+01 5.999449058275622519e+02 9.652541115109706027e+01 1.907109938525228543e+01
2.044697154864761046e+01 5.999449058275622519e+02 9.652541115109706027e+01 1.907109938525228543e+01
2.044697154864761046e+01 5.999449058275622519e+02 9.652541115109706027e+01 1.907109938525228543e+01
2.044697154864761046e+01 5.999449058275622519e+02 9.652541115109706027e+01 1.907109938525228543e+01
2.105671215721244494e+01 6.002353002962823894e+02 9.407646667831012621e+01 1.910248656222651675e+01
2.099566634494343376e+01 6.051177948622125768e+02 9.366716892884366530e+01 1.908375884590128990e+01
2.098479098134951215e+01 6.012316922195260531e+02 9.383410504207749625e+01 1.900518816657177013e+01
2.098479098134951215e+01 6.012316922195260531e+02 9.383410504207749625e+01 1.900518816657177013e+01
2.073838269169107562e+01 5.986800719028276490e+02 9.414994482858759284e+01 1.899283722808367614e+01
2.073838269169107562e+01 5.986800719028276490e+02 9.414994482858759284e+01 1.899283722808367614e+01
2.073838269169107562e+01 5.986800719028276490e+02 9.414994482858759284e+01 1.899283722808367614e+01
2.073838269169107562e+01 5.986800719028276490e+02 9.414994482858759284e+01 1.899283722808367614e+01
2.073838269169107562e+01 5.986800719028276490e+02 9.414994482858759284e+01 1.899283722808367614e+01
2.073838269169107562e+01 5.986800719028276490e+02 9.414994482858759284e+01 1.899283722808367614e+01
2.073838269169107562e+01 5.986800719028276490e+02 9.414994482858759284e+01 1.899283722808367614e+01
2.058875356665424761e+01 5.989092803588833931e+02 9.375811525265800128e+01 1.904190546189164834e+01
2.058875356665424761e+01 5.989092803588833931e+02 9.375811525265800128e+01 1.904190546189164834e+01
2.058875356665424761e+01 5.989092803588833931e+02 9.375811525265800128e+01 1.904190546189164834e+01
2.058875356665424761e+01 5.989092803588833931e+02 9.375811525265800128e+01 1.904190546189164834e+01
2.058875356665424761e+01 5.989092803588833931e+02 9.375811525265800128e+01 1.904190546189164834e+01
2.058875356665424761e+01 5.989092803588833931e+02 9.375811525265800128e+01 1.904190546189164834e+01
2.058875356665424761e+01 5.989092803588833931e+02 9.375811525265800128e+01 1.904190546189164834e+01
2.058875356665424761e+01 5.989092803588833931e+02 9.375811525265800128e+01 1.904190546189164834e+01
2.058875356665424761e+01 5.989092803588833931e+02 9.375811525265800128e+01 1.904190546189164834e+01
2.058875356665424761e+01 5.989092803588833931e+02 9.375811525265800128e+01 1.904190546189164834e+01
2.058875356665424761e+01 5.989092803588833931e+02 9.375811525265800128e+01 1.904190546189164834e+01
2.058875356665424761e+01 5.989092803588833931e+02 9.375811525265800128e+01 1.904190546189164834e+01
2.058875356665424761e+01 5.989092803588833931e+02 9.375811525265800128e+01 1.904190546189164834e+01
2.072504572781265253e+01 5.971274217261232025e+02 9.361271931987489836e+01 1.897614088510751174e+01
2.072504572781265253e+01 5.971274217261232025e+02 9.361271931987489836e+01 1.897614088510751174e+01
2.072504572781265253e+01 5.971274217261232025e+02 9.361271931987489836e+01 1.897614088510751174e+01
2.072504572781265253e+01 5.971274217261232025e+02 9.361271931987489836e+01 1.897614088510751174e+01
2.072504572781265253e+01 5.971274217261232025e+02 9.361271931987489836e+01 1.897614088510751174e+01
2.072504572781265253e+01 5.971274217261232025e+02 9.361271931987489836e+01 1.897614088510751174e+01
2.072504572781265253e+01 5.971274217261232025e+02 9.361271931987489836e+01 1.897614088510751174e+01
2.052601348868812536e+01 5.999930043781813538e+02 9.353889211234715617e+01 1.901641215586925782e+01
2.052601348868812536e+01 5.999930043781813538e+02 9.353889211234715617e+01 1.901641215586925782e+01
2.052601348868812536e+01 5.999930043781813538e+02 9.353889211234715617e+01 1.901641215586925782e+01
2.052601348868812536e+01 5.999930043781813538e+02 9.353889211234715617e+01 1.901641215586925782e+01
2.052601348868812536e+01 5.999930043781813538e+02 9.353889211234715617e+01 1.901641215586925782e+01
2.052601348868812536e+01 5.999930043781813538e+02 9.353889211234715617e+01 1.901641215586925782e+01
2.052601348868812536e+01 5.999930043781813538e+02 9.353889211234715617e+01 1.901641215586925782e+01
2.052601348868812536e+01 5.999930043781813538e+02 9.353889211234715617e+01 1.901641215586925782e+01
2.052601348868812536e+01 5.999930043781813538e+02 9.353889211234715617e+01 1.901641215586925782e+01
2.052601348868812536e+01 5.999930043781813538e+02 9.353889211234715617e+01 1.901641215586925782e+01
2.052601348868812536e+01 5.999930043781813538e+02 9.353889211234715617e+01 1.901641215586925782e+01
2.052601348868812536e+01 5.999930043781813538e+02 9.353889211234715617e+01 1.901641215586925782e+01
2.052601348868812536e+01 5.999930043781813538e+02 9.353889211234715617e+01 1.901641215586925782e+01
2.052601348868812536e+01 5.999930043781813538e+02 9.353889211234715617e+01 1.901641215586925782e+01
2.052601348868812536e+01 5.999930043781813538e+02 9.353889211234715617e+01 1.901641215586925782e+01
2.052601348868812536e+01 5.999930043781813538e+02 9.353889211234715617e+01 1.901641215586925782e+01
2.052601348868812536e+01 5.999930043781813538e+02 9.353889211234715617e+01 1.901641215586925782e+01
2.052601348868812536e+01 5.999930043781813538e+02 9.353889211234715617e+01 1.901641215586925782e+01
2.052601348868812536e+01 5.999930043781813538e+02 9.353889211234715617e+01 1.901641215586925782e+01
2.052601348868812536e+01 5.999930043781813538e+02 9.353889211234715617e+01 1.901641215586925782e+01
2.052601348868812536e+01 5.999930043781813538e+02 9.353889211234715617e+01 1.901641215586925782e+01
2.052601348868812536e+01 5.999930043781813538e+02 9.353889211234715617e+01 1.901641215586925782e+01
2.052601348868812536e+01 5.999930043781813538e+02 9.353889211234715617e+01 1.901641215586925782e+01
2.066416636509212523e+01 5.961970355758124924e+02 9.362019964730433230e+01 1.893831038054312543e+01
2.066416636509212523e+01 5.961970355758124924e+02 9.362019964730433230e+01 1.893831038054312543e+01
2.066416636509212523e+01 5.961970355758124924e+02 9.362019964730433230e+01 1.893831038054312543e+01
2.066416636509212523e+01 5.961970355758124924e+02 9.362019964730433230e+01 1.893831038054312543e+01
2.066416636509212523e+01 5.961970355758124924e+02 9.362019964730433230e+01 1.893831038054312543e+01
2.066416636509212523e+01 5.961970355758124924e+02 9.362019964730433230e+01 1.893831038054312543e+01
2.066416636509212523e+01 5.961970355758124924e+02 9.362019964730433230e+01 1.893831038054312543e+01
2.066416636509212523e+01 5.961970355758124924e+02 9.362019964730433230e+01 1.893831038054312543e+01
2.066416636509212523e+01 5.961970355758124924e+02 9.362019964730433230e+01 1.893831038054312543e+01
2.066416636509212523e+01 5.961970355758124924e+02 9.362019964730433230e+01 1.893831038054312543e+01
2.066416636509212523e+01 5.961970355758124924e+02 9.362019964730433230e+01 1.893831038054312543e+01
2.066416636509212523e+01 5.961970355758124924e+02 9.362019964730433230e+01 1.893831038054312543e+01
2.066416636509212523e+01 5.961970355758124924e+02 9.362019964730433230e+01 1.893831038054312543e+01
2.066416636509212523e+01 5.961970355758124924e+02 9.362019964730433230e+01 1.893831038054312543e+01
2.066416636509212523e+01 5.961970355758124924e+02 9.362019964730433230e+01 1.893831038054312543e+01
2.066416636509212523e+01 5.961970355758124924e+02 9.362019964730433230e+01 1.893831038054312543e+01
2.066416636509212523e+01 5.961970355758124924e+02 9.362019964730433230e+01 1.893831038054312543e+01
2.066416636509212523e+01 5.961970355758124924e+02 9.362019964730433230e+01 1.893831038054312543e+01
2.066416636509212523e+01 5.961970355758124924e+02 9.362019964730433230e+01 1.893831038054312543e+01
2.066416636509212523e+01 5.961970355758124924e+02 9.362019964730433230e+01 1.893831038054312543e+01
2.066416636509212523e+01 5.961970355758124924e+02 9.362019964730433230e+01 1.893831038054312543e+01
2.066416636509212523e+01 5.961970355758124924e+02 9.362019964730433230e+01 1.893831038054312543e+01
2.066416636509212523e+01 5.961970355758124924e+02 9.362019964730433230e+01 1.893831038054312543e+01
2.066416636509212523e+01 5.961970355758124924e+02 9.362019964730433230e+01 1.893831038054312543e+01
2.066416636509212523e+01 5.961970355758124924e+02 9.362019964730433230e+01 1.893831038054312543e+01
2.066416636509212523e+01 5.961970355758124924e+02 9.362019964730433230e+01 1.893831038054312543e+01
2.066416636509212523e+01 5.961970355758124924e+02 9.362019964730433230e+01 1.893831038054312543e+01
2.066416636509212523e+01 5.961970355758124924e+02 9.362019964730433230e+01 1.893831038054312543e+01
2.066416636509212523e+01 5.961970355758124924e+02 9.362019964730433230e+01 1.893831038054312543e+01
2.066416636509212523e+01 5.961970355758124924e+02 9.362019964730433230e+01 1.893831038054312543e+01
2.066416636509212523e+01 5.961970355758124924e+02 9.362019964730433230e+01 1.893831038054312543e+01
2.066416636509212523e+01 5.961970355758124924e+02 9.362019964730433230e+01 1.893831038054312543e+01
2.066416636509212523e+01 5.961970355758124924e+02 9.362019964730433230e+01 1.893831038054312543e+01
2.066416636509212523e+01 5.961970355758124924e+02 9.362019964730433230e+01 1.893831038054312543e+01
2.066416636509212523e+01 5.961970355758124924e+02 9.362019964730433230e+01 1.893831038054312543e+01
2.066416636509212523e+01 5.961970355758124924e+02 9.362019964730433230e+01 1.893831038054312543e+01
2.066416636509212523e+01 5.961970355758124924e+02 9.362019964730433230e+01 1.893831038054312543e+01
2.066416636509212523e+01 5.961970355758124924e+02 9.362019964730433230e+01 1.893831038054312543e+01
2.066416636509212523e+01 5.961970355758124924e+02 9.362019964730433230e+01 1.893831038054312543e+01
2.066416636509212523e+01 5.961970355758124924e+02 9.362019964730433230e+01 1.893831038054312543e+01
2.066416636509212523e+01 5.961970355758124924e+02 9.362019964730433230e+01 1.893831038054312543e+01
2.066416636509212523e+01 5.961970355758124924e+02 9.362019964730433230e+01 1.893831038054312543e+01
2.066416636509212523e+01 5.961970355758124924e+02 9.362019964730433230e+01 1.893831038054312543e+01
2.066416636509212523e+01 5.961970355758124924e+02 9.362019964730433230e+01 1.893831038054312543e+01
2.066416636509212523e+01 5.961970355758124924e+02 9.362019964730433230e+01 1.893831038054312543e+01
2.066416636509212523e+01 5.961970355758124924e+02 9.362019964730433230e+01 1.893831038054312543e+01
2.066416636509212523e+01 5.961970355758124924e+02 9.362019964730433230e+01 1.893831038054312543e+01
2.066416636509212523e+01 5.961970355758124924e+02 9.362019964730433230e+01 1.893831038054312543e+01
2.066416636509212523e+01 5.961970355758124924e+02 9.362019964730433230e+01 1.893831038054312543e+01
2.066416636509212523e+01 5.961970355758124924e+02 9.362019964730433230e+01 1.893831038054312543e+01
2.066416636509212523e+01 5.961970355758124924e+02 9.362019964730433230e+01 1.893831038054312543e+01
2.047280252188197025e+01 5.984415184137870938e+02 9.332003120843440058e+01 1.900714236086948716e+01
2.047280252188197025e+01 5.984415184137870938e+02 9.332003120843440058e+01 1.900714236086948716e+01
2.047280252188197025e+01 5.984415184137870938e+02 9.332003120843440058e+01 1.900714236086948716e+01
2.047280252188197025e+01 5.984415184137870938e+02 9.332003120843440058e+01 1.900714236086948716e+01
2.047280252188197025e+01 5.984415184137870938e+02 9.332003120843440058e+01 1.900714236086948716e+01
2.047280252188197025e+01 5.984415184137870938e+02 9.332003120843440058e+01 1.900714236086948716e+01
2.047280252188197025e+01 5.984415184137870938e+02 9.332003120843440058e+01 1.900714236086948716e+01
2.047280252188197025e+01 5.984415184137870938e+02 9.332003120843440058e+01 1.900714236086948716e+01
2.047280252188197025e+01 5.984415184137870938e+02 9.332003120843440058e+01 1.900714236086948716e+01
2.047280252188197025e+01 5.984415184137870938e+02 9.332003120843440058e+01 1.900714236086948716e+01
2.047280252188197025e+01 5.984415184137870938e+02 9.332003120843440058e+01 1.900714236086948716e+01
2.047280252188197025e+01 5.984415184137870938e+02 9.332003120843440058e+01 1.900714236086948716e+01
2.047280252188197025e+01 5.984415184137870938e+02 9.332003120843440058e+01 1.900714236086948716e+01
2.047280252188197025e+01 5.984415184137870938e+02 9.332003120843440058e+01 1.900714236086948716e+01
2.047280252188197025e+01 5.984415184137870938e+02 9.332003120843440058e+01 1.900714236086948716e+01
2.047280252188197025e+01 5.984415184137870938e+02 9.332003120843440058e+01 1.900714236086948716e+01
2.047280252188197025e+01 5.984415184137870938e+02 9.332003120843440058e+01 1.900714236086948716e+01
2.047280252188197025e+01 5.984415184137870938e+02 9.332003120843440058e+01 1.900714236086948716e+01
2.047280252188197025e+01 5.984415184137870938e+02 9.332003120843440058e+01 1.900714236086948716e+01
2.047280252188197025e+01 5.984415184137870938e+02 9.332003120843440058e+01 1.900714236086948716e+01
2.047280252188197025e+01 5.984415184137870938e+02 9.332003120843440058e+01 1.900714236086948716e+01
2.047280252188197025e+01 5.984415184137870938e+02 9.332003120843440058e+01 1.900714236086948716e+01
2.047280252188197025e+01 5.984415184137870938e+02 9.332003120843440058e+01 1.900714236086948716e+01
2.047280252188197025e+01 5.984415184137870938e+02 9.332003120843440058e+01 1.900714236086948716e+01
2.047280252188197025e+01 5.984415184137870938e+02 9.332003120843440058e+01 1.900714236086948716e+01
2.047280252188197025e+01 5.984415184137870938e+02 9.332003120843440058e+01 1.900714236086948716e+01
2.047280252188197025e+01 5.984415184137870938e+02 9.332003120843440058e+01 1.900714236086948716e+01
2.047280252188197025e+01 5.984415184137870938e+02 9.332003120843440058e+01 1.900714236086948716e+01
2.047280252188197025e+01 5.984415184137870938e+02 9.332003120843440058e+01 1.900714236086948716e+01
2.047280252188197025e+01 5.984415184137870938e+02 9.332003120843440058e+01 1.900714236086948716e+01
2.047280252188197025e+01 5.984415184137870938e+02 9.332003120843440058e+01 1.900714236086948716e+01
2.047280252188197025e+01 5.984415184137870938e+02 9.332003120843440058e+01 1.900714236086948716e+01
2.047280252188197025e+01 5.984415184137870938e+02 9.332003120843440058e+01 1.900714236086948716e+01
2.047280252188197025e+01 5.984415184137870938e+02 9.332003120843440058e+01 1.900714236086948716e+01
2.047280252188197025e+01 5.984415184137870938e+02 9.332003120843440058e+01 1.900714236086948716e+01
2.047280252188197025e+01 5.984415184137870938e+02 9.332003120843440058e+01 1.900714236086948716e+01
2.047280252188197025e+01 5.984415184137870938e+02 9.332003120843440058e+01 1.900714236086948716e+01
2.047280252188197025e+01 5.984415184137870938e+02 9.332003120843440058e+01 1.900714236086948716e+01
2.047280252188197025e+01 5.984415184137870938e+02 9.332003120843440058e+01 1.900714236086948716e+01
2.047280252188197025e+01 5.984415184137870938e+02 9.332003120843440058e+01 1.900714236086948716e+01
2.047280252188197025e+01 5.984415184137870938e+02 9.332003120843440058e+01 1.900714236086948716e+01
2.047280252188197025e+01 5.984415184137870938e+02 9.332003120843440058e+01 1.900714236086948716e+01
2.047280252188197025e+01 5.984415184137870938e+02 9.332003120843440058e+01 1.900714236086948716e+01
2.047280252188197025e+01 5.984415184137870938e+02 9.332003120843440058e+01 1.900714236086948716e+01
2.047280252188197025e+01 5.984415184137870938e+02 9.332003120843440058e+01 1.900714236086948716e+01
2.047280252188197025e+01 5.984415184137870938e+02 9.332003120843440058e+01 1.900714236086948716e+01
2.047280252188197025e+01 5.984415184137870938e+02 9.332003120843440058e+01 1.900714236086948716e+01
2.047280252188197025e+01 5.984415184137870938e+02 9.332003120843440058e+01 1.900714236086948716e+01
2.047280252188197025e+01 5.984415184137870938e+02 9.332003120843440058e+01 1.900714236086948716e+01
2.047280252188197025e+01 5.984415184137870938e+02 9.332003120843440058e+01 1.900714236086948716e+01
2.047280252188197025e+01 5.984415184137870938e+02 9.332003120843440058e+01 1.900714236086948716e+01
2.047280252188197025e+01 5.984415184137870938e+02 9.332003120843440058e+01 1.900714236086948716e+01
