1.000000000000000000e+00 1.000000000000000000e+00 1.000000000000000000e+00 1.000000000000000000e+00
2.331460838279499070e-01 6.904046954192202268e-01 7.362660710658325343e+02 4.144323336170884636e-02
1.664164643013547051e-01 6.096005915366623507e-01 7.939696908968232947e+02 4.020316226240255170e-02
1.620259685095108426e-01 5.979759106888470344e-01 6.592237848485290215e+02 4.103854986400712335e-02
1.908962362303431859e-01 5.873033197509280878e-01 7.351781908869251083e+02 4.212155720751393356e-02
1.874249267520426698e-01 6.258077910488510920e-01 7.466851126964620562e+02 4.530567117744487005e-02
1.762536845367337901e-01 6.494478125223532849e-01 7.513620497612279223e+02 3.841237775229735391e-02
1.727375490851970063e-01 5.888608402440234091e-01 7.020466332107513381e+02 4.105797864909559863e-02
1.823821146858473075e-01 5.837320420169785917e-01 6.762441217903193547e+02 4.565156360685180409e-02
1.616037644854595445e-01 5.947429507671337934e-01 7.088572511022113076e+02 4.071593384376915453e-02
1.617590093167370624e-01 6.828572366811276328e-01 7.525450380976312772e+02 4.064727396802459564e-02
1.852417593595408196e-01 6.615866561306654736e-01 7.742157821912869622e+02 4.176642901582104661e-02
1.335269183860433306e-01 5.259042156317775829e-01 6.403029589176596801e+02 4.827366924727281849e-02
1.200149960715017755e-01 5.120649693131064106e-01 6.356879005445213124e+02 4.842760506867808262e-02
1.119083303334077323e-01 4.933806071447643382e-01 6.378051081792348214e+02 5.150951900902321634e-02
1.114805871259278436e-01 4.824321306421632816e-01 5.893236186552150002e+02 5.611221399140564614e-02
1.053564399481603936e-01 4.992944594606530950e-01 6.353836825712179461e+02 5.103155472496229139e-02
1.045601101768085101e-01 5.281613341670386985e-01 6.067583313180222149e+02 5.405401327639757642e-02
1.006731394273748387e-01 5.215084477185737422e-01 6.183030322097597491e+02 5.450354461220174168e-02
9.462352796513963382e-02 4.916279748334824728e-01 5.344094084229491273e+02 5.491502378438040816e-02
9.231498130478313358e-02 5.381547935360739832e-01 5.490066863166481426e+02 5.474223255909759639e-02
1.012464056182688088e-01 5.100259292645957787e-01 6.203036181316890634e+02 5.247885770184188697e-02
9.757935814547785691e-02 5.491638031395238428e-01 5.801888220040068518e+02 5.377617718133555907e-02
9.514764839374614813e-02 5.046639461160458140e-01 5.789730903171891896e+02 5.048080748049798422e-02
9.802771504731346008e-02 5.113237944225730303e-01 5.791136469068233055e+02 5.302676654401369122e-02
9.586083659186320216e-02 4.826717072519136065e-01 5.198504189683230834e+02 5.297705991606765918e-02
9.766430742776455176e-02 5.360725548869328394e-01 5.924663421220288910e+02 5.154600485890190043e-02
1.106973285897281389e-01 4.687497341652646088e-01 5.353960580723738758e+02 5.646575409192280265e-02
8.839573601208815246e-02 4.804181395440403901e-01 5.660548160394563411e+02 5.471273541735755669e-02
9.115658996368582179e-02 4.653039575064241706e-01 5.427613595602850864e+02 5.835809646564683179e-02
9.449929186909132584e-02 4.831288802918392578e-01 5.044092473501999052e+02 5.586811456638267337e-02
9.604919037611819865e-02 5.393671004301293648e-01 5.294294243581592809e+02 5.359519796074001252e-02
9.840817283115560477e-02 3.855198966143866257e-01 5.260718172452485533e+02 5.698472781182577218e-02
1.089703091973440452e-01 4.358316768409256081e-01 4.863606349538462723e+02 6.171443407599307845e-02
1.037233991215842505e-01 3.751301524964341105e-01 4.798570940701932841e+02 5.634181428250267798e-02
8.970354736368271742e-02 5.094102955001834632e-01 4.287163381975704510e+02 6.120299588443410543e-02
7.627182761162733249e-02 4.919290014988770832e-01 3.773362919822278627e+02 6.236027638250175170e-02
7.988875136658646348e-02 4.566411780993742120e-01 3.935608977003557811e+02 6.180984220803226875e-02
7.507918633175325596e-02 4.958255349232568165e-01 3.689495589243206268e+02 6.363819428134265266e-02
6.894370698323393221e-02 5.495032457387730718e-01 2.938201602741187344e+02 6.175355538887886825e-02
6.557806198412510779e-02 4.434740765401363194e-01 3.025725136011997733e+02 7.198369163951820471e-02
6.672798220842945938e-02 4.424568315718873657e-01 2.862361049790831089e+02 6.384760020782492829e-02
7.083406079029677671e-02 5.272001189517164788e-01 2.705531216234419389e+02 6.330198058116398574e-02
6.819342857666199631e-02 4.620569996791470402e-01 2.614657987160844073e+02 6.167344895821965517e-02
6.792900982569625989e-02 4.584672592539196234e-01 2.517872376699789925e+02 6.150387711251319861e-02
7.113177965574858652e-02 5.309103418483437364e-01 2.727318820412061768e+02 6.639018307006964992e-02
7.668783238340702579e-02 4.531203966395815907e-01 2.483988464531853992e+02 6.146894947312738638e-02
7.504203871834749795e-02 4.408883495845284939e-01 2.716312940979563564e+02 6.222271161479980828e-02
7.148708432202802165e-02 4.551844071873600295e-01 2.208722758724435664e+02 7.200870478326545920e-02
7.229994304712973607e-02 4.447512564637000620e-01 2.321135737371381822e+02 6.384628627965505121e-02
6.653373271728711680e-02 4.636428747201425948e-01 2.172536058066586406e+02 6.588001099589486931e-02
6.364532603224203056e-02 4.481572933543195858e-01 2.111077189337732136e+02 6.567030160809586570e-02
6.322779210469331446e-02 4.382929684274699533e-01 2.124355372341938732e+02 6.871028892995860449e-02
6.933639686890048781e-02 4.606174309252809573e-01 1.733852931839083737e+02 6.923228027834159304e-02
6.846642406288620808e-02 4.265889393335765001e-01 2.001754863886092721e+02 7.005302259738969972e-02
6.997150791988915319e-02 4.433662360204130293e-01 2.068055317911855013e+02 6.975656673886644621e-02
6.364582904679133568e-02 4.261062444690083550e-01 1.709576806642577367e+02 6.833141946623830232e-02
6.314406146435577738e-02 4.589629684752919436e-01 1.963661050994039954e+02 6.722049131127923183e-02
6.209345887926195906e-02 3.942111890836513255e-01 1.822605680738624301e+02 6.245426125762348901e-02
6.273408260366893086e-02 4.027697570528671611e-01 2.013945889443771762e+02 7.113518367863308489e-02
6.315585795680857262e-02 3.099022599914661447e-01 1.688162198681243922e+02 8.190847991470050216e-02
6.799007522988559371e-02 3.344814092432190078e-01 1.670352508867569838e+02 8.483849958723642393e-02
6.833861087030568271e-02 3.576176645624008499e-01 1.764954835661159507e+02 7.072566018129590459e-02
6.337114289114516297e-02 3.656762447728877929e-01 1.748394466437545702e+02 7.271015638837931283e-02
7.082477444353671436e-02 2.918545472384126427e-01 1.688253392359980012e+02 8.273844904018054502e-02
7.485589141143349223e-02 2.861111229462033889e-01 1.659184191073776447e+02 7.755301454988781928e-02
7.382197199392746823e-02 2.657687756469854223e-01 1.632302251880306301e+02 9.080162385316022100e-02
7.254342605453900639e-02 2.518196589075996639e-01 1.473287551038236529e+02 8.782427870467521269e-02
7.970780545620095858e-02 1.567035049736663077e-01 1.895358593041767676e+02 8.573356544218219133e-02
7.386235148413006213e-02 1.355901609401425345e-01 1.939174635637455992e+02 8.375413478736559725e-02
8.337577599538764650e-02 1.325405984258370140e-01 1.860473380743838447e+02 9.578070683253667172e-02
8.994530649590187776e-02 1.378488269854232506e-01 1.666926116062144843e+02 8.357980230302380908e-02
8.234386135204671553e-02 1.159121269741220095e-01 1.595413594182657278e+02 1.032396754371608105e-01
8.460968175871111385e-02 1.158669228407485791e-01 1.663691897622355498e+02 9.113533463121407940e-02
7.682163442008888010e-02 1.214648758255440913e-01 1.684492503607912113e+02 8.771750275036299671e-02
9.163248483862299065e-02 1.140379437111613270e-01 1.694155433170072911e+02 9.216068684606898431e-02
7.792197850408998094e-02 1.144178487125019766e-01 1.661147125295923388e+02 8.885627864643737273e-02
8.626218465194467055e-02 1.088092473712383712e-01 1.590242151415998251e+02 8.660001248369517124e-02
7.894859283057639732e-02 1.012560133004059837e-01 1.631071684471080800e+02 9.462861644330552990e-02
7.603927034124172146e-02 1.229044837891828251e-01 1.281383373494312821e+02 1.040922450773082014e-01
8.034879639190453671e-02 1.205469157855472428e-01 1.340177443627242440e+02 1.059697805015752670e-01
7.536126094973923106e-02 1.182306801384299944e-01 1.294032240069514330e+02 1.056127079768763022e-01
8.587829873499303046e-02 8.833775228352727660e-02 1.447401587694730836e+02 1.019155093451518529e-01
8.542875257397491984e-02 2.501657827992596547e-02 1.371153617780892091e+02 1.298322442680037991e-01
9.491791992610051909e-02 2.003853962399016267e-02 1.322028898452440160e+02 1.333653866816468525e-01
9.178768131478627634e-02 2.148396568457869651e-02 1.255126303578263247e+02 1.339052375655711835e-01
9.107294026463068348e-02 1.972304983199087147e-02 1.286187965197808580e+02 1.574446380909098608e-01
8.641519378100290250e-02 1.900595796241834334e-02 1.303006772792398067e+02 1.542092740977354381e-01
8.452832400210059938e-02 1.823625137268974211e-02 1.304146768274127055e+02 1.456824796298017421e-01
9.728929521091372878e-02 1.764444197375506646e-02 1.115342175483756364e+02 1.536343015830600456e-01
9.068589145732312840e-02 1.803583243916627443e-02 1.101485250364219013e+02 1.520416143361652817e-01
8.963389917520957206e-02 1.767547204375243680e-02 1.093146472919663239e+02 1.436880604698120290e-01
8.590413059103758908e-02 1.668282175177107640e-02 1.035516364462310861e+02 1.536341541669000443e-01
8.857518670673564243e-02 1.724426394240152066e-02 1.028338349481216625e+02 1.488013482162398315e-01
8.926946381937804487e-02 1.750304487240287796e-02 1.106051841680297656e+02 1.429828604315028784e-01
9.065771625186684612e-02 2.012068386014433455e-02 1.136820900182274841e+02 1.460635720473812960e-01
8.960507276955209655e-02 1.699839793121099910e-02 1.183029640194389884e+02 1.466308436597082432e-01
9.523031875920649758e-02 1.765755789183050609e-02 1.173360881214501035e+02 1.600997488242181799e-01
8.775645210054958123e-02 1.605612438070237041e-02 1.155871506016547698e+02 1.728781028302392164e-01
9.607351004914009562e-02 1.501199766191161494e-02 1.194953338167214412e+02 1.463178528227978559e-01
8.942432213949168263e-02 1.593349047146103148e-02 1.149054790035614957e+02 1.499069108345304491e-01
9.441987427462661397e-02 1.501223403224217177e-02 1.131713383043993844e+02 1.568933213300197360e-01
9.139703721214406662e-02 1.520415918393339463e-02 1.341230883566459795e+02 1.523886154163275608e-01
8.438229035238389852e-02 1.607870404176720697e-02 1.177117003146682777e+02 1.566218077692082267e-01
8.919465271471262169e-02 1.500838586464550706e-02 1.242053756142697694e+02 1.500482055785094804e-01
8.339455478271785849e-02 1.659764008442870739e-02 1.265923870360803676e+02 1.527183919336244367e-01
8.949603473682075927e-02 1.571285938885784439e-02 1.086829001954829437e+02 1.491075323317238854e-01
7.936956105664012828e-02 1.671208570711388633e-02 1.028919274707420044e+02 1.643121691396169926e-01
7.912558729186887352e-02 1.791678178003035249e-02 9.441912458397032992e+01 1.694749849460858437e-01
8.329066377226677920e-02 1.830971522803499785e-02 9.534658342137811360e+01 1.617118309965250300e-01
8.120317682046723773e-02 1.589449632427518411e-02 1.078668351398350040e+02 1.607713135428281703e-01
8.579710594015832470e-02 1.752298426427012501e-02 9.931751259333528026e+01 1.749295599252001510e-01
7.106367664017339270e-02 1.852118351543468461e-02 9.756405913084149972e+01 1.496373824341642178e-01
7.923813720971320529e-02 1.578522407862833349e-02 1.000415301412329399e+02 1.653124215405732678e-01
9.101215946107719945e-02 1.509091936691513494e-02 1.017278387843627598e+02 1.673775180477755087e-01
7.202213187172244735e-02 1.584412261550757414e-02 1.049354153849379685e+02 1.556476000866048037e-01
7.825623869170716951e-02 1.633177643771288601e-02 1.044414181397050498e+02 1.788567263312820232e-01
8.962254614073086878e-02 1.592085313449516024e-02 8.920379090549258194e+01 1.501751007222904555e-01
8.688855997323007008e-02 1.464231560997275583e-02 8.958896561653664037e+01 1.497314397444955703e-01
9.833582802759328889e-02 1.612917041657362105e-02 8.958997599406001200e+01 1.686398860425192270e-01
8.712613403477528773e-02 1.598787257475372744e-02 9.619671597685118059e+01 1.541207697682195343e-01
9.028326525353588816e-02 1.726756076381665353e-02 9.156288287993058361e+01 1.514071533820725013e-01
9.380559128569956884e-02 1.578044153865866897e-02 9.563252716831244982e+01 1.583282483593732581e-01
8.711990742820785449e-02 1.653884724093128075e-02 8.932498677622842820e+01 1.676830310715331784e-01
9.085666928888683214e-02 1.507543391012918996e-02 9.021126759440005571e+01 1.443098416004562623e-01
8.729966532982551264e-02 1.670417678594190644e-02 9.655621809744273776e+01 1.644002670524609966e-01
7.838507255137978913e-02 1.580104086161034788e-02 9.222544070061850618e+01 1.548769065916967280e-01
8.728064635193275023e-02 1.760148561713372958e-02 8.568796336719108808e+01 1.565489264930997604e-01
8.457843377707002785e-02 1.514898242593677204e-02 9.318815561366233169e+01 1.520799208698406235e-01
8.968426242680301030e-02 1.667457711756237596e-02 8.567467900195252639e+01 1.548756401405665395e-01
8.339583660561795952e-02 1.627507357171954772e-02 9.262988939131726340e+01 1.468407859684890404e-01
8.662572667103264623e-02 1.645804896553824948e-02 8.126243926834257536e+01 1.646804780142724911e-01
8.950595824383564270e-02 1.688831896216360165e-02 9.264537734335934260e+01 1.601045951162916592e-01
8.090063958033640035e-02 2.058647724327990550e-02 6.333048932713143842e+01 1.553585506297086583e-01
9.058553031623185758e-02 1.900013976702563320e-02 6.447107686266512871e+01 1.728186990997486461e-01
8.461621527174270629e-02 1.786254219193178505e-02 6.722175992830291591e+01 1.505515271063755378e-01
8.496505952496827274e-02 1.887444090524657836e-02 5.886575368199765990e+01 1.717015259405132721e-01
8.871168207637998571e-02 1.716398770604058224e-02 6.381236147022205074e+01 1.607988163493379030e-01
8.911122456723100105e-02 1.948909015930477481e-02 5.908691172072727227e+01 1.708479741079144965e-01
8.483952524043275600e-02 2.015317165742108729e-02 6.370412934422783025e+01 1.606552888513790578e-01
9.008835926584650433e-02 1.916499454773191655e-02 6.087106197922005180e+01 1.660992940902925874e-01
9.248437573397863543e-02 1.764653135297290440e-02 6.516533993621106902e+01 1.635000501335129863e-01
8.738244514324514101e-02 2.127742465848500922e-02 5.616534053198502363e+01 1.678819014554313316e-01
8.586924835414566637e-02 1.987289074970751898e-02 5.951775026035689109e+01 1.712395578822829556e-01
9.170043826892172734e-02 1.659749173387868593e-02 6.731633447983199403e+01 1.688097695437918710e-01
9.497288980745559328e-02 1.622923371158551883e-02 6.644511858672966298e+01 1.615801839713843779e-01
1.035836115226118348e-01 1.621230358217522205e-02 6.520143493470436624e+01 1.671976592548360674e-01
9.144699520868670994e-02 1.519826963478089488e-02 6.027002003585189982e+01 1.677557533314948668e-01
1.008382183852591235e-01 1.648765500968754974e-02 6.398136558607296109e+01 1.676553023830552325e-01
9.660181804682170525e-02 1.600613479729284805e-02 5.811669679934035315e+01 1.520808320898214827e-01
1.031939847299893631e-01 1.485599877676564012e-02 6.197458022608610406e+01 1.446080369368156482e-01
9.164856367267693038e-02 1.595585924322634810e-02 6.815632741818018303e+01 1.594565776104333865e-01
9.331979664533493479e-02 1.396154197403364980e-02 5.981636798651983611e+01 1.469613701235891745e-01
9.154788887276134324e-02 1.573473028375920596e-02 6.336209473715935303e+01 1.472072082493242340e-01
1.018544286876338634e-01 1.477574627733155808e-02 6.507115621254671112e+01 1.531032576740408435e-01
9.971755775675274214e-02 1.738452717300456932e-02 5.953393818656915215e+01 1.407338917681035528e-01
9.494999665800786526e-02 1.437312622471394186e-02 5.869284543644415209e+01 1.603563736192547551e-01
9.892792759804885927e-02 1.537343913901868461e-02 5.829150179934846676e+01 1.470257966578430997e-01
1.083949053247639932e-01 1.593593416504953536e-02 4.673300943291510379e+01 1.720445250383789149e-01
9.516004976649075631e-02 1.661287911538582643e-02 4.060635956713429096e+01 1.810388254847218603e-01
1.113129288486944674e-01 1.524863655567100691e-02 4.662350777995039408e+01 1.537387351933092450e-01
9.847523103936001165e-02 1.470694584353716104e-02 4.218611123240435745e+01 1.666036519358290169e-01
9.351713843747057331e-02 1.538471578980159411e-02 4.287549049539306623e+01 1.841919713302499484e-01
9.902505156566202005e-02 1.528981056294713252e-02 4.085485620078091529e+01 1.729469638712127777e-01
9.999908242148070059e-02 1.454826418371033339e-02 4.203884972226411776e+01 1.639331201734767762e-01
9.833251797426303953e-02 1.599197277077716792e-02 3.695602940333476738e+01 1.659842646907740693e-01
9.304760961778821282e-02 1.652808201076706035e-02 3.922621096153917364e+01 1.639184920151703362e-01
9.908713196335937334e-02 1.637695139695801577e-02 3.828153492812796088e+01 1.626087138788033515e-01
1.064095299803710926e-01 1.506901185590071510e-02 4.099545587761053866e+01 1.577297399571513659e-01
9.148078340011728260e-02 1.542454009029162014e-02 3.761351732400728309e+01 1.638296512313951181e-01
9.579480008002431990e-02 1.543839849833571719e-02 4.392546329813333017e+01 1.718655259506006172e-01
1.138242225849685069e-01 1.357209293735890665e-02 4.168835900218707025e+01 1.671402914934116135e-01
9.719674132467566452e-02 1.431603636461094634e-02 4.114160412747187223e+01 1.564526542219901173e-01
9.980045446780849705e-02 1.766148338854768921e-02 2.964938678516550041e+01 1.717449777020916279e-01
9.777187138824000590e-02 2.046188874153933093e-02 2.809348551587167364e+01 1.803890068020609916e-01
1.040912045844055722e-01 1.973942984966051833e-02 2.414368258064763140e+01 1.872142993431485103e-01
1.019015725942265527e-01 1.800131114547345867e-02 2.547062575176866162e+01 1.881640014361242452e-01
1.158749532076500388e-01 1.691338748636692091e-02 2.215591988547574331e+01 1.699820924594945548e-01
1.021404405771958457e-01 1.519085688072474918e-02 2.796534731478766744e+01 1.708409687485245021e-01
1.080763252886342007e-01 1.545672417916674722e-02 2.600246867948435181e+01 1.842066452904949081e-01
9.326028124126685415e-02 1.661936724306236832e-02 2.653157821356260726e+01 1.770537469024402455e-01
1.096264727699376162e-01 1.700221921584996534e-02 2.712592845031025135e+01 1.904435133969083205e-01
1.007844824040798198e-01 1.621502783221465474e-02 2.464306956697754813e+01 1.745665977029503269e-01
1.037767613973382685e-01 1.668495140749977346e-02 2.519745811325648077e+01 1.813214106831982642e-01
9.449742716752834726e-02 1.570187245440304510e-02 2.524949815398220210e+01 1.920001287687423952e-01
9.416412499477359865e-02 1.602068622977879594e-02 2.190807070194311379e+01 1.858807955800691192e-01
1.010216084719123691e-01 1.449363862967051157e-02 2.680279059436914935e+01 1.777575506271604489e-01
1.136439366139663926e-01 1.442077957841433195e-02 2.844798621744979528e+01 1.923463776058148000e-01
1.012694422803806921e-01 1.605018709210657632e-02 2.612060653899055040e+01 1.842167567396321981e-01
9.235522574097669579e-02 1.531969291565255138e-02 2.394410066895660449e+01 1.858691892459796713e-01
1.068606947175336358e-01 1.538359579800891754e-02 2.214687263161276576e+01 1.717916171403943704e-01
9.612037821664952408e-02 1.452082850450218433e-02 2.186845574350026311e+01 1.774614789717025021e-01
1.041597403541789507e-01 1.558600175678320071e-02 2.470017304674418313e+01 1.788110417479439052e-01
1.012573937694934006e-01 1.432093818995460593e-02 2.212748736151077367e+01 1.704882818712302739e-01
9.823084790279672240e-02 1.393944425900695006e-02 2.280814584604031481e+01 1.857427058101180362e-01
1.043038630097406771e-01 1.506864237417479199e-02 2.283489496723105461e+01 1.894796817717947501e-01
1.116049671325211462e-01 1.387978110398992160e-02 2.402440123846434261e+01 1.853108781176497077e-01
9.612373134690657683e-02 1.476839228257265622e-02 2.459889248819478524e+01 1.769078745573902378e-01
9.918500102434517351e-02 1.824710491652391242e-02 1.778032043204174784e+01 1.834180524631567055e-01
1.149206436832104355e-01 1.625303947399885443e-02 1.763871340701304646e+01 1.805525572695483305e-01
1.055172218014886337e-01 1.596060319795804608e-02 1.801786070584737587e+01 1.864449782756259777e-01
9.516485039030737891e-02 1.724880364583370601e-02 1.817183586633289849e+01 1.816552112400542096e-01
1.007756260569831613e-01 1.578837290412938091e-02 1.618603674286377725e+01 1.956816781380242287e-01
8.956511127632189873e-02 1.500922212529481013e-02 1.749536290625958301e+01 1.766716381319293205e-01
9.353795118132877950e-02 1.596039922655898002e-02 1.767337219304408436e+01 1.733799757868729197e-01
9.764947622708905484e-02 1.661142342879725134e-02 1.754423919452637648e+01 1.913508880348369634e-01
1.059787330652066512e-01 1.638023743696375226e-02 1.853567983231205218e+01 1.651312201151306502e-01
1.024006971363351087e-01 1.729612461207219454e-02 1.714179531138685419e+01 1.700610808766368776e-01
1.045549216429664113e-01 1.552618076377580703e-02 1.769629666538390822e+01 1.758849166247882512e-01
1.021054641263348384e-01 1.647052999658815339e-02 1.839168790346169757e+01 1.811241768548906839e-01
9.944250872209435543e-02 1.361201255181712123e-02 1.736949490223488013e+01 1.843827887015680733e-01
1.082638520898361739e-01 1.733845921478704977e-02 1.832435749378084822e+01 1.878734010970927459e-01
9.670293757168881010e-02 1.582193383662499481e-02 1.715897946926616413e+01 1.677340669034347864e-01
1.144831569229265572e-01 1.624931955624280694e-02 1.735659700559449448e+01 1.805234226539386144e-01
9.852319940593852465e-02 1.544469926885982079e-02 1.703479019851768328e+01 1.825187376386900873e-01
9.244768371999921575e-02 1.505697286283784637e-02 1.780239093962211072e+01 1.924288943342552516e-01
1.003802777274901831e-01 1.416463738954665437e-02 1.748977020440731778e+01 1.621735583511187406e-01
9.584830688890765005e-02 1.504543744203973472e-02 1.596567376893663770e+01 1.763783280105731543e-01
1.016029597448499661e-01 1.604636590178440056e-02 1.721824952946557019e+01 1.831918772365081771e-01
9.875155433228446911e-02 1.645960074454770258e-02 1.676956998301056956e+01 1.790054451668078306e-01
9.836356037076403325e-02 1.529410603480904282e-02 1.889378889533921324e+01 1.833169042026420725e-01
9.732770350023547956e-02 1.678277822268502834e-02 1.622466434311121475e+01 1.745827103080525855e-01
9.675310687550309208e-02 1.480266679715647182e-02 1.598660172146064973e+01 1.886264554391321457e-01
1.024613414454325633e-01 1.517702643381186461e-02 1.789013656264235408e+01 1.725922370656564064e-01
1.011999767564414204e-01 1.819506983143573745e-02 1.587938906382744442e+01 1.931687009202618932e-01
9.025020200941424875e-02 1.632467447681980321e-02 1.488530556442812269e+01 1.924950081063791507e-01
1.086037892718760001e-01 1.880193164096029962e-02 1.468387970568168654e+01 1.817963784037668895e-01
1.031231356222536144e-01 1.838676831309557502e-02 1.424337935905638020e+01 1.877734911585068334e-01
1.062241098440971504e-01 1.855433742310457629e-02 1.393364008117778674e+01 1.781707716350253157e-01
9.531346306612191455e-02 1.737674993120706668e-02 1.472132949891891585e+01 1.927005444693127845e-01
1.007473973212208024e-01 1.596216602577646415e-02 1.542678286064180959e+01 1.699206474268907252e-01
1.025838945160389426e-01 1.733906380029174785e-02 1.562800459731259650e+01 1.839144011080922070e-01
1.022626779997126978e-01 1.652300560872114327e-02 1.413251293886765225e+01 1.886122647594789814e-01
9.609274991427234347e-02 1.969448476475748819e-02 1.658364717376877806e+01 1.786119120290231843e-01
1.196283006643690111e-01 1.819160015814233824e-02 1.428473956831529179e+01 1.908090019343351151e-01
9.514718978622380141e-02 1.687061791241999814e-02 1.419283976351237975e+01 1.743676198769937846e-01
9.904486873556027360e-02 1.677305568193485086e-02 1.378110943514506026e+01 1.955127203423126236e-01
1.100723656667084993e-01 1.693638141106600103e-02 1.303782323780897734e+01 1.771863555107705546e-01
1.009375317598616290e-01 1.625781678193835567e-02 1.434097424086888672e+01 2.041778491285865249e-01
1.006593273647630044e-01 1.715628632824503855e-02 1.421888292022493161e+01 1.882824444737330738e-01
1.117565239925555065e-01 1.752866136403299913e-02 1.562188303685318225e+01 2.054675892784151858e-01
9.757412418090977146e-02 1.677655876579473362e-02 1.360542217137638232e+01 1.917019738827714093e-01
1.046680025419716165e-01 1.605913721866989233e-02 1.347118835240408252e+01 1.882108931861281587e-01
9.889643695847741278e-02 1.802149458613279409e-02 1.146983217806417876e+01 1.879918570725382376e-01
9.927765737270898005e-02 1.726262433734136736e-02 1.215284381083164789e+01 1.968242181375070010e-01
1.000834980315306044e-01 1.678112824556528271e-02 1.300724082641518997e+01 1.941631720763067059e-01
9.648240072935566902e-02 1.742191274716142768e-02 1.361677097400914249e+01 1.959421946958909977e-01
9.923898198474281895e-02 1.544263928735453012e-02 1.286592156204030779e+01 2.026205832103741833e-01
9.886700170857454228e-02 1.708094607502541606e-02 1.339143348204641093e+01 1.776367014679995360e-01
1.010239029925293630e-01 1.600816885731841388e-02 1.246302177649732279e+01 1.858586266165852263e-01
9.905542385667388816e-02 1.793194410050942891e-02 1.365476893826999749e+01 2.052849943831598079e-01
9.723973144574774019e-02 1.668518582117795024e-02 1.266420596990661807e+01 1.938179912969220930e-01
1.001694558217562647e-01 1.636117819818483365e-02 1.330458367887544924e+01 1.778557529638405410e-01
9.335645652608212663e-02 1.718110873278182876e-02 1.242506936267151119e+01 1.911591983916930693e-01
1.039679931541292734e-01 1.579037042205365740e-02 1.135281015412488870e+01 1.822738824859495010e-01
1.086651874413302882e-01 1.773506449023927803e-02 1.288621838504682593e+01 1.967105234769474797e-01
1.043269121960254120e-01 1.558337303658959352e-02 1.245280985076390046e+01 1.828710951014712038e-01
1.027534275960616111e-01 1.678349234525077643e-02 1.248757093054918421e+01 1.801985284031978607e-01
1.091546402453465736e-01 1.816332232833404656e-02 1.298242720750366352e+01 1.879051688980821200e-01
1.010635832788925881e-01 1.646404047326909328e-02 1.248114409431950378e+01 1.816416143295583041e-01
9.582557425552888641e-02 1.763355587123176596e-02 1.101270976424270920e+01 2.009455636198981543e-01
9.859201007546325446e-02 1.683469458937129209e-02 9.790351453011314931e+00 2.060092225883001227e-01
9.781687767789350174e-02 1.577434252907434359e-02 1.056810257892611027e+01 2.001931908503426505e-01
1.009487470866543557e-01 1.696125804828350556e-02 9.754040373944523168e+00 1.890043306153317559e-01
1.072507341235521966e-01 1.897394347132632525e-02 8.775339739819992602e+00 2.118371920314220669e-01
1.000003559367083211e-01 1.724642507175253026e-02 9.286438826020257054e+00 2.087272849010897435e-01
1.073958905583065476e-01 1.798906785388157403e-02 8.400171153547683289e+00 2.106787406218880443e-01
1.018128242067048300e-01 1.763279151496062458e-02 5.924447372574825899e+00 1.941632054374041461e-01
1.088926546183375949e-01 1.975917100986715469e-02 5.716393713108978147e+00 1.844453732844592297e-01
1.033243530349235995e-01 1.796683689314612642e-02 6.413503150704241484e+00 1.840454616842305546e-01
1.000636071252736098e-01 2.014028642316829237e-02 5.744600213654353915e+00 2.021892940615706014e-01
1.063846894788227221e-01 1.893208550683897831e-02 5.318192720277981067e+00 2.095813562227468729e-01
9.352959538688565555e-02 1.783799878893420690e-02 5.742624309640128821e+00 1.903676909271424245e-01
1.010927123828266605e-01 2.030138656084933338e-02 3.929732659344803203e+00 2.055980851836053391e-01
9.628004452617736075e-02 2.333299363762961903e-02 2.512265038084330548e+00 1.967345087026933503e-01
1.038501656477426593e-01 2.457996890007417556e-02 1.690757829754972352e+00 2.052313046894779225e-01
8.804378201219273392e-02 2.758838432795712378e-02 7.761579642887709296e-01 2.053067061974074292e-01
8.414553413941974758e-02 2.933577588587730697e-02 7.469330799907377694e-01 2.191329364558865234e-01
1.020996000578387186e-01 2.491947007281169676e-02 4.939110038900652588e-01 2.159977774802873951e-01
9.392378070753749919e-02 2.587775345871914240e-02 4.910358049315121098e-01 2.178701181485534211e-01
9.436267579910544157e-02 2.534797196984492351e-02 5.170230575946619389e-01 2.196524662482335077e-01
8.837322767697117221e-02 2.650127208668060994e-02 4.001039799591361024e-01 2.200262602108709054e-01
9.549772311150631077e-02 2.779500555720881144e-02 2.090446920940314257e-01 2.286465806587633376e-01
9.101076262554508300e-02 2.613375498117306503e-02 2.042917225884734456e-01 2.211258852210566395e-01
8.219240207022399103e-02 2.796147086203636806e-02 2.090744097158981074e-01 2.313236317049705004e-01
8.913121078219887750e-02 2.817629821017610114e-02 1.542074764256389230e-01 2.174093080181411231e-01
9.536620095500217276e-02 2.680291196110007323e-02 1.717284075551422373e-01 2.217472296042655722e-01
8.904617490695170001e-02 2.417410455379712456e-02 1.603064321813868209e-01 2.233574373760239817e-01
9.010006179096168022e-02 2.534299928998849302e-02 1.633114848676883446e-01 2.390926928845706623e-01
8.522573893202360640e-02 2.749442562664529410e-02 1.458724401321627451e-01 2.142890924072061720e-01
8.856926829037739535e-02 2.691568545163116472e-02 1.539798467532907389e-01 2.361516909484491222e-01
9.538201007317108349e-02 2.375405933228996042e-02 1.588056537575650851e-01 2.255296413264239741e-01
8.181341036886567719e-02 2.641414951398086269e-02 1.446156244751582443e-01 2.382278469151365707e-01
8.610415705908802675e-02 2.307035974809629186e-02 1.554183035703141924e-01 2.511647560908239485e-01
8.847551326628171064e-02 2.688635031282602533e-02 1.438388487704848340e-01 2.274608077835118813e-01
8.789979617315339666e-02 2.739082114004060681e-02 1.514548464520889814e-01 2.133573373424267061e-01
8.513543676224262502e-02 2.292879142962592903e-02 1.540476866396706945e-01 2.405059278261851563e-01
8.576803972725453862e-02 2.363648089852178613e-02 1.435840817041863782e-01 2.234209829230467959e-01
8.764555064658496875e-02 2.460843515481374311e-02 1.454549693435491509e-01 2.367335553174118312e-01
9.278330211960313101e-02 2.555345125800486880e-02 1.596243353081655547e-01 2.147451435508999085e-01
9.922471878045532878e-02 2.232152082169954616e-02 1.515181628998015506e-01 2.363426255749173366e-01
8.602355869893969775e-02 2.325672618172428679e-02 1.471983725389104380e-01 2.521457851420761398e-01
9.283029361862113471e-02 2.621350219058631720e-02 1.629045173106996036e-01 2.455155920853698270e-01
8.630990663543203212e-02 2.381808649172563810e-02 1.415855298804382933e-01 2.215840540551810567e-01
8.253254923180766700e-02 2.465993456376258663e-02 1.621243536246461392e-01 2.620512564329870453e-01
9.024346492849237567e-02 2.516144610406152726e-02 1.575342986592696559e-01 2.425492461108021414e-01
8.933559403713429992e-02 2.496216820352575513e-02 1.547934864754429707e-01 2.369673203207544321e-01
8.775844394437838647e-02 2.745450439827248554e-02 1.661654273802316284e-01 2.455367390264938110e-01
9.340292991023321778e-02 2.286522820196192421e-02 1.395395136369886047e-01 2.280133249693103437e-01
9.559273651195766830e-02 2.425879730156211070e-02 1.550369948424358268e-01 2.545778349714525879e-01
8.540698791391528044e-02 2.510580391737990066e-02 1.445834167685101090e-01 2.429147312902777411e-01
9.047308962009338595e-02 2.463920688852915680e-02 1.687632611592740639e-01 2.267980823142656810e-01
8.083861906688832866e-02 2.402618526247904396e-02 1.440639295728692870e-01 2.435266126293758049e-01
8.943844044070003996e-02 2.418242265533306762e-02 1.442382083596390474e-01 2.468664265138509617e-01
8.898160105903392403e-02 2.459665412712122926e-02 1.620808667653035884e-01 2.299672036893772031e-01
9.650655191810782185e-02 2.438122254237352557e-02 1.487676251406659100e-01 2.422726753466781791e-01
8.636811149791009945e-02 2.150389240055963769e-02 1.440712522528912742e-01 2.232659023005101884e-01
9.566797505369580013e-02 2.401274286100227306e-02 1.446540502151515140e-01 2.527686434080548827e-01
9.335018430318667293e-02 2.561451010575468284e-02 1.372434601858999736e-01 2.211620574731351097e-01
8.724341727265742807e-02 2.418111388892829616e-02 1.548580630920002588e-01 2.437390811905541521e-01
8.277417819143344235e-02 2.286350308627873792e-02 1.498369092712417416e-01 2.194324771687856668e-01
9.105144838474307778e-02 2.705460761371212761e-02 1.482768391470886127e-01 2.360195713718849231e-01
8.762613695343941800e-02 2.197994951219663096e-02 1.513033869945683840e-01 2.263567175738334103e-01
9.905859881281867119e-02 2.568029492747823245e-02 1.566597911609797500e-01 2.399568632376624377e-01
9.574083983228522110e-02 2.477491766515872024e-02 1.465824606800034957e-01 2.406467706208423041e-01
8.298788910718084277e-02 2.468971084048461606e-02 1.485055409642938307e-01 2.323032517469988956e-01
9.485198664695412840e-02 2.465660574868513630e-02 1.471047794094490768e-01 2.440353987426378823e-01
8.600505407497809063e-02 2.319153777695751040e-02 1.526859919278225897e-01 2.336068350317042353e-01
8.603138207182177422e-02 2.243441855501615914e-02 1.459757190366070823e-01 2.215468378347175693e-01
9.453190299458540113e-02 2.197314385872714548e-02 1.433197284286479578e-01 2.610607049097194432e-01
8.767329369468203348e-02 2.539938660195458636e-02 1.584937870291535378e-01 2.172069488991260344e-01
9.184585104914688714e-02 2.239617228588751396e-02 1.512443661737643830e-01 2.197033615615459623e-01
9.464181804696930600e-02 2.433434429390859619e-02 1.408512991985645113e-01 2.320006751496347108e-01
8.454407519636837620e-02 2.495688524087830498e-02 1.538537015094541549e-01 2.441329734890161918e-01
1.008613162503485400e-01 2.591064040603733437e-02 1.537519639459996590e-01 2.464896931713599915e-01
8.714718020460854309e-02 2.361659718050369838e-02 1.508997236591503588e-01 2.241464294641414556e-01
8.749989021303948566e-02 2.252051312465593383e-02 1.483872027709725316e-01 2.207952241398242199e-01
9.497411088010455915e-02 2.474596506501094972e-02 1.566963505414911417e-01 2.467613978181469325e-01
9.437288893289355607e-02 2.747673621029741650e-02 1.463067687268323203e-01 2.391581747169982675e-01
8.205684647155793432e-02 2.217161121054626871e-02 1.472990037972456701e-01 2.397983076830494664e-01
9.343541916680118964e-02 2.485230654193372121e-02 1.485130049963516163e-01 2.099288028094360159e-01
9.054382845592831575e-02 2.507927205274543270e-02 1.510061824371501937e-01 2.255286953097981328e-01
9.249041340466733485e-02 2.525141263479464826e-02 1.504597373070537814e-01 2.189137744280755526e-01
8.528234344318554039e-02 2.531013502297251722e-02 1.649060591624504080e-01 2.308533381304064547e-01
9.311809656797602475e-02 2.477652070419587502e-02 1.509472977191508303e-01 2.423617576848685062e-01
9.400743913573852972e-02 2.610080417328480840e-02 1.568074241272814917e-01 2.359113902676271135e-01
8.849359450148155948e-02 2.321778456805528162e-02 1.404222769236262713e-01 2.209178177994735592e-01
9.035820251796627955e-02 2.368597577175248284e-02 1.545989192995403938e-01 2.141554989205564918e-01
9.175636192886831022e-02 2.350146615938891390e-02 1.408832599615272019e-01 2.414502581639368373e-01
9.701259764611856740e-02 2.256625825617889283e-02 1.376298617440515903e-01 2.487333549739864924e-01
9.795015696394528126e-02 2.716334453845024866e-02 1.393327776906649051e-01 2.238532442207129269e-01
8.384371528331939494e-02 2.313973525977541801e-02 1.521025136017009616e-01 2.334967987126881361e-01
8.227654974310093239e-02 2.363952511016248481e-02 1.493842558634874695e-01 2.258217939020414067e-01
8.736848326149680710e-02 2.633706403523457251e-02 1.501664343887071373e-01 2.439038678367625446e-01
9.040634976603298401e-02 2.441483917542431811e-02 1.617524835485858736e-01 2.432721411507314246e-01
8.784759879632719759e-02 2.537833238473348810e-02 1.333262962509361438e-01 2.431001038282258886e-01
7.908778142539200917e-02 2.513948134748904967e-02 1.546647233574049707e-01 2.160139197582501558e-01
8.375941661853954223e-02 2.317597491221139172e-02 1.501233433820958196e-01 2.489085337466965808e-01
8.647231961052076477e-02 2.382545558898463423e-02 1.479192764970236329e-01 2.194427709253828906e-01
8.801580405589772005e-02 2.361909750823918894e-02 1.605677527334933574e-01 2.397940018457786482e-01
9.137434174137137877e-02 2.475954631222921851e-02 1.585968747362246078e-01 2.424428102792890172e-01
8.240494562951793112e-02 2.591005923915904938e-02 1.563084122033840118e-01 2.400329223603840101e-01
7.991526234285467600e-02 2.408711772318944400e-02 1.562995215902607538e-01 2.334758435794312970e-01
8.726815923913039397e-02 2.639112265251536069e-02 1.549802199227725552e-01 2.622421951505428117e-01
9.622898237110742714e-02 2.445789752588418270e-02 1.507615793972865714e-01 2.518390958861975726e-01
8.818493393380767709e-02 2.117387963966132006e-02 1.619060815465851733e-01 2.281178279143800947e-01
9.177285226884099312e-02 2.399091627816480124e-02 1.494008040194876596e-01 2.499343436351776637e-01
9.519479442386315216e-02 2.462452590971177246e-02 1.485016823337506620e-01 2.338163635243656613e-01
8.260856106162677015e-02 2.417461872296047115e-02 1.411091896855450056e-01 2.439286656379923424e-01
8.433463185766659764e-02 2.701151564709123806e-02 1.514096291398932814e-01 2.422107941461937586e-01
8.124407556821533483e-02 2.660705072291784379e-02 1.430310898558407873e-01 2.401346678453860628e-01
8.951460500541931486e-02 2.360149162076177060e-02 1.608925870676154446e-01 2.342947750425892206e-01
8.346268005348007890e-02 2.451160516804455625e-02 1.426910399960341358e-01 2.358486944832881294e-01
8.627371571418214480e-02 2.508668556826735771e-02 1.502440859235309734e-01 2.536744406863276624e-01
9.237256497760468199e-02 2.443251798818235274e-02 1.368697381431637772e-01 2.510450078222181136e-01
8.897590271392130656e-02 2.381754253477939148e-02 1.549972923716266826e-01 2.141185650210631619e-01
8.001497774604639235e-02 2.388784012096549156e-02 1.500513028430747742e-01 2.538038166389985917e-01
9.367671615114028794e-02 2.445087770550710346e-02 1.377654138800430694e-01 2.311918614109774173e-01
8.633561946101980800e-02 2.352414770307454522e-02 1.555400290758466586e-01 2.365429664982016955e-01
9.724908495136565245e-02 2.383631428871777619e-02 1.502822189692534227e-01 2.367230747650951872e-01
9.052423681310380055e-02 2.378923860895785364e-02 1.571417967036970731e-01 2.242993654322453789e-01
9.219947073419594574e-02 2.456322676977292299e-02 1.515526615467782112e-01 2.261353049393234338e-01
1.001802291258272748e-01 2.630360478365669288e-02 1.463844039656188867e-01 2.379571572934320034e-01
8.505714557806527687e-02 2.458110823772848008e-02 1.635799585947596835e-01 2.226603580898209034e-01
9.268717787041426404e-02 2.531290805697111040e-02 1.760642403677493972e-01 2.400525116232243295e-01
8.434543817794479259e-02 2.555907967626005681e-02 1.470628588622597543e-01 2.341769586000309877e-01
8.601078108714702020e-02 2.369070023274141151e-02 1.516838956632905189e-01 2.161197245386457244e-01
8.961245538831290325e-02 2.309458781725827123e-02 1.644849378179186750e-01 2.333481117377425584e-01
8.882063879959704866e-02 2.515693764625174730e-02 1.505705566093785697e-01 2.425519160240440508e-01
9.646671276883431179e-02 2.397417537902902032e-02 1.551783887608278456e-01 2.534356588083310768e-01
9.379548399129665481e-02 2.324756250935602550e-02 1.396841336523906019e-01 2.152784704993397913e-01
8.203925208362056187e-02 2.586352986636646784e-02 1.562205234042939039e-01 2.665700239765493862e-01
9.272370947199376490e-02 2.444025320707339868e-02 1.506660140089756128e-01 2.621829312153931002e-01
9.065041366199035056e-02 2.429234782802423484e-02 1.551374138745629239e-01 2.344374044916422151e-01
9.021867119710312577e-02 2.429939910589279731e-02 1.480561447442777789e-01 2.503154617210797128e-01
9.180805160364574613e-02 2.150794540694603643e-02 1.417353311020159434e-01 2.183960589130883034e-01
8.107802514052143972e-02 2.547634489722416448e-02 1.435204464786211942e-01 2.435568190859882798e-01
8.590322781602395541e-02 2.281159993446984710e-02 1.400434363087646739e-01 2.372460095104553246e-01
8.692247118258823735e-02 2.548393603386317138e-02 1.513640196649514436e-01 2.372546936466941592e-01
8.583089512685106170e-02 2.488986087816779172e-02 1.527393792050390497e-01 2.504676071711808283e-01
9.319590713638058188e-02 2.468267473669513018e-02 1.467667016674962244e-01 2.532857915333093235e-01
8.374382128782023593e-02 2.294270085743231949e-02 1.511722300940567254e-01 2.176425073275837230e-01
8.285553676475343465e-02 2.426456006060040416e-02 1.465897258474991027e-01 2.311209075078955177e-01
9.060984682583597682e-02 2.351516242838950707e-02 1.590954056207041778e-01 2.333371976047999286e-01
8.540679313380633575e-02 2.440632100552443673e-02 1.508212173202949369e-01 2.175281719916435930e-01
8.249087889402507978e-02 2.430652229901944864e-02 1.528641088980996487e-01 2.384901212574530860e-01
8.225886794798673018e-02 2.642471221347920604e-02 1.453008387858225892e-01 2.246137721783844077e-01
8.843002264383453825e-02 2.547373415129496749e-02 1.540097840590959333e-01 2.503601930186072355e-01
9.550137523147787799e-02 2.495093235413556321e-02 1.516679248003772740e-01 2.345661736394528407e-01
9.443906647613896366e-02 2.556835403776136842e-02 1.476958247964147708e-01 2.445800814507193555e-01
8.528001349092492744e-02 2.278862432737391308e-02 1.612282999258063398e-01 2.463774619705309532e-01
8.647484971905645967e-02 2.711043186160314380e-02 1.375697016997291799e-01 2.308839280807022110e-01
8.672253484363068310e-02 2.653327133785974776e-02 1.420232091456766210e-01 2.372009021018203490e-01
8.133822861178167940e-02 2.285401098716017057e-02 1.453909118222430075e-01 2.526997303361493419e-01
9.051190665692518400e-02 2.404204916964312530e-02 1.399782521727780948e-01 2.434977749526064383e-01
8.680876172227626475e-02 2.604468679626939509e-02 1.380624456059024729e-01 2.157850091367291279e-01
9.163008549012172099e-02 2.367215639235721591e-02 1.415830310450473806e-01 2.255862832349745939e-01
8.345936832542232009e-02 2.409016138719154848e-02 1.379507790575047743e-01 2.347737194947930039e-01
8.564114392553917599e-02 2.637722849734532721e-02 1.513859493339066997e-01 2.486743290050922317e-01
8.726863629903498787e-02 2.462177185071339619e-02 1.543195700544517657e-01 2.276352253861841646e-01
8.315243393675639250e-02 2.225467168809163593e-02 1.397288388063776532e-01 2.382667932219379725e-01
8.451682734903248617e-02 2.614612718380087200e-02 1.571264107832869572e-01 2.423652677493314811e-01
8.320815106570744746e-02 2.347194551202844148e-02 1.369188407414159425e-01 2.496285900670815183e-01
8.492268053995831456e-02 2.332402179076788554e-02 1.386642737624886046e-01 2.267884835606364669e-01
8.395420221068662647e-02 2.368815730951186888e-02 1.438116990304072473e-01 2.283713802263944437e-01
8.955054618264379762e-02 2.638828292568307782e-02 1.592125751254121757e-01 2.392009804580262355e-01
8.245535908002891989e-02 2.487324910237496273e-02 1.608109702257802531e-01 2.243066562822020049e-01
1.002076618711505579e-01 2.337222075034789057e-02 1.596932889188442672e-01 2.356257364230555373e-01
1.024239512022664111e-01 2.303735752791114325e-02 1.530382942122181789e-01 2.452462212835298527e-01
8.891930110924139985e-02 2.318504549874520274e-02 1.303985016428057253e-01 2.386373162007842108e-01
8.954429499396593384e-02 2.704892908586833608e-02 1.546374190358008327e-01 2.274192851592996556e-01
9.306778666862065841e-02 2.708755924592860451e-02 1.558903728450318216e-01 2.462426832923441944e-01
8.218230314764839173e-02 2.494439626193267756e-02 1.540630945459135481e-01 2.275956752098236835e-01
8.583871195192205317e-02 2.370277836970088522e-02 1.550146286576648547e-01 2.467497344673894311e-01
8.840562721102060428e-02 2.400150880374189721e-02 1.472441271383500561e-01 2.394822643300628384e-01
7.980023958352643054e-02 2.458156817653535040e-02 1.525720496321215647e-01 2.273284762925575631e-01
9.356155610253381882e-02 2.544812505374248468e-02 1.506731647921226991e-01 2.258363262490916124e-01
8.553461946585801112e-02 2.387222250389534409e-02 1.613170473177491238e-01 2.446782380190311579e-01
8.914021758753574998e-02 2.354354161285506300e-02 1.432937740260829818e-01 2.378709770194593620e-01
9.020829522345645557e-02 2.441645439000805079e-02 1.395908062482890677e-01 2.060427924557466650e-01
8.453595572793605462e-02 2.505848200640918566e-02 1.573052273316649652e-01 2.194003202152285392e-01
9.100967270275923948e-02 2.519521654505937555e-02 1.457647252465655019e-01 2.678432174924581521e-01
9.050073744963373079e-02 2.470231038773358992e-02 1.487708290931776811e-01 2.484088483608091757e-01
9.333822725854176716e-02 2.579401756671824419e-02 1.544740533700254548e-01 2.334577487984745847e-01
8.289530154890453750e-02 2.442538013777137071e-02 1.580911598402031382e-01 2.318326790937321469e-01
8.808565080544353276e-02 2.503982339067354138e-02 1.400326992333138232e-01 2.413628542762907281e-01
8.557357347942882997e-02 2.680972937144806764e-02 1.391010817415287149e-01 2.484546316142757227e-01
8.503124809537655759e-02 2.280567571938584351e-02 1.459714188896052978e-01 2.262720286934833402e-01
9.325250509464846904e-02 2.585523267711003700e-02 1.526059981642898522e-01 2.263314748926974762e-01
7.967623172817990540e-02 2.184212578981457528e-02 1.354123749359413542e-01 2.376375955399168127e-01
8.734095646605745389e-02 2.249780376455412859e-02 1.315609809407121966e-01 2.346559019518941469e-01
8.598282269982890358e-02 2.339534270953227621e-02 1.456605734010428255e-01 2.474533761023734180e-01
9.000970937768819347e-02 2.259818481925473035e-02 1.512142988247200948e-01 2.320571677153542012e-01
8.402526893642869865e-02 2.657605360779367529e-02 1.529180008786010514e-01 2.541645117691474498e-01
8.808722913050798242e-02 2.603784446013190229e-02 1.571591473775061643e-01 2.204074155712195948e-01
8.742906166276773194e-02 2.453846889942267948e-02 1.448462726134114864e-01 2.322542043057170269e-01
8.941207747104205905e-02 2.408745591742250669e-02 1.646319265172419555e-01 2.155957564152232997e-01
9.198253475666255674e-02 2.578714525608032104e-02 1.525572245820935868e-01 2.239536437153608062e-01
8.201098476655749314e-02 2.557973664445897799e-02 1.573456087434361161e-01 2.752654221830908021e-01
8.351077798176002875e-02 2.303469608775921690e-02 1.402174156256017767e-01 2.317964911206258360e-01
9.394719058931123856e-02 2.572415550372293691e-02 1.576379166673831655e-01 2.397858116945775497e-01
7.808462255390907769e-02 2.089387436513623353e-02 1.496660544128098624e-01 2.402773467604066016e-01
8.569930012957953369e-02 2.232882766849820025e-02 1.384758131419037142e-01 2.370036370806691550e-01
8.821553323580982875e-02 2.721607784679700229e-02 1.318768785197557691e-01 2.321249685898840176e-01
9.757671361275051247e-02 2.664762537284104740e-02 1.458403499061569908e-01 2.347019518840863239e-01
9.607021036384628954e-02 2.511150926143672357e-02 1.336000869282130410e-01 2.515722808553098599e-01
9.514136689621306708e-02 2.669904576948009534e-02 1.488143336008847240e-01 2.194611503263850794e-01
8.976861367199917563e-02 2.567576182794104392e-02 1.520919904889285190e-01 2.375128826210828326e-01
9.404206467249874579e-02 2.508212297467263610e-02 1.448736396946951610e-01 2.352041135880787726e-01
8.932107268732751570e-02 2.337119041844405373e-02 1.454931909948743995e-01 2.527938080034817792e-01
9.671916548167505678e-02 2.356766892874107011e-02 1.434250974280708024e-01 2.555485166761280458e-01
8.353982383400811174e-02 2.436971420674214836e-02 1.370146398606460203e-01 2.272379732767626503e-01
8.434755339306876376e-02 2.523012650556553937e-02 1.627807112859833705e-01 2.331020944205016432e-01
9.386752955118470021e-02 2.495849293049066941e-02 1.530010956781876486e-01 2.243934883460388663e-01
8.753247466488892070e-02 2.488286694832994583e-02 1.536463661076025999e-01 2.244698307179469055e-01
8.972135496569376423e-02 2.197801837970083175e-02 1.513327435050876302e-01 2.314296680620488156e-01
9.071024548859399350e-02 2.434691677731585374e-02 1.439183650371871626e-01 2.415873121708455307e-01
8.753591046568395817e-02 2.420101844908901373e-02 1.438408358277144250e-01 2.373381946812250787e-01
9.162735396960963730e-02 2.257528323352906569e-02 1.440488337093251137e-01 2.307948535136371548e-01
8.469761697057330563e-02 2.334640553426882079e-02 1.581244501836240601e-01 2.224765613955591026e-01
8.021202961372828066e-02 2.537273466576947523e-02 1.532670735676552598e-01 2.340567504042297686e-01
8.699245507522998522e-02 2.486247338554742337e-02 1.536057725723042056e-01 2.344595262506597722e-01
9.072854202259160450e-02 2.464183751433965050e-02 1.517236170445410981e-01 2.492110509129993878e-01
8.856860975350690224e-02 2.629770103859960587e-02 1.432979350612755276e-01 2.398474762476329736e-01
8.983908713247505673e-02 2.756821630831728098e-02 1.390122778872683318e-01 2.484732711878193390e-01
8.894220814622755267e-02 2.515512355034697431e-02 1.423998064483271153e-01 2.221403823898070173e-01
8.711829583025045010e-02 2.345038685846609350e-02 1.512381868209441982e-01 2.491590551592128000e-01
9.009187374303495588e-02 2.415276157969254919e-02 1.440587948243023386e-01 2.600561704010270758e-01
8.409069065182599167e-02 2.285925246596530458e-02 1.596680401722564147e-01 2.346373935060587224e-01
8.366406160369303791e-02 2.350682849583712528e-02 1.521196580069761883e-01 2.265886110950431076e-01
8.606074998049066671e-02 2.609820521347820665e-02 1.428151963327128071e-01 2.215234978066407956e-01
8.451753865244285291e-02 2.324151555429188054e-02 1.595580878619482224e-01 2.455310881369026366e-01
8.966421050369860479e-02 2.323730942129939234e-02 1.523509380064753671e-01 2.144774937891841260e-01
8.296509423659292892e-02 2.300813773302927759e-02 1.430840013226792051e-01 2.144679197763439960e-01
8.141589823233388867e-02 2.449558981623519219e-02 1.514526027055552448e-01 2.464645033231690485e-01
8.391183802275732628e-02 2.301955740023783892e-02 1.507351454563536641e-01 2.278898928672458413e-01
8.555660762453246027e-02 2.646238465161724132e-02 1.608179485269868314e-01 2.282034247754073097e-01
9.040403158309689990e-02 2.392279645811037567e-02 1.441858945513427859e-01 2.617624352319990466e-01
9.308492184380767753e-02 2.490154746850292700e-02 1.421984988401693295e-01 2.336509197383516145e-01
8.276266962438690034e-02 2.229654672888826267e-02 1.579909413604905777e-01 2.298484198964450276e-01
