1.942061535581404996e+02 4.877577687826778288e+02 5.774171453766474733e+05 2.897664095959591180e+01
1.538028008688294221e+02 4.808747597369773530e+02 5.625375371340530692e+05 2.871967651664945720e+01
1.246887751177000325e+02 4.496500195876066641e+02 5.106754271886855131e+05 3.171996412322177861e+01
1.246887751177000325e+02 4.496500195876066641e+02 5.106754271886855131e+05 3.171996412322177861e+01
1.226580818623122298e+02 4.493604697274212185e+02 5.010861569312461652e+05 3.106653428778118098e+01
1.243851340286551590e+02 4.506192764932111459e+02 4.966814365562390885e+05 2.997126513438486484e+01
1.243851340286551590e+02 4.506192764932111459e+02 4.966814365562390885e+05 2.997126513438486484e+01
1.243851340286551590e+02 4.506192764932111459e+02 4.966814365562390885e+05 2.997126513438486484e+01
1.243851340286551590e+02 4.506192764932111459e+02 4.966814365562390885e+05 2.997126513438486484e+01
1.243851340286551590e+02 4.506192764932111459e+02 4.966814365562390885e+05 2.997126513438486484e+01
1.235068192279920822e+02 4.522028663705891631e+02 4.962510552338113193e+05 2.982171270375613759e+01
1.235068192279920822e+02 4.522028663705891631e+02 4.962510552338113193e+05 2.982171270375613759e+01
9.726090832440007716e+01 3.929129893885705656e+02 4.518031237317353371e+05 3.499783367959592084e+01
8.930300193827233102e+01 3.742481177645032062e+02 4.527246579620834091e+05 3.602843891934821841e+01
8.165314709093478029e+01 3.483438858277354484e+02 4.432295434597164276e+05 3.806941451594599357e+01
8.165314709093478029e+01 3.483438858277354484e+02 4.432295434597164276e+05 3.806941451594599357e+01
8.165314709093478029e+01 3.483438858277354484e+02 4.432295434597164276e+05 3.806941451594599357e+01
7.065632077251211740e+01 3.737115007575713435e+02 4.284465752434378373e+05 3.831522518886934847e+01
7.065632077251211740e+01 3.737115007575713435e+02 4.284465752434378373e+05 3.831522518886934847e+01
7.065632077251211740e+01 3.737115007575713435e+02 4.284465752434378373e+05 3.831522518886934847e+01
7.065632077251211740e+01 3.737115007575713435e+02 4.284465752434378373e+05 3.831522518886934847e+01
7.065632077251211740e+01 3.737115007575713435e+02 4.284465752434378373e+05 3.831522518886934847e+01
7.065632077251211740e+01 3.737115007575713435e+02 4.284465752434378373e+05 3.831522518886934847e+01
7.065632077251211740e+01 3.737115007575713435e+02 4.284465752434378373e+05 3.831522518886934847e+01
7.065632077251211740e+01 3.737115007575713435e+02 4.284465752434378373e+05 3.831522518886934847e+01
6.728345779041767116e+01 3.647614831261140580e+02 3.944703872355474159e+05 3.968808119870772799e+01
6.728345779041767116e+01 3.647614831261140580e+02 3.944703872355474159e+05 3.968808119870772799e+01
6.728345779041767116e+01 3.647614831261140580e+02 3.944703872355474159e+05 3.968808119870772799e+01
6.519083082378909921e+01 3.471068147745528449e+02 3.888348402866628603e+05 3.904991372377725867e+01
6.519083082378909921e+01 3.471068147745528449e+02 3.888348402866628603e+05 3.904991372377725867e+01
6.519083082378909921e+01 3.471068147745528449e+02 3.888348402866628603e+05 3.904991372377725867e+01
6.519083082378909921e+01 3.471068147745528449e+02 3.888348402866628603e+05 3.904991372377725867e+01
7.430130365638315482e+01 2.939055176972546519e+02 3.505184741847240366e+05 4.262274026595071064e+01
7.430130365638315482e+01 2.939055176972546519e+02 3.505184741847240366e+05 4.262274026595071064e+01
7.430130365638315482e+01 2.939055176972546519e+02 3.505184741847240366e+05 4.262274026595071064e+01
5.770195251266364522e+01 3.523856279385344124e+02 2.734413876490848488e+05 4.414988243784360833e+01
5.770195251266364522e+01 3.523856279385344124e+02 2.734413876490848488e+05 4.414988243784360833e+01
5.442480401653860156e+01 3.496149989744187678e+02 2.665177454969129176e+05 4.590089786624702128e+01
5.442480401653860156e+01 3.496149989744187678e+02 2.665177454969129176e+05 4.590089786624702128e+01
4.838037612143448030e+01 3.425052124529837556e+02 2.207655832168681954e+05 4.762876404397533037e+01
4.838037612143448030e+01 3.425052124529837556e+02 2.207655832168681954e+05 4.762876404397533037e+01
5.090971494969242173e+01 3.302785456822866195e+02 1.882061785598288698e+05 4.664583468585157533e+01
5.132555255873347022e+01 3.329984632440217638e+02 1.890539006828310667e+05 4.585986634681801632e+01
5.132555255873347022e+01 3.329984632440217638e+02 1.890539006828310667e+05 4.585986634681801632e+01
5.132555255873347022e+01 3.329984632440217638e+02 1.890539006828310667e+05 4.585986634681801632e+01
5.132555255873347022e+01 3.329984632440217638e+02 1.890539006828310667e+05 4.585986634681801632e+01
5.132555255873347022e+01 3.329984632440217638e+02 1.890539006828310667e+05 4.585986634681801632e+01
5.132555255873347022e+01 3.329984632440217638e+02 1.890539006828310667e+05 4.585986634681801632e+01
5.065286586600235097e+01 3.168489852115058625e+02 1.653434307042006112e+05 5.088873586134824478e+01
5.365721462469014824e+01 3.122534053255294566e+02 1.672548917951212206e+05 4.794296954778294406e+01
4.637732009520065191e+01 3.241656079796566132e+02 1.514792022095673019e+05 5.103359513252340207e+01
4.637732009520065191e+01 3.241656079796566132e+02 1.514792022095673019e+05 5.103359513252340207e+01
4.637732009520065191e+01 3.241656079796566132e+02 1.514792022095673019e+05 5.103359513252340207e+01
4.687252857700388375e+01 3.018600254746544351e+02 1.407885480480724073e+05 4.917425621161484628e+01
4.687252857700388375e+01 3.018600254746544351e+02 1.407885480480724073e+05 4.917425621161484628e+01
4.687252857700388375e+01 3.018600254746544351e+02 1.407885480480724073e+05 4.917425621161484628e+01
4.687252857700388375e+01 3.018600254746544351e+02 1.407885480480724073e+05 4.917425621161484628e+01
4.687252857700388375e+01 3.018600254746544351e+02 1.407885480480724073e+05 4.917425621161484628e+01
4.687252857700388375e+01 3.018600254746544351e+02 1.407885480480724073e+05 4.917425621161484628e+01
4.687252857700388375e+01 3.018600254746544351e+02 1.407885480480724073e+05 4.917425621161484628e+01
4.934359595827632461e+01 2.423886275412811528e+02 1.267739387636004976e+05 5.649926444552420435e+01
4.934359595827632461e+01 2.423886275412811528e+02 1.267739387636004976e+05 5.649926444552420435e+01
4.743146685392621009e+01 2.433664329653760774e+02 1.241121446223273524e+05 5.534402260694347575e+01
4.743146685392621009e+01 2.433664329653760774e+02 1.241121446223273524e+05 5.534402260694347575e+01
5.194504638498951721e+01 2.179092689827979257e+02 1.155240164202303422e+05 5.782587180982182673e+01
5.194504638498951721e+01 2.179092689827979257e+02 1.155240164202303422e+05 5.782587180982182673e+01
5.251188160186937637e+01 1.774564330989954328e+02 1.167991831065889710e+05 6.720674150284587256e+01
5.251188160186937637e+01 1.774564330989954328e+02 1.167991831065889710e+05 6.720674150284587256e+01
5.539983779497737260e+01 1.207138711944126328e+02 1.338017251440721739e+05 6.262190792360411962e+01
5.683159273420834978e+01 9.933597025873970665e+01 1.313191617050597270e+05 6.711815503863827814e+01
5.683159273420834978e+01 9.933597025873970665e+01 1.313191617050597270e+05 6.711815503863827814e+01
5.877430100136020741e+01 9.484674797422874803e+01 1.298726709111409582e+05 6.406474980987658796e+01
5.990952665293150403e+01 8.009713495509605252e+01 1.189419260765337385e+05 7.254145645556069155e+01
5.868278509511995367e+01 8.921633456493347580e+01 1.208316640473909938e+05 6.441985095261580341e+01
5.868278509511995367e+01 8.921633456493347580e+01 1.208316640473909938e+05 6.441985095261580341e+01
5.868278509511995367e+01 8.921633456493347580e+01 1.208316640473909938e+05 6.441985095261580341e+01
5.868278509511995367e+01 8.921633456493347580e+01 1.208316640473909938e+05 6.441985095261580341e+01
6.024438756878452494e+01 7.818906395872865289e+01 1.223124873286488291e+05 6.625432381696509765e+01
6.024438756878452494e+01 7.818906395872865289e+01 1.223124873286488291e+05 6.625432381696509765e+01
5.822769279589359570e+01 8.322104186149451266e+01 9.846501945730102307e+04 7.436013067262095433e+01
5.822769279589359570e+01 8.322104186149451266e+01 9.846501945730102307e+04 7.436013067262095433e+01
5.822769279589359570e+01 8.322104186149451266e+01 9.846501945730102307e+04 7.436013067262095433e+01
5.844294092187197265e+01 6.580623522636503253e+01 9.670760318897252728e+04 7.624590927655705741e+01
6.251103463476111699e+01 1.895757365426208096e+01 9.643934133634938917e+04 9.488988307892934415e+01
6.262471136518976778e+01 1.558908375295151316e+01 9.388807075489262934e+04 9.795135564906881598e+01
6.231938193673615700e+01 1.516163028061277096e+01 9.066335554058362322e+04 1.006235056089541189e+02
6.271375862543599311e+01 1.386446998126776009e+01 9.321980920667189639e+04 1.004277797725661117e+02
6.271375862543599311e+01 1.386446998126776009e+01 9.321980920667189639e+04 1.004277797725661117e+02
6.271375862543599311e+01 1.386446998126776009e+01 9.321980920667189639e+04 1.004277797725661117e+02
6.494141240753772593e+01 1.264056310308811604e+01 7.945858281461737351e+04 1.073313903805540690e+02
6.494141240753772593e+01 1.264056310308811604e+01 7.945858281461737351e+04 1.073313903805540690e+02
6.494141240753772593e+01 1.264056310308811604e+01 7.945858281461737351e+04 1.073313903805540690e+02
6.494141240753772593e+01 1.264056310308811604e+01 7.945858281461737351e+04 1.073313903805540690e+02
6.494141240753772593e+01 1.264056310308811604e+01 7.945858281461737351e+04 1.073313903805540690e+02
6.494141240753772593e+01 1.264056310308811604e+01 7.945858281461737351e+04 1.073313903805540690e+02
6.494141240753772593e+01 1.264056310308811604e+01 7.945858281461737351e+04 1.073313903805540690e+02
6.494141240753772593e+01 1.264056310308811604e+01 7.945858281461737351e+04 1.073313903805540690e+02
6.487493986335861962e+01 1.235443251991946667e+01 8.209352238142272108e+04 1.046755180538254280e+02
6.541470690012441480e+01 1.127972290272125910e+01 8.524775295303536404e+04 1.069075238510288841e+02
6.541470690012441480e+01 1.127972290272125910e+01 8.524775295303536404e+04 1.069075238510288841e+02
6.541470690012441480e+01 1.127972290272125910e+01 8.524775295303536404e+04 1.069075238510288841e+02
6.541470690012441480e+01 1.127972290272125910e+01 8.524775295303536404e+04 1.069075238510288841e+02
6.541470690012441480e+01 1.127972290272125910e+01 8.524775295303536404e+04 1.069075238510288841e+02
6.541470690012441480e+01 1.127972290272125910e+01 8.524775295303536404e+04 1.069075238510288841e+02
6.541470690012441480e+01 1.127972290272125910e+01 8.524775295303536404e+04 1.069075238510288841e+02
6.566452371823478984e+01 1.093535374598844712e+01 8.450316118862885924e+04 1.074840312200040557e+02
6.566452371823478984e+01 1.093535374598844712e+01 8.450316118862885924e+04 1.074840312200040557e+02
5.992498771638589261e+01 1.240338230584228540e+01 7.303890973110460618e+04 1.173562182556978541e+02
5.731915924806111207e+01 1.269500185118301694e+01 7.149819954632726149e+04 1.213759824298296905e+02
5.820178290957722567e+01 1.233929960976552564e+01 7.330785074324716697e+04 1.184036462644055518e+02
5.820178290957722567e+01 1.233929960976552564e+01 7.330785074324716697e+04 1.184036462644055518e+02
5.820178290957722567e+01 1.233929960976552564e+01 7.330785074324716697e+04 1.184036462644055518e+02
5.820178290957722567e+01 1.233929960976552564e+01 7.330785074324716697e+04 1.184036462644055518e+02
5.905028702390308837e+01 1.192719924807503951e+01 7.393675180417604861e+04 1.183856174212179724e+02
5.905028702390308837e+01 1.192719924807503951e+01 7.393675180417604861e+04 1.183856174212179724e+02
5.905028702390308837e+01 1.192719924807503951e+01 7.393675180417604861e+04 1.183856174212179724e+02
5.905028702390308837e+01 1.192719924807503951e+01 7.393675180417604861e+04 1.183856174212179724e+02
6.453176924372822043e+01 1.178529820947550633e+01 6.377498761018858931e+04 1.154323940488523732e+02
6.453176924372822043e+01 1.178529820947550633e+01 6.377498761018858931e+04 1.154323940488523732e+02
6.297681414304015846e+01 1.157710187665691670e+01 6.513866806024166726e+04 1.138940164342190400e+02
6.297681414304015846e+01 1.157710187665691670e+01 6.513866806024166726e+04 1.138940164342190400e+02
6.286099951612458625e+01 1.149278237461123808e+01 6.671791832275688648e+04 1.120983645134322160e+02
6.286099951612458625e+01 1.149278237461123808e+01 6.671791832275688648e+04 1.120983645134322160e+02
6.244869841336448246e+01 1.140706763659818712e+01 6.744957918508785951e+04 1.122688210945730276e+02
6.222806786528382617e+01 1.163204142232082638e+01 6.505505440359660861e+04 1.136300667899114814e+02
6.222806786528382617e+01 1.163204142232082638e+01 6.505505440359660861e+04 1.136300667899114814e+02
6.222806786528382617e+01 1.163204142232082638e+01 6.505505440359660861e+04 1.136300667899114814e+02
6.222806786528382617e+01 1.163204142232082638e+01 6.505505440359660861e+04 1.136300667899114814e+02
6.222806786528382617e+01 1.163204142232082638e+01 6.505505440359660861e+04 1.136300667899114814e+02
6.222806786528382617e+01 1.163204142232082638e+01 6.505505440359660861e+04 1.136300667899114814e+02
6.222806786528382617e+01 1.163204142232082638e+01 6.505505440359660861e+04 1.136300667899114814e+02
6.222806786528382617e+01 1.163204142232082638e+01 6.505505440359660861e+04 1.136300667899114814e+02
6.222806786528382617e+01 1.163204142232082638e+01 6.505505440359660861e+04 1.136300667899114814e+02
6.186091545923890322e+01 1.391809763338702055e+01 4.666904546254613524e+04 1.220922729423974289e+02
6.298174903019163651e+01 1.315443800964910359e+01 4.651796638374881877e+04 1.223952103977941448e+02
6.298174903019163651e+01 1.315443800964910359e+01 4.651796638374881877e+04 1.223952103977941448e+02
6.298174903019163651e+01 1.315443800964910359e+01 4.651796638374881877e+04 1.223952103977941448e+02
6.325322679338514575e+01 1.240974879448401325e+01 4.742313009359912394e+04 1.228904483156054397e+02
6.263443174024894944e+01 1.363706602515727795e+01 4.469390924496646039e+04 1.195311083623897446e+02
6.263443174024894944e+01 1.363706602515727795e+01 4.469390924496646039e+04 1.195311083623897446e+02
6.263443174024894944e+01 1.363706602515727795e+01 4.469390924496646039e+04 1.195311083623897446e+02
6.367296683779080979e+01 1.385520819538452741e+01 4.208601429125244613e+04 1.214868693082395481e+02
6.367296683779080979e+01 1.385520819538452741e+01 4.208601429125244613e+04 1.214868693082395481e+02
6.367296683779080979e+01 1.385520819538452741e+01 4.208601429125244613e+04 1.214868693082395481e+02
6.641457708547082461e+01 1.145474700886262553e+01 4.714604355293792469e+04 1.182490220511684385e+02
6.641457708547082461e+01 1.145474700886262553e+01 4.714604355293792469e+04 1.182490220511684385e+02
6.685292830543036757e+01 1.113587712614184433e+01 4.552327124920842471e+04 1.240963019904518063e+02
6.685292830543036757e+01 1.113587712614184433e+01 4.552327124920842471e+04 1.240963019904518063e+02
6.929680289422663009e+01 1.118386809247099833e+01 4.544467050594813918e+04 1.193872675904384266e+02
6.929680289422663009e+01 1.118386809247099833e+01 4.544467050594813918e+04 1.193872675904384266e+02
7.194871577145447361e+01 1.077761971131836738e+01 4.448537396395031828e+04 1.142657839785026823e+02
7.194871577145447361e+01 1.077761971131836738e+01 4.448537396395031828e+04 1.142657839785026823e+02
7.194871577145447361e+01 1.077761971131836738e+01 4.448537396395031828e+04 1.142657839785026823e+02
7.072690300466778979e+01 1.124203710315232563e+01 4.400410590531982598e+04 1.105373492360847933e+02
7.072690300466778979e+01 1.124203710315232563e+01 4.400410590531982598e+04 1.105373492360847933e+02
7.072690300466778979e+01 1.124203710315232563e+01 4.400410590531982598e+04 1.105373492360847933e+02
6.975892240489498874e+01 1.114974664853762931e+01 4.298241483593476005e+04 1.116300769386087239e+02
7.087081953487269459e+01 1.031714438339422557e+01 4.126023971266017907e+04 1.158478593781607202e+02
7.258001541922597255e+01 1.159190700049341416e+01 3.118755905676671318e+04 1.205497389018684373e+02
7.232241677671838431e+01 1.105812856940020694e+01 2.869982519850085009e+04 1.201095770771885753e+02
7.232241677671838431e+01 1.105812856940020694e+01 2.869982519850085009e+04 1.201095770771885753e+02
7.232241677671838431e+01 1.105812856940020694e+01 2.869982519850085009e+04 1.201095770771885753e+02
6.978447775374256423e+01 1.158313720787886325e+01 2.814651369875773526e+04 1.219000827849737192e+02
6.978447775374256423e+01 1.158313720787886325e+01 2.814651369875773526e+04 1.219000827849737192e+02
6.978447775374256423e+01 1.158313720787886325e+01 2.814651369875773526e+04 1.219000827849737192e+02
6.978447775374256423e+01 1.158313720787886325e+01 2.814651369875773526e+04 1.219000827849737192e+02
6.978447775374256423e+01 1.158313720787886325e+01 2.814651369875773526e+04 1.219000827849737192e+02
6.978447775374256423e+01 1.158313720787886325e+01 2.814651369875773526e+04 1.219000827849737192e+02
7.065530108554445121e+01 1.114999505885406350e+01 2.956608052384609255e+04 1.176041431267969131e+02
7.065530108554445121e+01 1.114999505885406350e+01 2.956608052384609255e+04 1.176041431267969131e+02
7.065530108554445121e+01 1.114999505885406350e+01 2.956608052384609255e+04 1.176041431267969131e+02
7.365099709409804518e+01 1.023005223667382957e+01 3.026759696542578968e+04 1.183202143331567839e+02
7.365099709409804518e+01 1.023005223667382957e+01 3.026759696542578968e+04 1.183202143331567839e+02
7.217687017822689199e+01 1.352135063003036919e+01 2.004909059506771518e+04 1.223691102101526127e+02
7.217687017822689199e+01 1.352135063003036919e+01 2.004909059506771518e+04 1.223691102101526127e+02
7.412384074969592973e+01 1.332718466463072993e+01 1.733826797937667288e+04 1.360539208158687927e+02
7.554100144338789846e+01 1.233099445278281614e+01 1.843323093212684398e+04 1.316448689413745115e+02
7.610453086268682910e+01 1.192292074706284133e+01 1.826773635037527492e+04 1.319068125269541838e+02
7.654700070858058325e+01 1.080472533537881219e+01 1.883325519177801471e+04 1.281088813899358172e+02
7.348101184180366374e+01 1.116544009280452876e+01 1.890936756928319664e+04 1.281676945182187524e+02
7.348101184180366374e+01 1.116544009280452876e+01 1.890936756928319664e+04 1.281676945182187524e+02
7.462042812951173687e+01 1.119351431787157125e+01 1.870803754000429399e+04 1.267793762444848937e+02
7.393633644542879324e+01 1.096555764295214885e+01 1.809682898946760906e+04 1.295760463966491614e+02
7.345434836121532385e+01 1.110982614360511711e+01 1.831007743432695133e+04 1.273415671376689176e+02
7.332151325552506194e+01 1.077865210480532099e+01 1.820627601708293514e+04 1.296821309224737035e+02
7.332151325552506194e+01 1.077865210480532099e+01 1.820627601708293514e+04 1.296821309224737035e+02
7.332151325552506194e+01 1.077865210480532099e+01 1.820627601708293514e+04 1.296821309224737035e+02
7.332151325552506194e+01 1.077865210480532099e+01 1.820627601708293514e+04 1.296821309224737035e+02
7.469620518675880305e+01 1.114317760422020598e+01 1.700534051354275289e+04 1.299081449677822775e+02
7.441820723699208884e+01 1.042362567471089640e+01 1.688208770599948184e+04 1.290573512083014975e+02
7.441820723699208884e+01 1.042362567471089640e+01 1.688208770599948184e+04 1.290573512083014975e+02
7.441820723699208884e+01 1.042362567471089640e+01 1.688208770599948184e+04 1.290573512083014975e+02
7.441820723699208884e+01 1.042362567471089640e+01 1.688208770599948184e+04 1.290573512083014975e+02
7.441820723699208884e+01 1.042362567471089640e+01 1.688208770599948184e+04 1.290573512083014975e+02
7.441820723699208884e+01 1.042362567471089640e+01 1.688208770599948184e+04 1.290573512083014975e+02
7.441820723699208884e+01 1.042362567471089640e+01 1.688208770599948184e+04 1.290573512083014975e+02
7.441820723699208884e+01 1.042362567471089640e+01 1.688208770599948184e+04 1.290573512083014975e+02
7.441820723699208884e+01 1.042362567471089640e+01 1.688208770599948184e+04 1.290573512083014975e+02
7.205395812336833217e+01 1.212664118676736180e+01 1.221600529221594479e+04 1.346411262615800126e+02
7.242197647589982523e+01 1.154441374404265552e+01 1.232698474434875243e+04 1.328062466653899492e+02
7.242197647589982523e+01 1.154441374404265552e+01 1.232698474434875243e+04 1.328062466653899492e+02
7.242197647589982523e+01 1.154441374404265552e+01 1.232698474434875243e+04 1.328062466653899492e+02
7.294701429713757079e+01 1.130671271544446910e+01 1.245888112980094047e+04 1.297122246788976838e+02
7.294701429713757079e+01 1.130671271544446910e+01 1.245888112980094047e+04 1.297122246788976838e+02
7.294701429713757079e+01 1.130671271544446910e+01 1.245888112980094047e+04 1.297122246788976838e+02
7.294701429713757079e+01 1.130671271544446910e+01 1.245888112980094047e+04 1.297122246788976838e+02
7.294701429713757079e+01 1.130671271544446910e+01 1.245888112980094047e+04 1.297122246788976838e+02
7.294701429713757079e+01 1.130671271544446910e+01 1.245888112980094047e+04 1.297122246788976838e+02
7.294701429713757079e+01 1.130671271544446910e+01 1.245888112980094047e+04 1.297122246788976838e+02
7.294701429713757079e+01 1.130671271544446910e+01 1.245888112980094047e+04 1.297122246788976838e+02
7.294701429713757079e+01 1.130671271544446910e+01 1.245888112980094047e+04 1.297122246788976838e+02
7.294701429713757079e+01 1.130671271544446910e+01 1.245888112980094047e+04 1.297122246788976838e+02
7.294701429713757079e+01 1.130671271544446910e+01 1.245888112980094047e+04 1.297122246788976838e+02
7.294701429713757079e+01 1.130671271544446910e+01 1.245888112980094047e+04 1.297122246788976838e+02
7.294701429713757079e+01 1.130671271544446910e+01 1.245888112980094047e+04 1.297122246788976838e+02
7.294701429713757079e+01 1.130671271544446910e+01 1.245888112980094047e+04 1.297122246788976838e+02
7.294701429713757079e+01 1.130671271544446910e+01 1.245888112980094047e+04 1.297122246788976838e+02
7.294701429713757079e+01 1.130671271544446910e+01 1.245888112980094047e+04 1.297122246788976838e+02
7.294701429713757079e+01 1.130671271544446910e+01 1.245888112980094047e+04 1.297122246788976838e+02
7.294701429713757079e+01 1.130671271544446910e+01 1.245888112980094047e+04 1.297122246788976838e+02
7.294701429713757079e+01 1.130671271544446910e+01 1.245888112980094047e+04 1.297122246788976838e+02
7.294701429713757079e+01 1.130671271544446910e+01 1.245888112980094047e+04 1.297122246788976838e+02
7.294701429713757079e+01 1.130671271544446910e+01 1.245888112980094047e+04 1.297122246788976838e+02
7.294701429713757079e+01 1.130671271544446910e+01 1.245888112980094047e+04 1.297122246788976838e+02
7.303056857078126995e+01 1.197879579822039808e+01 1.086924216263546623e+04 1.342136699215771500e+02
7.303056857078126995e+01 1.197879579822039808e+01 1.086924216263546623e+04 1.342136699215771500e+02
7.316396996473123693e+01 1.237801323523648911e+01 1.057050354410843465e+04 1.276420606172684131e+02
7.316396996473123693e+01 1.237801323523648911e+01 1.057050354410843465e+04 1.276420606172684131e+02
7.316396996473123693e+01 1.237801323523648911e+01 1.057050354410843465e+04 1.276420606172684131e+02
7.316396996473123693e+01 1.237801323523648911e+01 1.057050354410843465e+04 1.276420606172684131e+02
7.316396996473123693e+01 1.237801323523648911e+01 1.057050354410843465e+04 1.276420606172684131e+02
7.316396996473123693e+01 1.237801323523648911e+01 1.057050354410843465e+04 1.276420606172684131e+02
7.316396996473123693e+01 1.237801323523648911e+01 1.057050354410843465e+04 1.276420606172684131e+02
7.316396996473123693e+01 1.237801323523648911e+01 1.057050354410843465e+04 1.276420606172684131e+02
7.316396996473123693e+01 1.237801323523648911e+01 1.057050354410843465e+04 1.276420606172684131e+02
7.316396996473123693e+01 1.237801323523648911e+01 1.057050354410843465e+04 1.276420606172684131e+02
7.248868868476404259e+01 1.218616710835713590e+01 1.013306421249902269e+04 1.360693327019158119e+02
7.248868868476404259e+01 1.218616710835713590e+01 1.013306421249902269e+04 1.360693327019158119e+02
7.248868868476404259e+01 1.218616710835713590e+01 1.013306421249902269e+04 1.360693327019158119e+02
7.248868868476404259e+01 1.218616710835713590e+01 1.013306421249902269e+04 1.360693327019158119e+02
7.301215826837757561e+01 1.183527097513035642e+01 1.010079656518078446e+04 1.393758271899380929e+02
7.312017408278049402e+01 1.195717406833924379e+01 9.803056530050944275e+03 1.350396424423102530e+02
7.269446276469359702e+01 1.184642094144764890e+01 9.323077352581402010e+03 1.387890614900278479e+02
7.269446276469359702e+01 1.184642094144764890e+01 9.323077352581402010e+03 1.387890614900278479e+02
7.269446276469359702e+01 1.184642094144764890e+01 9.323077352581402010e+03 1.387890614900278479e+02
7.269446276469359702e+01 1.184642094144764890e+01 9.323077352581402010e+03 1.387890614900278479e+02
7.269446276469359702e+01 1.184642094144764890e+01 9.323077352581402010e+03 1.387890614900278479e+02
7.269446276469359702e+01 1.184642094144764890e+01 9.323077352581402010e+03 1.387890614900278479e+02
7.269446276469359702e+01 1.184642094144764890e+01 9.323077352581402010e+03 1.387890614900278479e+02
7.269446276469359702e+01 1.184642094144764890e+01 9.323077352581402010e+03 1.387890614900278479e+02
7.269446276469359702e+01 1.184642094144764890e+01 9.323077352581402010e+03 1.387890614900278479e+02
7.269446276469359702e+01 1.184642094144764890e+01 9.323077352581402010e+03 1.387890614900278479e+02
7.269446276469359702e+01 1.184642094144764890e+01 9.323077352581402010e+03 1.387890614900278479e+02
7.309119970601899752e+01 1.221613679945759579e+01 9.189916886359524142e+03 1.361741725205306466e+02
7.309119970601899752e+01 1.221613679945759579e+01 9.189916886359524142e+03 1.361741725205306466e+02
7.309119970601899752e+01 1.221613679945759579e+01 9.189916886359524142e+03 1.361741725205306466e+02
7.309119970601899752e+01 1.221613679945759579e+01 9.189916886359524142e+03 1.361741725205306466e+02
7.309119970601899752e+01 1.221613679945759579e+01 9.189916886359524142e+03 1.361741725205306466e+02
7.309119970601899752e+01 1.221613679945759579e+01 9.189916886359524142e+03 1.361741725205306466e+02
7.291186703819299453e+01 1.238741543149496849e+01 9.121293168380036150e+03 1.341357714359590148e+02
7.099508458362592478e+01 1.314773597561713103e+01 7.954030705448470144e+03 1.439585754469068490e+02
7.267835005605174103e+01 1.232051687006601171e+01 7.364605140103711165e+03 1.482754933859021094e+02
7.361747835597175538e+01 1.233857342428822079e+01 7.278961591709822642e+03 1.438505876286453997e+02
7.337779377885756560e+01 1.249510973706343364e+01 6.839193512418505634e+03 1.444815245184519483e+02
7.276026334127790562e+01 1.215051903575651870e+01 6.457218937854869182e+03 1.508490083486094591e+02
7.304106719079034349e+01 1.236282299082997582e+01 6.177646275052849887e+03 1.484845322693423668e+02
7.304106719079034349e+01 1.236282299082997582e+01 6.177646275052849887e+03 1.484845322693423668e+02
7.592965531440665927e+01 1.373333936406414324e+01 4.271742594001034377e+03 1.510349679419659310e+02
7.563126914925540234e+01 1.356741497574604338e+01 4.296098789544895226e+03 1.456258673792752916e+02
7.563126914925540234e+01 1.356741497574604338e+01 4.296098789544895226e+03 1.456258673792752916e+02
7.428821855219655390e+01 1.349342453361421690e+01 3.888779455265155320e+03 1.514063607739272470e+02
7.428821855219655390e+01 1.349342453361421690e+01 3.888779455265155320e+03 1.514063607739272470e+02
7.509173046011106578e+01 1.355898410473969484e+01 3.801092291270635087e+03 1.503187227991958537e+02
7.316265159938782858e+01 1.421804811039635297e+01 2.616117699573612299e+03 1.510116660560353523e+02
6.955328578284037633e+01 1.599471889639199240e+01 1.879495755283466224e+03 1.512033894038702897e+02
7.055412163986599694e+01 1.766777379144584259e+01 1.193253643383152394e+03 1.509500211461560468e+02
6.592110445218445136e+01 1.943012229219704778e+01 5.948011014551681228e+02 1.567563208231068757e+02
6.576704146100703952e+01 1.927416871667554332e+01 5.099514336144040385e+02 1.550040865505603733e+02
6.589404872921866740e+01 1.814982565318117835e+01 3.869788478862707279e+02 1.560931120637026766e+02
6.589404872921866740e+01 1.814982565318117835e+01 3.869788478862707279e+02 1.560931120637026766e+02
6.589404872921866740e+01 1.814982565318117835e+01 3.869788478862707279e+02 1.560931120637026766e+02
6.473115235509980891e+01 1.986488581819498478e+01 3.057313959334315427e+02 1.591832276894153040e+02
6.281055260183135402e+01 2.030197376252231933e+01 1.473131781774363276e+02 1.691815755790955222e+02
6.281055260183135402e+01 2.030197376252231933e+01 1.473131781774363276e+02 1.691815755790955222e+02
6.281055260183135402e+01 2.030197376252231933e+01 1.473131781774363276e+02 1.691815755790955222e+02
6.221487996430471412e+01 1.944978975167915891e+01 1.123872387138423079e+02 1.680349410579860034e+02
6.221487996430471412e+01 1.944978975167915891e+01 1.123872387138423079e+02 1.680349410579860034e+02
6.297811705998839926e+01 1.783342422801816696e+01 1.162302046123208896e+02 1.713682441409696366e+02
6.310945987705391502e+01 1.809026544695377225e+01 1.124007123671010220e+02 1.702975434554988965e+02
6.298730986678511101e+01 1.802787710723658066e+01 1.067937911109178089e+02 1.683767943143105015e+02
6.298730986678511101e+01 1.802787710723658066e+01 1.067937911109178089e+02 1.683767943143105015e+02
6.298730986678511101e+01 1.802787710723658066e+01 1.067937911109178089e+02 1.683767943143105015e+02
6.298730986678511101e+01 1.802787710723658066e+01 1.067937911109178089e+02 1.683767943143105015e+02
6.298730986678511101e+01 1.802787710723658066e+01 1.067937911109178089e+02 1.683767943143105015e+02
6.298730986678511101e+01 1.802787710723658066e+01 1.067937911109178089e+02 1.683767943143105015e+02
6.298730986678511101e+01 1.802787710723658066e+01 1.067937911109178089e+02 1.683767943143105015e+02
6.298730986678511101e+01 1.802787710723658066e+01 1.067937911109178089e+02 1.683767943143105015e+02
6.387545134038315098e+01 1.742524630402537866e+01 1.072321229042793220e+02 1.707975348291049329e+02
6.387545134038315098e+01 1.742524630402537866e+01 1.072321229042793220e+02 1.707975348291049329e+02
6.387545134038315098e+01 1.742524630402537866e+01 1.072321229042793220e+02 1.707975348291049329e+02
6.387545134038315098e+01 1.742524630402537866e+01 1.072321229042793220e+02 1.707975348291049329e+02
6.387545134038315098e+01 1.742524630402537866e+01 1.072321229042793220e+02 1.707975348291049329e+02
6.387545134038315098e+01 1.742524630402537866e+01 1.072321229042793220e+02 1.707975348291049329e+02
6.387545134038315098e+01 1.742524630402537866e+01 1.072321229042793220e+02 1.707975348291049329e+02
6.387545134038315098e+01 1.742524630402537866e+01 1.072321229042793220e+02 1.707975348291049329e+02
6.387545134038315098e+01 1.742524630402537866e+01 1.072321229042793220e+02 1.707975348291049329e+02
6.387545134038315098e+01 1.742524630402537866e+01 1.072321229042793220e+02 1.707975348291049329e+02
6.387545134038315098e+01 1.742524630402537866e+01 1.072321229042793220e+02 1.707975348291049329e+02
6.393506719679144368e+01 1.741026960852755678e+01 1.073258847450868956e+02 1.705344565390196578e+02
6.393506719679144368e+01 1.741026960852755678e+01 1.073258847450868956e+02 1.705344565390196578e+02
6.393506719679144368e+01 1.741026960852755678e+01 1.073258847450868956e+02 1.705344565390196578e+02
6.393506719679144368e+01 1.741026960852755678e+01 1.073258847450868956e+02 1.705344565390196578e+02
6.393506719679144368e+01 1.741026960852755678e+01 1.073258847450868956e+02 1.705344565390196578e+02
6.393506719679144368e+01 1.741026960852755678e+01 1.073258847450868956e+02 1.705344565390196578e+02
6.393506719679144368e+01 1.741026960852755678e+01 1.073258847450868956e+02 1.705344565390196578e+02
6.393506719679144368e+01 1.741026960852755678e+01 1.073258847450868956e+02 1.705344565390196578e+02
6.393506719679144368e+01 1.741026960852755678e+01 1.073258847450868956e+02 1.705344565390196578e+02
6.393506719679144368e+01 1.741026960852755678e+01 1.073258847450868956e+02 1.705344565390196578e+02
6.393506719679144368e+01 1.741026960852755678e+01 1.073258847450868956e+02 1.705344565390196578e+02
6.393506719679144368e+01 1.741026960852755678e+01 1.073258847450868956e+02 1.705344565390196578e+02
6.393506719679144368e+01 1.741026960852755678e+01 1.073258847450868956e+02 1.705344565390196578e+02
6.393506719679144368e+01 1.741026960852755678e+01 1.073258847450868956e+02 1.705344565390196578e+02
6.393506719679144368e+01 1.741026960852755678e+01 1.073258847450868956e+02 1.705344565390196578e+02
6.393506719679144368e+01 1.741026960852755678e+01 1.073258847450868956e+02 1.705344565390196578e+02
6.393506719679144368e+01 1.741026960852755678e+01 1.073258847450868956e+02 1.705344565390196578e+02
6.393506719679144368e+01 1.741026960852755678e+01 1.073258847450868956e+02 1.705344565390196578e+02
6.393506719679144368e+01 1.741026960852755678e+01 1.073258847450868956e+02 1.705344565390196578e+02
6.393506719679144368e+01 1.741026960852755678e+01 1.073258847450868956e+02 1.705344565390196578e+02
6.393506719679144368e+01 1.741026960852755678e+01 1.073258847450868956e+02 1.705344565390196578e+02
6.393506719679144368e+01 1.741026960852755678e+01 1.073258847450868956e+02 1.705344565390196578e+02
6.393506719679144368e+01 1.741026960852755678e+01 1.073258847450868956e+02 1.705344565390196578e+02
6.393506719679144368e+01 1.741026960852755678e+01 1.073258847450868956e+02 1.705344565390196578e+02
6.393506719679144368e+01 1.741026960852755678e+01 1.073258847450868956e+02 1.705344565390196578e+02
6.393506719679144368e+01 1.741026960852755678e+01 1.073258847450868956e+02 1.705344565390196578e+02
6.393506719679144368e+01 1.741026960852755678e+01 1.073258847450868956e+02 1.705344565390196578e+02
6.393506719679144368e+01 1.741026960852755678e+01 1.073258847450868956e+02 1.705344565390196578e+02
6.393506719679144368e+01 1.741026960852755678e+01 1.073258847450868956e+02 1.705344565390196578e+02
6.393506719679144368e+01 1.741026960852755678e+01 1.073258847450868956e+02 1.705344565390196578e+02
6.393506719679144368e+01 1.741026960852755678e+01 1.073258847450868956e+02 1.705344565390196578e+02
6.393506719679144368e+01 1.741026960852755678e+01 1.073258847450868956e+02 1.705344565390196578e+02
6.393506719679144368e+01 1.741026960852755678e+01 1.073258847450868956e+02 1.705344565390196578e+02
6.393506719679144368e+01 1.741026960852755678e+01 1.073258847450868956e+02 1.705344565390196578e+02
6.393506719679144368e+01 1.741026960852755678e+01 1.073258847450868956e+02 1.705344565390196578e+02
6.393506719679144368e+01 1.741026960852755678e+01 1.073258847450868956e+02 1.705344565390196578e+02
6.393506719679144368e+01 1.741026960852755678e+01 1.073258847450868956e+02 1.705344565390196578e+02
6.393506719679144368e+01 1.741026960852755678e+01 1.073258847450868956e+02 1.705344565390196578e+02
6.393506719679144368e+01 1.741026960852755678e+01 1.073258847450868956e+02 1.705344565390196578e+02
6.393506719679144368e+01 1.741026960852755678e+01 1.073258847450868956e+02 1.705344565390196578e+02
6.393506719679144368e+01 1.741026960852755678e+01 1.073258847450868956e+02 1.705344565390196578e+02
6.393506719679144368e+01 1.741026960852755678e+01 1.073258847450868956e+02 1.705344565390196578e+02
6.393506719679144368e+01 1.741026960852755678e+01 1.073258847450868956e+02 1.705344565390196578e+02
6.393506719679144368e+01 1.741026960852755678e+01 1.073258847450868956e+02 1.705344565390196578e+02
6.393506719679144368e+01 1.741026960852755678e+01 1.073258847450868956e+02 1.705344565390196578e+02
6.393506719679144368e+01 1.741026960852755678e+01 1.073258847450868956e+02 1.705344565390196578e+02
6.393506719679144368e+01 1.741026960852755678e+01 1.073258847450868956e+02 1.705344565390196578e+02
6.393506719679144368e+01 1.741026960852755678e+01 1.073258847450868956e+02 1.705344565390196578e+02
6.332570957231092024e+01 1.764911857719863875e+01 1.070218355821171059e+02 1.693345299866720950e+02
6.332570957231092024e+01 1.764911857719863875e+01 1.070218355821171059e+02 1.693345299866720950e+02
6.332570957231092024e+01 1.764911857719863875e+01 1.070218355821171059e+02 1.693345299866720950e+02
6.332570957231092024e+01 1.764911857719863875e+01 1.070218355821171059e+02 1.693345299866720950e+02
6.332570957231092024e+01 1.764911857719863875e+01 1.070218355821171059e+02 1.693345299866720950e+02
6.332570957231092024e+01 1.764911857719863875e+01 1.070218355821171059e+02 1.693345299866720950e+02
6.332570957231092024e+01 1.764911857719863875e+01 1.070218355821171059e+02 1.693345299866720950e+02
6.332570957231092024e+01 1.764911857719863875e+01 1.070218355821171059e+02 1.693345299866720950e+02
6.332570957231092024e+01 1.764911857719863875e+01 1.070218355821171059e+02 1.693345299866720950e+02
6.332570957231092024e+01 1.764911857719863875e+01 1.070218355821171059e+02 1.693345299866720950e+02
6.332570957231092024e+01 1.764911857719863875e+01 1.070218355821171059e+02 1.693345299866720950e+02
6.332570957231092024e+01 1.764911857719863875e+01 1.070218355821171059e+02 1.693345299866720950e+02
6.332570957231092024e+01 1.764911857719863875e+01 1.070218355821171059e+02 1.693345299866720950e+02
6.332570957231092024e+01 1.764911857719863875e+01 1.070218355821171059e+02 1.693345299866720950e+02
6.332570957231092024e+01 1.764911857719863875e+01 1.070218355821171059e+02 1.693345299866720950e+02
6.332570957231092024e+01 1.764911857719863875e+01 1.070218355821171059e+02 1.693345299866720950e+02
6.332570957231092024e+01 1.764911857719863875e+01 1.070218355821171059e+02 1.693345299866720950e+02
6.332570957231092024e+01 1.764911857719863875e+01 1.070218355821171059e+02 1.693345299866720950e+02
6.332570957231092024e+01 1.764911857719863875e+01 1.070218355821171059e+02 1.693345299866720950e+02
6.332570957231092024e+01 1.764911857719863875e+01 1.070218355821171059e+02 1.693345299866720950e+02
6.332570957231092024e+01 1.764911857719863875e+01 1.070218355821171059e+02 1.693345299866720950e+02
6.332570957231092024e+01 1.764911857719863875e+01 1.070218355821171059e+02 1.693345299866720950e+02
6.332570957231092024e+01 1.764911857719863875e+01 1.070218355821171059e+02 1.693345299866720950e+02
6.332570957231092024e+01 1.764911857719863875e+01 1.070218355821171059e+02 1.693345299866720950e+02
6.332570957231092024e+01 1.764911857719863875e+01 1.070218355821171059e+02 1.693345299866720950e+02
6.332570957231092024e+01 1.764911857719863875e+01 1.070218355821171059e+02 1.693345299866720950e+02
6.332570957231092024e+01 1.764911857719863875e+01 1.070218355821171059e+02 1.693345299866720950e+02
6.332570957231092024e+01 1.764911857719863875e+01 1.070218355821171059e+02 1.693345299866720950e+02
6.332570957231092024e+01 1.764911857719863875e+01 1.070218355821171059e+02 1.693345299866720950e+02
6.332570957231092024e+01 1.764911857719863875e+01 1.070218355821171059e+02 1.693345299866720950e+02
6.332570957231092024e+01 1.764911857719863875e+01 1.070218355821171059e+02 1.693345299866720950e+02
6.332570957231092024e+01 1.764911857719863875e+01 1.070218355821171059e+02 1.693345299866720950e+02
6.332570957231092024e+01 1.764911857719863875e+01 1.070218355821171059e+02 1.693345299866720950e+02
6.332570957231092024e+01 1.764911857719863875e+01 1.070218355821171059e+02 1.693345299866720950e+02
6.332570957231092024e+01 1.764911857719863875e+01 1.070218355821171059e+02 1.693345299866720950e+02
6.332570957231092024e+01 1.764911857719863875e+01 1.070218355821171059e+02 1.693345299866720950e+02
6.332570957231092024e+01 1.764911857719863875e+01 1.070218355821171059e+02 1.693345299866720950e+02
6.332570957231092024e+01 1.764911857719863875e+01 1.070218355821171059e+02 1.693345299866720950e+02
6.332570957231092024e+01 1.764911857719863875e+01 1.070218355821171059e+02 1.693345299866720950e+02
6.332570957231092024e+01 1.764911857719863875e+01 1.070218355821171059e+02 1.693345299866720950e+02
6.332570957231092024e+01 1.764911857719863875e+01 1.070218355821171059e+02 1.693345299866720950e+02
6.332570957231092024e+01 1.764911857719863875e+01 1.070218355821171059e+02 1.693345299866720950e+02
6.332570957231092024e+01 1.764911857719863875e+01 1.070218355821171059e+02 1.693345299866720950e+02
6.332570957231092024e+01 1.764911857719863875e+01 1.070218355821171059e+02 1.693345299866720950e+02
6.332570957231092024e+01 1.764911857719863875e+01 1.070218355821171059e+02 1.693345299866720950e+02
6.332570957231092024e+01 1.764911857719863875e+01 1.070218355821171059e+02 1.693345299866720950e+02
6.332570957231092024e+01 1.764911857719863875e+01 1.070218355821171059e+02 1.693345299866720950e+02
6.332570957231092024e+01 1.764911857719863875e+01 1.070218355821171059e+02 1.693345299866720950e+02
6.332570957231092024e+01 1.764911857719863875e+01 1.070218355821171059e+02 1.693345299866720950e+02
6.332570957231092024e+01 1.764911857719863875e+01 1.070218355821171059e+02 1.693345299866720950e+02
6.332570957231092024e+01 1.764911857719863875e+01 1.070218355821171059e+02 1.693345299866720950e+02
6.332570957231092024e+01 1.764911857719863875e+01 1.070218355821171059e+02 1.693345299866720950e+02
6.332570957231092024e+01 1.764911857719863875e+01 1.070218355821171059e+02 1.693345299866720950e+02
6.332570957231092024e+01 1.764911857719863875e+01 1.070218355821171059e+02 1.693345299866720950e+02
6.332570957231092024e+01 1.764911857719863875e+01 1.070218355821171059e+02 1.693345299866720950e+02
6.332570957231092024e+01 1.764911857719863875e+01 1.070218355821171059e+02 1.693345299866720950e+02
6.332570957231092024e+01 1.764911857719863875e+01 1.070218355821171059e+02 1.693345299866720950e+02
6.332570957231092024e+01 1.764911857719863875e+01 1.070218355821171059e+02 1.693345299866720950e+02
6.332570957231092024e+01 1.764911857719863875e+01 1.070218355821171059e+02 1.693345299866720950e+02
6.332570957231092024e+01 1.764911857719863875e+01 1.070218355821171059e+02 1.693345299866720950e+02
6.332570957231092024e+01 1.764911857719863875e+01 1.070218355821171059e+02 1.693345299866720950e+02
6.332570957231092024e+01 1.764911857719863875e+01 1.070218355821171059e+02 1.693345299866720950e+02
6.332570957231092024e+01 1.764911857719863875e+01 1.070218355821171059e+02 1.693345299866720950e+02
6.332570957231092024e+01 1.764911857719863875e+01 1.070218355821171059e+02 1.693345299866720950e+02
6.332570957231092024e+01 1.764911857719863875e+01 1.070218355821171059e+02 1.693345299866720950e+02
6.332570957231092024e+01 1.764911857719863875e+01 1.070218355821171059e+02 1.693345299866720950e+02
6.332570957231092024e+01 1.764911857719863875e+01 1.070218355821171059e+02 1.693345299866720950e+02
6.332570957231092024e+01 1.764911857719863875e+01 1.070218355821171059e+02 1.693345299866720950e+02
6.332570957231092024e+01 1.764911857719863875e+01 1.070218355821171059e+02 1.693345299866720950e+02
6.332570957231092024e+01 1.764911857719863875e+01 1.070218355821171059e+02 1.693345299866720950e+02
6.332570957231092024e+01 1.764911857719863875e+01 1.070218355821171059e+02 1.693345299866720950e+02
6.332570957231092024e+01 1.764911857719863875e+01 1.070218355821171059e+02 1.693345299866720950e+02
6.332570957231092024e+01 1.764911857719863875e+01 1.070218355821171059e+02 1.693345299866720950e+02
6.332570957231092024e+01 1.764911857719863875e+01 1.070218355821171059e+02 1.693345299866720950e+02
6.332570957231092024e+01 1.764911857719863875e+01 1.070218355821171059e+02 1.693345299866720950e+02
6.332570957231092024e+01 1.764911857719863875e+01 1.070218355821171059e+02 1.693345299866720950e+02
6.332570957231092024e+01 1.764911857719863875e+01 1.070218355821171059e+02 1.693345299866720950e+02
6.332570957231092024e+01 1.764911857719863875e+01 1.070218355821171059e+02 1.693345299866720950e+02
6.332570957231092024e+01 1.764911857719863875e+01 1.070218355821171059e+02 1.693345299866720950e+02
6.332570957231092024e+01 1.764911857719863875e+01 1.070218355821171059e+02 1.693345299866720950e+02
6.332570957231092024e+01 1.764911857719863875e+01 1.070218355821171059e+02 1.693345299866720950e+02
6.332570957231092024e+01 1.764911857719863875e+01 1.070218355821171059e+02 1.693345299866720950e+02
6.332570957231092024e+01 1.764911857719863875e+01 1.070218355821171059e+02 1.693345299866720950e+02
6.332570957231092024e+01 1.764911857719863875e+01 1.070218355821171059e+02 1.693345299866720950e+02
6.332570957231092024e+01 1.764911857719863875e+01 1.070218355821171059e+02 1.693345299866720950e+02
6.332570957231092024e+01 1.764911857719863875e+01 1.070218355821171059e+02 1.693345299866720950e+02
6.332570957231092024e+01 1.764911857719863875e+01 1.070218355821171059e+02 1.693345299866720950e+02
6.332570957231092024e+01 1.764911857719863875e+01 1.070218355821171059e+02 1.693345299866720950e+02
6.332570957231092024e+01 1.764911857719863875e+01 1.070218355821171059e+02 1.693345299866720950e+02
6.332570957231092024e+01 1.764911857719863875e+01 1.070218355821171059e+02 1.693345299866720950e+02
6.332570957231092024e+01 1.764911857719863875e+01 1.070218355821171059e+02 1.693345299866720950e+02
6.332570957231092024e+01 1.764911857719863875e+01 1.070218355821171059e+02 1.693345299866720950e+02
6.332570957231092024e+01 1.764911857719863875e+01 1.070218355821171059e+02 1.693345299866720950e+02
6.332570957231092024e+01 1.764911857719863875e+01 1.070218355821171059e+02 1.693345299866720950e+02
6.332570957231092024e+01 1.764911857719863875e+01 1.070218355821171059e+02 1.693345299866720950e+02
6.332570957231092024e+01 1.764911857719863875e+01 1.070218355821171059e+02 1.693345299866720950e+02
6.332570957231092024e+01 1.764911857719863875e+01 1.070218355821171059e+02 1.693345299866720950e+02
6.332570957231092024e+01 1.764911857719863875e+01 1.070218355821171059e+02 1.693345299866720950e+02
6.332570957231092024e+01 1.764911857719863875e+01 1.070218355821171059e+02 1.693345299866720950e+02
6.332570957231092024e+01 1.764911857719863875e+01 1.070218355821171059e+02 1.693345299866720950e+02
6.332570957231092024e+01 1.764911857719863875e+01 1.070218355821171059e+02 1.693345299866720950e+02
6.332570957231092024e+01 1.764911857719863875e+01 1.070218355821171059e+02 1.693345299866720950e+02
6.332570957231092024e+01 1.764911857719863875e+01 1.070218355821171059e+02 1.693345299866720950e+02
6.332570957231092024e+01 1.764911857719863875e+01 1.070218355821171059e+02 1.693345299866720950e+02
6.332570957231092024e+01 1.764911857719863875e+01 1.070218355821171059e+02 1.693345299866720950e+02
6.332570957231092024e+01 1.764911857719863875e+01 1.070218355821171059e+02 1.693345299866720950e+02
6.332570957231092024e+01 1.764911857719863875e+01 1.070218355821171059e+02 1.693345299866720950e+02
6.332570957231092024e+01 1.764911857719863875e+01 1.070218355821171059e+02 1.693345299866720950e+02
6.332570957231092024e+01 1.764911857719863875e+01 1.070218355821171059e+02 1.693345299866720950e+02
6.332570957231092024e+01 1.764911857719863875e+01 1.070218355821171059e+02 1.693345299866720950e+02
6.332570957231092024e+01 1.764911857719863875e+01 1.070218355821171059e+02 1.693345299866720950e+02
6.332570957231092024e+01 1.764911857719863875e+01 1.070218355821171059e+02 1.693345299866720950e+02
6.332570957231092024e+01 1.764911857719863875e+01 1.070218355821171059e+02 1.693345299866720950e+02
6.332570957231092024e+01 1.764911857719863875e+01 1.070218355821171059e+02 1.693345299866720950e+02
6.332570957231092024e+01 1.764911857719863875e+01 1.070218355821171059e+02 1.693345299866720950e+02
6.332570957231092024e+01 1.764911857719863875e+01 1.070218355821171059e+02 1.693345299866720950e+02
6.332570957231092024e+01 1.764911857719863875e+01 1.070218355821171059e+02 1.693345299866720950e+02
6.332570957231092024e+01 1.764911857719863875e+01 1.070218355821171059e+02 1.693345299866720950e+02
6.332570957231092024e+01 1.764911857719863875e+01 1.070218355821171059e+02 1.693345299866720950e+02
6.332570957231092024e+01 1.764911857719863875e+01 1.070218355821171059e+02 1.693345299866720950e+02
6.332570957231092024e+01 1.764911857719863875e+01 1.070218355821171059e+02 1.693345299866720950e+02
6.332570957231092024e+01 1.764911857719863875e+01 1.070218355821171059e+02 1.693345299866720950e+02
6.332570957231092024e+01 1.764911857719863875e+01 1.070218355821171059e+02 1.693345299866720950e+02
6.332570957231092024e+01 1.764911857719863875e+01 1.070218355821171059e+02 1.693345299866720950e+02
6.332570957231092024e+01 1.764911857719863875e+01 1.070218355821171059e+02 1.693345299866720950e+02
6.332570957231092024e+01 1.764911857719863875e+01 1.070218355821171059e+02 1.693345299866720950e+02
6.332570957231092024e+01 1.764911857719863875e+01 1.070218355821171059e+02 1.693345299866720950e+02
6.332570957231092024e+01 1.764911857719863875e+01 1.070218355821171059e+02 1.693345299866720950e+02
6.332570957231092024e+01 1.764911857719863875e+01 1.070218355821171059e+02 1.693345299866720950e+02
6.332570957231092024e+01 1.764911857719863875e+01 1.070218355821171059e+02 1.693345299866720950e+02
6.332570957231092024e+01 1.764911857719863875e+01 1.070218355821171059e+02 1.693345299866720950e+02
6.332570957231092024e+01 1.764911857719863875e+01 1.070218355821171059e+02 1.693345299866720950e+02
6.332570957231092024e+01 1.764911857719863875e+01 1.070218355821171059e+02 1.693345299866720950e+02
6.332570957231092024e+01 1.764911857719863875e+01 1.070218355821171059e+02 1.693345299866720950e+02
6.332570957231092024e+01 1.764911857719863875e+01 1.070218355821171059e+02 1.693345299866720950e+02
6.332570957231092024e+01 1.764911857719863875e+01 1.070218355821171059e+02 1.693345299866720950e+02
6.332570957231092024e+01 1.764911857719863875e+01 1.070218355821171059e+02 1.693345299866720950e+02
6.332570957231092024e+01 1.764911857719863875e+01 1.070218355821171059e+02 1.693345299866720950e+02
6.332570957231092024e+01 1.764911857719863875e+01 1.070218355821171059e+02 1.693345299866720950e+02
6.332570957231092024e+01 1.764911857719863875e+01 1.070218355821171059e+02 1.693345299866720950e+02
6.332570957231092024e+01 1.764911857719863875e+01 1.070218355821171059e+02 1.693345299866720950e+02
6.332570957231092024e+01 1.764911857719863875e+01 1.070218355821171059e+02 1.693345299866720950e+02
6.332570957231092024e+01 1.764911857719863875e+01 1.070218355821171059e+02 1.693345299866720950e+02
6.332570957231092024e+01 1.764911857719863875e+01 1.070218355821171059e+02 1.693345299866720950e+02
