1.000000000000000000e+00 1.000000000000000000e+00 1.000000000000000000e+00 1.000000000000000000e+00
3.375944944083278942e-01 8.757677003757977086e-02 1.332362231406341664e+02 1.083391105642185354e-01
3.648806561429435713e-01 8.429421326091918187e-02 1.357220269701261941e+02 1.106870923434551957e-01
3.846427961022167996e-01 7.870940058394090832e-02 1.221643114609070153e+02 1.241181142133237353e-01
3.439159824718150960e-01 5.857760335482837394e-02 1.025857467264217746e+02 1.315443113158965283e-01
2.937273302368597072e-01 5.584321007125690045e-02 1.008360163957330116e+02 1.381248296433439937e-01
3.025453538160177702e-01 3.495265018098823312e-02 1.139731105030214735e+02 1.273179142884826587e-01
2.626474023995713503e-01 3.616618600636983122e-02 9.544492954285776420e+01 1.327888249787573804e-01
2.520058181618308746e-01 3.298259010935019470e-02 9.787479273529747559e+01 1.410354888193273148e-01
2.622624700519584073e-01 3.007645909702629655e-02 1.026154896916504811e+02 1.337656360653317056e-01
2.823009455807378165e-01 3.324155019324773197e-02 1.057271374923737284e+02 1.303495528749260279e-01
2.758556351346897473e-01 3.308335265676555503e-02 1.122002193242162491e+02 1.193237198461330473e-01
2.564639644808003882e-01 2.921671211058188278e-02 1.049696808916785500e+02 1.223263110431909717e-01
2.562873237905585744e-01 3.009760283248300722e-02 1.119376980553817020e+02 1.331165559714139190e-01
2.769277544425630122e-01 3.024460293215336382e-02 1.098054497543148926e+02 1.409821625193316275e-01
2.532218867495683035e-01 2.667997486523956616e-02 1.156737981357197924e+02 1.373195864021963530e-01
2.720172968795565582e-01 2.856483964003013812e-02 1.128578752612091733e+02 1.276103207606604506e-01
2.736802374771027391e-01 3.002260686210672658e-02 1.145051486069889819e+02 1.349867764375078105e-01
2.561557404686311545e-01 2.852226727167302481e-02 1.195690965030548369e+02 1.366166534419624989e-01
2.605524327614262003e-01 3.150883838368617046e-02 1.096894964243410158e+02 1.297719760256690058e-01
2.550402252936807557e-01 3.253726392366734776e-02 1.191648722424297659e+02 1.498311908329799935e-01
2.808888060910236795e-01 2.652296968341207040e-02 1.084431127206664769e+02 1.385878969622914014e-01
2.369676723940115082e-01 2.873088263774799950e-02 1.271893013173147295e+02 1.321158480061561669e-01
2.473526060604469556e-01 2.590626818810156176e-02 1.182537415288204699e+02 1.365482890526279747e-01
2.359615903047371510e-01 2.996998827903149185e-02 1.068906521662345455e+02 1.446375940381733338e-01
2.555131504360523831e-01 2.744420011535893267e-02 1.109597906401244529e+02 1.427288335905785299e-01
2.391361633522037233e-01 3.035933397939567790e-02 1.143511382494553459e+02 1.390694209448442853e-01
2.501577398529554741e-01 2.755766393242058479e-02 1.166635226254189348e+02 1.418901083833864762e-01
2.565010463090933168e-01 3.082899603067695490e-02 1.150808622550999303e+02 1.440656392459507273e-01
2.645203555264096229e-01 3.066360318801064633e-02 1.062815750380937914e+02 1.597724140631947287e-01
2.304993028625523244e-01 2.966935895815924970e-02 1.127639930047951680e+02 1.280346303050484413e-01
2.452748069564880951e-01 2.600432379081979439e-02 1.070727234852450351e+02 1.279322467277538011e-01
2.874028975340383596e-01 2.667972595834834995e-02 1.145739262256256410e+02 1.306484429642611467e-01
2.682669370448534374e-01 3.138237216827074322e-02 1.097005003916448089e+02 1.332840465829901455e-01
2.379235733618167981e-01 3.002469395378842484e-02 1.215774858374106770e+02 1.311220564658453769e-01
2.352636601919857740e-01 2.737714356530711324e-02 1.073454248959881312e+02 1.445857883331058413e-01
2.449048118509867811e-01 2.871574679953933090e-02 1.137020323137871287e+02 1.190924489640630690e-01
2.357099962870076448e-01 2.841089903366898067e-02 1.243885957309137780e+02 1.371304445425844953e-01
2.424592018233341362e-01 3.091616837088076788e-02 1.180783334839329939e+02 1.365212637654860395e-01
2.411629668813803917e-01 2.774922795394403965e-02 1.077265154577230390e+02 1.326754714060116025e-01
2.629726866425435294e-01 2.758289030261441843e-02 1.189075185653333335e+02 1.485591907224916575e-01
2.542727047761078052e-01 3.006449707493377699e-02 1.084339684095269689e+02 1.433628334806768267e-01
2.369713286981530997e-01 2.823002017340377201e-02 1.059166092359814257e+02 1.302106744629680513e-01
2.485850710985480772e-01 2.855642334791318182e-02 1.107649743567947525e+02 1.330223099989800706e-01
2.652824571825035949e-01 2.346074042767069129e-02 1.001921335706468454e+02 1.422677319612179192e-01
2.219753845697444994e-01 2.802142452002774273e-02 1.071956634418076675e+02 1.421167324386410080e-01
2.546619527428949370e-01 2.525407653817504650e-02 9.429409878714179172e+01 1.464359125020714414e-01
2.349483672877449580e-01 2.756231667625124587e-02 1.003127298265766001e+02 1.423267543312184691e-01
2.350065297421552457e-01 2.583556646177354033e-02 9.264280988500651404e+01 1.491952490746323301e-01
2.627579554925726923e-01 2.717134683016008898e-02 8.370297409757230866e+01 1.448341997550659510e-01
2.696508374055864299e-01 2.611570240560175463e-02 8.391978717667433330e+01 1.538356602843604926e-01
2.283643628563943873e-01 2.751099281428343729e-02 8.005514260090360779e+01 1.797999903750545359e-01
2.434485686499715529e-01 2.802722989259230288e-02 8.071110800226196602e+01 1.659693701075077021e-01
2.324959245663342500e-01 2.417248182802301387e-02 7.137115393655965079e+01 1.742378143046956762e-01
1.855849849444553279e-01 2.354726160398170828e-02 5.821797490517993623e+01 2.041995323895922920e-01
1.808668511206980023e-01 2.102582641586233161e-02 4.429332427411328865e+01 2.164011171719167625e-01
2.290902132397633906e-01 2.225401106910765078e-02 3.760299833783805212e+01 2.175535932637439607e-01
2.291616291930873572e-01 2.046364402870867391e-02 3.959913256203050480e+01 2.419728060567497008e-01
2.217229537238186166e-01 2.052749670100593657e-02 3.699813262288929394e+01 2.491817636914319678e-01
2.122848611784497741e-01 2.116148749288293204e-02 3.975793294506667053e+01 2.066117866834582817e-01
1.938295119127944055e-01 2.363528833727603432e-02 3.940428492611305700e+01 2.221920281507834272e-01
2.212701584196039850e-01 2.279820513765424411e-02 4.034250294241340384e+01 2.136925809076557214e-01
1.768822468785061774e-01 2.359119260082615313e-02 3.079949530371564492e+01 2.196709977122829061e-01
1.780658505434865591e-01 2.252994743899263894e-02 3.406681077205960406e+01 2.404895705651033111e-01
1.813776422039563851e-01 1.943695313089624510e-02 2.980639676978443475e+01 2.937754303588697713e-01
1.873323874510324505e-01 2.609426166030390584e-02 1.847313045879654325e+01 2.793724322344371958e-01
1.919587752378164036e-01 2.222079680405592006e-02 1.948802465698073050e+01 2.834825393975248242e-01
1.925482751700235140e-01 2.424549642780660097e-02 2.023201701094265914e+01 2.544812305377164852e-01
1.742913557561220350e-01 2.083779308841103226e-02 1.658621910898038365e+01 2.730855195285216697e-01
1.866084002255064267e-01 2.121379543412544449e-02 1.806431167408493010e+01 2.646588561236483117e-01
1.729963250112238615e-01 2.132985749136432838e-02 1.696442448033313966e+01 2.812723815176686459e-01
1.890101913657899202e-01 2.008622658830791843e-02 1.987979919344544300e+01 2.780530941726319094e-01
2.030442034496589276e-01 2.179296361183829731e-02 1.792058662826802973e+01 2.786404774038098719e-01
1.806681706805867704e-01 2.391915185460410237e-02 1.070539542571091296e+01 3.012964817759742897e-01
1.855420441740503190e-01 2.569817083826288207e-02 5.905384405525643920e+00 2.802289183425732966e-01
1.855450448127009822e-01 2.625532036244875717e-02 5.384682117203558605e+00 3.284059787147904919e-01
1.717205343103666570e-01 2.151418421288463223e-02 5.494086569396541719e+00 3.138835215897504693e-01
1.786881971408889602e-01 2.321040421170662837e-02 4.599639264778576653e+00 3.000768645585490946e-01
1.695398544900133531e-01 3.068471358457038403e-02 2.012394583276501780e+00 2.959670306944607310e-01
1.472373426998005164e-01 3.425878130514418973e-02 1.862420761120851420e+00 3.350654662880284129e-01
1.357142859679733027e-01 2.953864414682431244e-02 1.640283968363212219e+00 3.152695565481971607e-01
1.455941774704251068e-01 3.708681977097683102e-02 1.477965219733023750e+00 3.014936203846110829e-01
1.565824364003705338e-01 2.977263628468949930e-02 1.390153620107999144e+00 3.220822228647559071e-01
1.387424252908114886e-01 3.119428132883538332e-02 1.138065090997600004e+00 3.054945410702367137e-01
1.498806356798254302e-01 3.050888276615000561e-02 1.003296142971369376e+00 3.451022675477358748e-01
1.508464231989499471e-01 3.018408384492063737e-02 1.040361274413245329e+00 3.466611816689702530e-01
1.452487485033386039e-01 3.014892111360636603e-02 9.575174027659663079e-01 3.541282434242002397e-01
1.433136189752474143e-01 2.954108436210381092e-02 8.143211335380224902e-01 3.569759999157830488e-01
1.525764940964267347e-01 3.034110446836325858e-02 8.710105064728850266e-01 3.458512514455283071e-01
1.520810672513554507e-01 2.995065580267647701e-02 7.674509233308659528e-01 3.304004383014284563e-01
1.404708774445764807e-01 2.959502520155555053e-02 7.813183664259976124e-01 3.519644140407264810e-01
1.576377467071693184e-01 3.079223314238924841e-02 8.753301965407398466e-01 3.241879791251587317e-01
1.586308139623916202e-01 2.698116265308451653e-02 6.115814721319727809e-01 3.259877646557688413e-01
1.445721287386888820e-01 2.779601908016214595e-02 6.600763707620568299e-01 3.527989358266983011e-01
1.477216763669359501e-01 2.793718844151008018e-02 6.244736276502138583e-01 3.277404977885305382e-01
1.592322778844382780e-01 2.776163256990782716e-02 6.314896525527327054e-01 2.927259689382996632e-01
1.542457706494964609e-01 2.985597862046069847e-02 5.201358119767867105e-01 3.256217102255223872e-01
1.332342713241074228e-01 2.738202111768471558e-02 5.579543947686511629e-01 3.216319717417381319e-01
1.335403108987142373e-01 2.822420190514444982e-02 5.416039052843986124e-01 2.961864727311401824e-01
1.425894820279465514e-01 2.747492730420254131e-02 5.442036347542635877e-01 3.588926606113223561e-01
1.712258021963775634e-01 2.728832508904890236e-02 4.879145265128936870e-01 3.450988046177203006e-01
1.448290168617188400e-01 2.892465307952064163e-02 5.006069737506781969e-01 3.458929015476052693e-01
1.522104617044483521e-01 3.018527365855960473e-02 4.772101882778604920e-01 3.122736790459706424e-01
1.420314501532133622e-01 2.787677218729059728e-02 5.327813103413905349e-01 3.412834869935554294e-01
1.399623678133607996e-01 2.765600836092488649e-02 5.131855098956441541e-01 3.464817608897577950e-01
1.539013441974964314e-01 2.665120700107539986e-02 5.054660450891030887e-01 3.728908259667920722e-01
1.660499584328037348e-01 2.880823854062776121e-02 5.236227411218258299e-01 3.317614274052799739e-01
1.432430295817977983e-01 2.591122209930019071e-02 4.821711450194671178e-01 3.415376103574098154e-01
1.537957945576887142e-01 2.989778988274255020e-02 4.910169268443586033e-01 3.097769382486075807e-01
1.470807334193240945e-01 2.775659139596268685e-02 4.843841546057034431e-01 3.759473898072479003e-01
1.436353272045850227e-01 2.631090555035297401e-02 4.548181691633451096e-01 3.396927251726977737e-01
1.488875330976038025e-01 2.800312281202562564e-02 4.468032344272845902e-01 3.518729072431210914e-01
1.379342474960393583e-01 2.536875333596744220e-02 4.290907379400157318e-01 3.333763548679431477e-01
1.544495401963781600e-01 2.641120824758378879e-02 3.726762077524480299e-01 3.352451513338883249e-01
1.598756903473486923e-01 2.522418821049347837e-02 4.499065417975761649e-01 3.284841123776480742e-01
1.595324996746661783e-01 2.450502478352356919e-02 4.037524137835180604e-01 3.088361136189087253e-01
1.622129061628795332e-01 2.389796339109179560e-02 4.134869000829767272e-01 3.398842248127358912e-01
1.723781756745523808e-01 2.287274287654497001e-02 3.626613191367339950e-01 3.246578397698993701e-01
1.548513484744057367e-01 2.610606171395505118e-02 3.896124304045881503e-01 3.262580148243018341e-01
1.459296768601236194e-01 2.623719273716804135e-02 3.457229047843632386e-01 3.519634576850848018e-01
1.404094681191571381e-01 2.392550933782514738e-02 3.118717079939145598e-01 3.374078386061050150e-01
1.593533320538556008e-01 2.208697823801261326e-02 3.027965235262073951e-01 2.920796915354578749e-01
1.757168958989726026e-01 2.261312461685072855e-02 2.946979865396824327e-01 3.246083876311837146e-01
1.358920552202937393e-01 2.590947880970683251e-02 2.364258109457100243e-01 3.314407522512455295e-01
1.446606764076028562e-01 2.670613826966428822e-02 2.248977063435439461e-01 3.227516669644795999e-01
1.481568601670999463e-01 2.415139720793100381e-02 2.150649681090862630e-01 3.104044291526027455e-01
1.479707494703011994e-01 2.475584725531317434e-02 2.150739681685931992e-01 2.997454443527290957e-01
1.434626245135254274e-01 2.642316831566226057e-02 2.377556072742815219e-01 3.057775462914692488e-01
1.469918776150349882e-01 2.574998353543790641e-02 1.804331326287099413e-01 3.178521257927946486e-01
1.550216054989050074e-01 2.614516829181852062e-02 1.960368732829085026e-01 3.192172652616324102e-01
1.522558744999014113e-01 2.618653234473034691e-02 1.794831568072737527e-01 3.433106995095210334e-01
1.426180432583607494e-01 2.464435958711081939e-02 1.821334760101898653e-01 3.118752859366495378e-01
1.270290140580254690e-01 2.476190642625985053e-02 1.868775403512757949e-01 3.305469698047768801e-01
1.459214512022928567e-01 2.327027607749959648e-02 1.998905562444910078e-01 2.720918647481525565e-01
1.627744900018647800e-01 2.367730993474609358e-02 1.890516936429803285e-01 3.175390809815850091e-01
1.490919156737269824e-01 2.707664455636238712e-02 1.436933057101238143e-01 3.213900564196003340e-01
1.609536882556123483e-01 2.698186158464055406e-02 1.252254054552743578e-01 3.181030844606407282e-01
1.495105379579823868e-01 2.694309225359841492e-02 1.209194283494602201e-01 3.099006434516622943e-01
1.420765735562276311e-01 2.529509664527279308e-02 1.247815330739261847e-01 3.318273561341299471e-01
1.533232173589760272e-01 2.422924746260271198e-02 1.200069784618734703e-01 3.292307088578032559e-01
1.481841494956394889e-01 2.430176274206553855e-02 1.305083130376489264e-01 3.187148659889000313e-01
1.471407464573849522e-01 2.471049716265489443e-02 1.254337403921807481e-01 3.332573312416977629e-01
1.431032046801045121e-01 2.417572591153865913e-02 1.290466169390646622e-01 3.175378813564397884e-01
1.592826068448552068e-01 2.455162490335983938e-02 1.184441387912997107e-01 3.053729469991124379e-01
1.560874603445138453e-01 2.383916264993131764e-02 1.161457412541056777e-01 3.100159343417925872e-01
1.488199227460630936e-01 2.639909376224271881e-02 1.282323137329569873e-01 3.092436633890678910e-01
1.523914681827396311e-01 2.486323142678207795e-02 1.257218312864515353e-01 3.276074350579964434e-01
1.606391853127794589e-01 2.536066243829487518e-02 1.296418699991616630e-01 3.347687574341707273e-01
1.462865045675142139e-01 2.498923765462745042e-02 1.258339602938206570e-01 3.187041133619109567e-01
1.347049617898267160e-01 2.788791797450667839e-02 1.202845604647102967e-01 3.039331162617558424e-01
1.478564877690474455e-01 2.556631833128220066e-02 1.206958528503929984e-01 3.136100717185025255e-01
1.510029556880446711e-01 2.660629435104810633e-02 1.181163549267932461e-01 3.220354599178871235e-01
1.568956630050330203e-01 2.682921793554032819e-02 1.169098377098645725e-01 3.170502876707733120e-01
1.487466591794801563e-01 2.614808801272050856e-02 1.259741637057264774e-01 3.082052023983070099e-01
1.555601130682946753e-01 2.377703833309722029e-02 1.249612866806021211e-01 3.043976606840914645e-01
1.713846244320205436e-01 2.542255194158806603e-02 1.067875243524891715e-01 3.236760033790043178e-01
1.570076426069811626e-01 2.486756981542365477e-02 8.813233217424720767e-02 3.473007079394808128e-01
1.467492785919263520e-01 2.493487626752237396e-02 9.028452945392966000e-02 3.056056042957716601e-01
1.489769225898075200e-01 2.507163433609396058e-02 9.255553355996409826e-02 3.171058714775045195e-01
1.443820600946769117e-01 2.732003210595028431e-02 9.245857279886979252e-02 3.043166087006435316e-01
1.477426034961740187e-01 2.599760251870389394e-02 9.128123218952233220e-02 3.296654965543652782e-01
1.528365307955217856e-01 2.429183952064598376e-02 9.074235681220070571e-02 2.993825178765518458e-01
1.483727557564481214e-01 2.417875838866803684e-02 8.841331592502467418e-02 3.471796292629097391e-01
1.452321410665743662e-01 2.398994103292468108e-02 8.770182733637658934e-02 3.215517384110506693e-01
1.510615333732722443e-01 2.437786121963284036e-02 9.068039108242577362e-02 2.926219462048567088e-01
1.486994571775822616e-01 2.408492268296688610e-02 9.075930576336287137e-02 3.113568032029875865e-01
1.429280440688842357e-01 2.376889027904000376e-02 8.884967780580853292e-02 3.331228610877122187e-01
1.504133755172919196e-01 2.564688438259046799e-02 9.050188423562710582e-02 3.576572329305464093e-01
1.547954677236070553e-01 2.401778036236847449e-02 8.985373194220362680e-02 3.345422139389841454e-01
1.523687261330380072e-01 2.591703879938246635e-02 9.310968348325468491e-02 3.185638259447506337e-01
1.596093003859093695e-01 2.449861922643897794e-02 8.972085603828973410e-02 2.946008837168925254e-01
1.496792421346559432e-01 2.645257467647344277e-02 8.809137810143116698e-02 3.322772259223463753e-01
1.467432384669558887e-01 2.573744749632637246e-02 9.391637494527867169e-02 3.350682714053854760e-01
1.587745112507736034e-01 2.526051299788228260e-02 9.328000762097625465e-02 3.424414909175932387e-01
1.403822326350468996e-01 2.626754130082830860e-02 8.847132658140180461e-02 3.407190652546816523e-01
1.494739907328152262e-01 2.649139826831563987e-02 8.990479033530481001e-02 3.283209194734669767e-01
1.263502178429765088e-01 2.664269430411037032e-02 7.833835952557439974e-02 2.986507325451025485e-01
1.500735688704186999e-01 2.476019530545784525e-02 9.102444831911771228e-02 3.241244655422387266e-01
1.432555344032234446e-01 2.456830172094735809e-02 8.737120323009897604e-02 2.996834318313536527e-01
1.471074071951948836e-01 2.467128179855864953e-02 9.557141122889273310e-02 3.132888303810656971e-01
1.313245193835488045e-01 2.556998546197205777e-02 9.369742450608585516e-02 3.357332192726965037e-01
1.493457301371168555e-01 2.523010875840124567e-02 9.157035394564373709e-02 3.078438154151296180e-01
1.582448204387146562e-01 2.498921093829587284e-02 9.142796725595504770e-02 3.472507195854470652e-01
1.411424171768921321e-01 2.535274624023703058e-02 9.365789491693753133e-02 3.191714150639051728e-01
1.510586293592429130e-01 2.473387055330363016e-02 8.979486862032785843e-02 2.927293537619399810e-01
1.562963482985852970e-01 2.564006725933474021e-02 8.429430972378328113e-02 2.997738423447549039e-01
1.512136555153865691e-01 2.664594854647370573e-02 9.166698848555071555e-02 3.220922859944212457e-01
1.428798286716109478e-01 2.666068334884849969e-02 8.434872720515614042e-02 3.111169182204654438e-01
1.421907749210471472e-01 2.491702212551642065e-02 8.574409655955825271e-02 3.230488757370369446e-01
1.500374499442536647e-01 2.253969181520786708e-02 9.022587879754120910e-02 3.103427937182881013e-01
1.512819591160785015e-01 2.605094466600767211e-02 1.001921028039475942e-01 3.039904211831996328e-01
1.494365586259185918e-01 2.517792500649206414e-02 9.268599143106398541e-02 3.188537285747660155e-01
1.594015369205002697e-01 2.666298736087682406e-02 9.290543935215586635e-02 3.032690641375462293e-01
1.448691246080356376e-01 2.515998245122108914e-02 9.284609762554492385e-02 3.103507388144728374e-01
1.438476106701535584e-01 2.451284665519653724e-02 8.969766026932264602e-02 3.270627022404711259e-01
1.407020647849638872e-01 2.422477045478719712e-02 9.169775258658156847e-02 2.923825950051907596e-01
1.520118177085022504e-01 2.540167446232597520e-02 8.903306987015176255e-02 3.239807150642049494e-01
1.466306446769184701e-01 2.592588363161133988e-02 8.100675353704288317e-02 3.135762608176819732e-01
1.439526544479083625e-01 2.375512126087136328e-02 9.079137549650605210e-02 2.903196837092987814e-01
1.646409233527779403e-01 2.405895018895552739e-02 8.858902582629504807e-02 3.141323784709036948e-01
1.530065752880477026e-01 2.441275231964986844e-02 8.897997572716288828e-02 3.294370336392582477e-01
1.406598802034798312e-01 2.425216544369931948e-02 8.664522141255565080e-02 3.094233561899069063e-01
1.557671917292950126e-01 2.512289551469731527e-02 8.222250495727462249e-02 3.141677034374283362e-01
1.465591982172180785e-01 2.554286499777755695e-02 8.617690333381823609e-02 3.239985294423374795e-01
1.510701685163214625e-01 2.210009991758756995e-02 8.530786235201853751e-02 3.125201667705694852e-01
1.586784869706211187e-01 2.476636144865999173e-02 8.540868523210709551e-02 3.075515100818338454e-01
1.504720339637946602e-01 2.631976694971894029e-02 9.357057942147981033e-02 2.938131596870914852e-01
1.449894072525053090e-01 2.221529752113447082e-02 9.158366037207855970e-02 3.165624982867252801e-01
1.432672257229029578e-01 2.356270537144183885e-02 9.563265716098036384e-02 3.015099444389562344e-01
1.456647743457485933e-01 2.573236163339056443e-02 8.691784270529326339e-02 3.215691700478261472e-01
1.487625915397044474e-01 2.315492596793121069e-02 9.141590489968411115e-02 3.319559277595433566e-01
1.530426647184341404e-01 2.489880936541736395e-02 9.105085920702703228e-02 3.048896995617060290e-01
1.599773371007660316e-01 2.405923772969352156e-02 8.569839556263567082e-02 3.503201469954863589e-01
1.546851765113040622e-01 2.177285830746381393e-02 8.462951662876040670e-02 3.235558730121561033e-01
1.534189140288182152e-01 2.745997218582715144e-02 8.682372307543724521e-02 3.034191076810495158e-01
1.413786990772495644e-01 2.502326100870636352e-02 8.600640448435385721e-02 2.884644252025203026e-01
1.427397257007262943e-01 2.368472694488275160e-02 8.239919194732642227e-02 3.117058451643263117e-01
1.539408531987424000e-01 2.467593065526246451e-02 8.129234269653133615e-02 3.217076742862515215e-01
1.614694897210354196e-01 2.453293862953410259e-02 8.818289516359259506e-02 3.338218290843234515e-01
1.473000345541942979e-01 2.555913890954078505e-02 9.059360713406812426e-02 3.251370703596119793e-01
1.657513989666720700e-01 2.465579640103692308e-02 9.206176457234029054e-02 3.263521777405338220e-01
1.559710051261391783e-01 2.332780688527229251e-02 9.363399347409800955e-02 3.256329075190549927e-01
1.387048110298951809e-01 2.298204686228774718e-02 8.976517709119161137e-02 3.256258550041217781e-01
1.376534068700610014e-01 2.380330720313596216e-02 9.349573201347280427e-02 2.979274881258081598e-01
1.486831321925107807e-01 2.507047868827718892e-02 8.425614346622375961e-02 2.980484594462083359e-01
1.373484018203779966e-01 2.414358932176259576e-02 9.717485505385868583e-02 3.164756444091192389e-01
1.488696744891076784e-01 2.227733997828347176e-02 8.059638617989521581e-02 3.082310652326938905e-01
1.453051825503418604e-01 2.354541540505824052e-02 9.453211751415230291e-02 3.129356027528949480e-01
1.536148274462117991e-01 2.261929567017213413e-02 8.822477073640853928e-02 3.005839116937118471e-01
1.586735599745306147e-01 2.248658103840242561e-02 8.574990320762823637e-02 3.125464604627708476e-01
1.384411673440803514e-01 2.471605552804491054e-02 9.712927094406446915e-02 3.092015509448847177e-01
1.646403173801376518e-01 2.320420457515033966e-02 8.998722461838004616e-02 3.146742901239779067e-01
1.559508456203580473e-01 2.263247406578299675e-02 8.761314405620247714e-02 3.169308926907873358e-01
1.463973123848677227e-01 1.987839724632582336e-02 8.855013761484273327e-02 2.980190150720259945e-01
1.551045076035515169e-01 2.576637365229249646e-02 9.006813217176372344e-02 3.190194490511167325e-01
1.629027518068707214e-01 2.268817715601636337e-02 9.415565519723020915e-02 3.346848802237612497e-01
1.453755212695582721e-01 2.411207161200444246e-02 8.937291348761955412e-02 3.045764063663468080e-01
1.444810657999316406e-01 2.307130348621637753e-02 8.834020293042153804e-02 3.178276914138831177e-01
1.477630067246199774e-01 2.495554524427737175e-02 8.860122433137521125e-02 3.134762930625204502e-01
1.516781923567012691e-01 2.263078135118253009e-02 8.551558161729160001e-02 3.233732633502630627e-01
1.463616123725587914e-01 2.365322539766291296e-02 8.177868947209793182e-02 3.402749570879717855e-01
1.593791340044271032e-01 2.527466134190156297e-02 8.564483412089488046e-02 2.991638834289830351e-01
1.395196918634307448e-01 2.205530677085262500e-02 9.231345727934174572e-02 2.999217748839429487e-01
1.388857943825609620e-01 2.476182044595720208e-02 9.142501000481556561e-02 3.685906192112444191e-01
1.452824818238593885e-01 2.298823672765013329e-02 8.689314873930097105e-02 3.398484510443473550e-01
1.515952143168416422e-01 2.217903098158413577e-02 8.502454460935007785e-02 3.008637380776850723e-01
1.444717514929400592e-01 2.249478601799766858e-02 8.650960218204761798e-02 3.335553339787813987e-01
1.410591527757973362e-01 2.425777936571617624e-02 9.098432319132974955e-02 3.477502189835408597e-01
1.520099506905984166e-01 2.350494064573313210e-02 8.582920640033871174e-02 3.374767896805320744e-01
1.404476305569880012e-01 2.265383914100647586e-02 8.929604582234572374e-02 3.089973232750466980e-01
1.436661058895721543e-01 2.231919631606541637e-02 8.749808751669803375e-02 3.237951899851627124e-01
1.402378134799090736e-01 2.293866427109989004e-02 9.093270068863532063e-02 2.965651320884274966e-01
1.408208409603439737e-01 2.229830698112129569e-02 8.531776141167891903e-02 3.014024639038067610e-01
1.371703015955775262e-01 2.188757689255348832e-02 8.900320105279561911e-02 3.105831510213921121e-01
1.408331277870403242e-01 2.450559197301710457e-02 8.579919685581256783e-02 3.359527209877595788e-01
1.528989348274583382e-01 2.404197908949903817e-02 8.349843291409624058e-02 3.377791861739142809e-01
1.487015835007736986e-01 2.263325831715114894e-02 7.948269639561128530e-02 3.423496323952259224e-01
1.418336021384924150e-01 2.332650765022750358e-02 9.113682474385585708e-02 2.858905420259909569e-01
1.440713910689461752e-01 2.212807650155543607e-02 8.672490741114377566e-02 3.269918643673700998e-01
1.513053208646383818e-01 2.449079546110059791e-02 9.727361739008164032e-02 2.975105951035771912e-01
1.403086767236736421e-01 2.483371905068865529e-02 8.711237046855997701e-02 3.398885530938476340e-01
1.555839328346627637e-01 2.185580307800518915e-02 8.491484783749020382e-02 2.935771982583373907e-01
1.440393658987136616e-01 2.247906773918618983e-02 9.070341021176686613e-02 3.231476660522895061e-01
1.311265537791434510e-01 2.450024163407522881e-02 9.260171576726555775e-02 3.550998351573653733e-01
1.343661981023254459e-01 2.407025697132677763e-02 8.790402409396189110e-02 3.408529476447637596e-01
1.480368139279884532e-01 2.268373152352504141e-02 8.017338876282519011e-02 3.050461881148830989e-01
1.382327554519811041e-01 2.322812246545368289e-02 9.087749153858581952e-02 3.194341771433151789e-01
1.412526353736557327e-01 2.439120912255222234e-02 8.738890133284429873e-02 3.282934831211684612e-01
1.392277535900684760e-01 2.230315727174148402e-02 9.212684832497983201e-02 3.380172690251418421e-01
1.399178167307213172e-01 2.110538068571587295e-02 8.965123585403943218e-02 2.747258938163584796e-01
1.444429102638176976e-01 2.243220910781302049e-02 9.548074288858361680e-02 3.082960669535489417e-01
1.389298009265496903e-01 2.364526948418670463e-02 8.460105165313712428e-02 3.283345092579577629e-01
1.388320679411141068e-01 2.093735600463083116e-02 8.651018114356510968e-02 3.504988648697113240e-01
1.469810851510242877e-01 2.225622142326756647e-02 8.453447340844069680e-02 3.142419964700751689e-01
1.548136727657663803e-01 2.395552588177131750e-02 8.004330391608560635e-02 3.211037765463708449e-01
1.497496181375234381e-01 2.466097182929934822e-02 8.824151508804484179e-02 2.990900944221293045e-01
1.515465594289885920e-01 2.223139866295814268e-02 8.886838270601286893e-02 3.061621430308835712e-01
1.471780597055091233e-01 2.353257438804027407e-02 8.826795547441436407e-02 3.188634826800102462e-01
1.436227630925879795e-01 2.409166076883070481e-02 9.215262887827296856e-02 3.300917267737731864e-01
1.382432738583922183e-01 2.288416499721560721e-02 8.810611393187871287e-02 3.151511472705423311e-01
1.382513178314616620e-01 2.365409187003423425e-02 8.742426992673471564e-02 3.311778268862378694e-01
1.369870706044512554e-01 2.299828351255646039e-02 8.063266782500869145e-02 3.260518335363321585e-01
1.444567428513939267e-01 2.466313826767010595e-02 8.820047031159765349e-02 3.184105633979674166e-01
1.515784881978703424e-01 2.372753927779397767e-02 9.254730485455238409e-02 3.335773718289363199e-01
1.517007714545037522e-01 2.298823251319828675e-02 8.747616513590890375e-02 3.432982543869796954e-01
1.496109966458240292e-01 2.243910460157471157e-02 8.373852744628429434e-02 3.057822131049562353e-01
1.560498893698749057e-01 2.204551545772735072e-02 8.861966761060637021e-02 3.348477433018711147e-01
1.469142287513720557e-01 2.493328883438617610e-02 8.551422627820279287e-02 3.493687297043120976e-01
1.340394284839541983e-01 2.165503720281711578e-02 9.326153896130930099e-02 3.157316403144049821e-01
1.488870794990927449e-01 2.229689675539515623e-02 9.478216915891118921e-02 3.394054515176099796e-01
1.432981314113584981e-01 2.117846566044748538e-02 9.379422756026446761e-02 3.323499569762422001e-01
1.497103993931969135e-01 2.448932836093850943e-02 9.536907110655108710e-02 3.659088977730102221e-01
1.458557166725534815e-01 2.184635325989011528e-02 7.854726681873265559e-02 3.190891240189106526e-01
1.334204642528179496e-01 2.447858975702556922e-02 9.067199091484383355e-02 3.032544953002447863e-01
1.433325438660395801e-01 2.281505303201121146e-02 8.382469250614400791e-02 3.194031038744759576e-01
1.383760421429835463e-01 2.263321852690412458e-02 8.944059294259990023e-02 3.111090357981216581e-01
1.484180658698307509e-01 2.169265710157062751e-02 8.698661460591654293e-02 3.055174805044726938e-01
1.314057970015850008e-01 2.251203237083196015e-02 8.621331269149334897e-02 2.994476163989667761e-01
1.566192716407839858e-01 2.357630262587129960e-02 8.291998726803574693e-02 3.209794819944803979e-01
1.297050844796879820e-01 2.259394986555714538e-02 9.723193111288455648e-02 2.976507543329868222e-01
1.468310834200462212e-01 2.396985823137602611e-02 9.070806671259046272e-02 3.284000266898191023e-01
1.532658056218789144e-01 2.415196023640570414e-02 8.430230757006573761e-02 3.076216317532083355e-01
1.564030042626892159e-01 2.405014468371668643e-02 8.854431817175321962e-02 2.981833751458969894e-01
1.394132723575861599e-01 2.181236658973900733e-02 8.601377610151415831e-02 2.973782910933094326e-01
1.366347624654776771e-01 2.277709540555379608e-02 9.061867448290825133e-02 3.063647691425845365e-01
1.458066322528373260e-01 2.323072964142881142e-02 8.866125714331733743e-02 3.439328405579884507e-01
1.475945306373589172e-01 2.231581551980387976e-02 9.177681117310254599e-02 3.291216641298850831e-01
1.473930002064125500e-01 2.249421777091872854e-02 9.199863805125128857e-02 3.044704701907077760e-01
1.362096724832905226e-01 2.391347543347522794e-02 8.986062313639418819e-02 3.459141270689093939e-01
1.427434406528879374e-01 2.205497692116158148e-02 7.899702071664164993e-02 3.054681508403803147e-01
1.426531382920241398e-01 1.988310120046470064e-02 8.239124411442777518e-02 3.275885763597624067e-01
1.417566718853333074e-01 2.469175590350355942e-02 8.761141568381852762e-02 3.000920633835092999e-01
1.477329349187175012e-01 2.546516540715393351e-02 8.326929755320597315e-02 3.195611216214521155e-01
1.336388475281611032e-01 2.296538682878732432e-02 8.433304677669166416e-02 3.242862539750868134e-01
1.382176890037390415e-01 2.603604261114607007e-02 8.122590184254911694e-02 3.279655427071632157e-01
1.401982869823280298e-01 2.265884422564648157e-02 8.606347901171629289e-02 3.241206116279506388e-01
1.567043840436275759e-01 2.280766179932562990e-02 8.803894035295456444e-02 3.310276236829891583e-01
1.532182394093913325e-01 2.171089986171395939e-02 8.514318561930589446e-02 3.176759956048799127e-01
1.377448619008647679e-01 2.249910575323930614e-02 8.668904195167165261e-02 3.186012820508674626e-01
1.633973729509067552e-01 2.317345651539175905e-02 8.304620666169780507e-02 2.998971130765717974e-01
1.549026287103676403e-01 2.293539416517574245e-02 8.125134847230203183e-02 3.061300461409987017e-01
1.514669541687874710e-01 2.299783817914081291e-02 8.831098944993845401e-02 2.954319542730035053e-01
1.503371524284113636e-01 2.392193096507696723e-02 8.554554165870013882e-02 3.351626723601726643e-01
1.554307722093557220e-01 2.285197264063322867e-02 9.596520794011684230e-02 3.090352279637609278e-01
1.457358098526309598e-01 2.314325502246779992e-02 8.925464754356789154e-02 3.160633173106506266e-01
1.516677371887524550e-01 2.183199393519300036e-02 8.815724940544694688e-02 2.998447271680793613e-01
1.523092976550898536e-01 2.314843298665994129e-02 8.430413172423999180e-02 3.096903724091420451e-01
1.463437458433909377e-01 2.262500499459181580e-02 8.960752325505998150e-02 3.425574159063936031e-01
1.463777669961208727e-01 2.197002183964750013e-02 8.663524215329744538e-02 3.202836434816294098e-01
1.319377593786001945e-01 2.209676438539217788e-02 8.603306918538784764e-02 2.977509093273070784e-01
1.552847505186235599e-01 2.311144704726383892e-02 9.294446596470846977e-02 2.987697621237390688e-01
1.567194194414900377e-01 2.318154143547175583e-02 8.217085365947947306e-02 3.455379016720072083e-01
1.473728922888450921e-01 2.577961607112196421e-02 8.429352049303634464e-02 3.171109300501546713e-01
1.368250585722658175e-01 2.362829198273060788e-02 1.028770692498609945e-01 3.354655261249459008e-01
1.576649263149907665e-01 2.275186766393261922e-02 8.734543155007619408e-02 3.048931075149687864e-01
1.458997125171644649e-01 2.103105741632453965e-02 8.918361769884328161e-02 3.008701306979603696e-01
1.408673797013278162e-01 2.378608208658790704e-02 8.604277156127650150e-02 3.433254255179402081e-01
1.477190071236340052e-01 2.293999410814218098e-02 8.430552403088188707e-02 3.058850751661024159e-01
1.363503386450831412e-01 2.388144461075374439e-02 8.017361823142021837e-02 3.325647702549739404e-01
1.330860445006928905e-01 2.187087905178806968e-02 9.124403932511129800e-02 3.180016752508357247e-01
1.566704795129197358e-01 2.273360401125371077e-02 8.156942324116889242e-02 3.265853471158915444e-01
1.404480120186835101e-01 2.105004363760355768e-02 7.803162673310197472e-02 3.106388212914697466e-01
1.322766605375820803e-01 2.209524102434633555e-02 8.179580712347614413e-02 3.380459152435552062e-01
1.546583157803426978e-01 2.047379025817290185e-02 9.626526128467667587e-02 3.114321976500082356e-01
1.642694098871145814e-01 2.343580528123343637e-02 9.858149039039648676e-02 3.195322352409561972e-01
1.460837067731002303e-01 2.222598078204275976e-02 8.731068939434034892e-02 3.017847858019324647e-01
1.401902947070318151e-01 2.037178396525247265e-02 8.357350312939984538e-02 3.076362052561634197e-01
1.674724256321870053e-01 2.250411679620812830e-02 8.754785602502185293e-02 3.260189713153168745e-01
1.644479815947351986e-01 2.386187524671558660e-02 8.746272970257669421e-02 2.932454331575799489e-01
1.450791177944828758e-01 2.271495904505766925e-02 9.592542002269298373e-02 3.099262829124033169e-01
1.423646360484358553e-01 2.374748678539471969e-02 8.579801837157369215e-02 3.286357604293933532e-01
1.595635847684130915e-01 2.360592708001924347e-02 8.688116933411176024e-02 2.949444159372785479e-01
1.437631670903936343e-01 2.456950712952124874e-02 8.700867564384440200e-02 3.322142630199165780e-01
1.344645429438499629e-01 2.220245466242883742e-02 9.344152949699251198e-02 3.075047520679071722e-01
1.581571498568928591e-01 2.393675620047655897e-02 8.693229467356847207e-02 3.186517304256633043e-01
1.347176514361572153e-01 2.463057300249901077e-02 8.754991747595275431e-02 3.060790603186890335e-01
1.509897675271002770e-01 2.154901130617920338e-02 8.146037121712307316e-02 3.074420712804938338e-01
1.374147870019028495e-01 2.189604497121035165e-02 8.112808425013104396e-02 2.927119992422840267e-01
1.476569501431240494e-01 2.281440015501384408e-02 8.426168525496667561e-02 3.323730536567314209e-01
1.399327048962064057e-01 2.376711844311600944e-02 9.539537181503303376e-02 3.026534802335721364e-01
1.424501807463206260e-01 2.385718778845914712e-02 8.927397708867954029e-02 3.299943776220846670e-01
1.493674988606381870e-01 2.327752249317896482e-02 9.612367329441794117e-02 2.882504163259704821e-01
1.352549566702112016e-01 2.282724589503664150e-02 8.561176459701336228e-02 3.582824367989957404e-01
1.510705734650869547e-01 2.197423389006118721e-02 8.892179805621371058e-02 3.389696766078775791e-01
1.492594259674727419e-01 2.222493618487336037e-02 8.461312035092108386e-02 3.155222656734243958e-01
1.529544359853939328e-01 2.422652281454888701e-02 8.564252276754091842e-02 3.220392177989455096e-01
1.555441140906816677e-01 2.220546013483800513e-02 8.566346870607510766e-02 3.183989670837033548e-01
1.351869849419461977e-01 2.353713395657165697e-02 9.413501935079333915e-02 3.124597194754583640e-01
1.298302789013090486e-01 2.372897747456050727e-02 8.596472341924370208e-02 3.160003182237273722e-01
1.406973639606639015e-01 2.558259206015204082e-02 8.800228456746883587e-02 3.018831926218550343e-01
1.322664927221922637e-01 2.102756542046422400e-02 8.109880699621267730e-02 3.149269105826839610e-01
1.337749686125976334e-01 2.280700105594111668e-02 8.322496332130983887e-02 3.067605098714907830e-01
1.389228717245270250e-01 2.521677622484134670e-02 8.023002114288156628e-02 3.449437231348340682e-01
1.366841097793294046e-01 2.362726136508541686e-02 9.161734646158156692e-02 3.414880555243253180e-01
1.488456439329505498e-01 2.460822907275301424e-02 8.656397239745583505e-02 3.130444725662136496e-01
1.453977368560449013e-01 2.487489982094522392e-02 9.095183175465211545e-02 3.111386885710249461e-01
1.466801885949919060e-01 2.340720566362178984e-02 8.562138723069406820e-02 3.246600940233010379e-01
1.371185630827081725e-01 2.262433885669413655e-02 8.303176473409117075e-02 3.230933179531109700e-01
1.430748193632503662e-01 2.317027441654917128e-02 8.754671044025093274e-02 3.112333529822129963e-01
1.409975568180304450e-01 2.145872569245425507e-02 8.354571250348040434e-02 3.297610382857061873e-01
1.533106677309253596e-01 2.304655965208610158e-02 9.711786469484094686e-02 3.230483534910404408e-01
1.483205507783488253e-01 2.262103674394791430e-02 9.030523108949366218e-02 3.192736204117202492e-01
1.513412953895423019e-01 2.177020380185355763e-02 8.667617523212098329e-02 3.375199430265131140e-01
1.427981028844361455e-01 2.230597018695124750e-02 9.098978134684224117e-02 3.271292068157101163e-01
1.347831939323568262e-01 2.466487859489148796e-02 8.395223184927731730e-02 3.195415399523834910e-01
1.448456107287549866e-01 2.474928177472126081e-02 9.303550437670402018e-02 3.097777671428387780e-01
1.533130860630673165e-01 2.282536284411447111e-02 9.185321943509194842e-02 3.073673092880557234e-01
1.452313401692123807e-01 2.225190039645998444e-02 8.996972029851739439e-02 3.150763142870577904e-01
1.440292437653796775e-01 2.039737716308165014e-02 9.922097794745772525e-02 3.181233645006892319e-01
1.294490785708491687e-01 2.305514089214086293e-02 9.013219222010275533e-02 3.210460915816037430e-01
1.360487486632075693e-01 2.511516042578584851e-02 8.455056369339812583e-02 2.913156103566981181e-01
1.492705128029829520e-01 2.053861651352142242e-02 9.653326980662893519e-02 3.185141300566892708e-01
1.459880354952722281e-01 2.270792121603768324e-02 9.848522724499943204e-02 3.012746832356917315e-01
1.493882765822448500e-01 2.257063474948636447e-02 9.022843802364290122e-02 2.997783992400819830e-01
1.552912134126042121e-01 2.212685738339468036e-02 8.110960357399328580e-02 3.022727421870079478e-01
1.425037190469665149e-01 2.497469942619561650e-02 9.072145653304317103e-02 3.128682957992279245e-01
1.547557251172796688e-01 2.136904207725390248e-02 9.502082472617114084e-02 3.328885210848647191e-01
1.387729222361695491e-01 2.203308304371253898e-02 8.277063089036995613e-02 3.138635727822597921e-01
1.495948940067221566e-01 2.213666740828548057e-02 8.403454562990952947e-02 3.432913966812526363e-01
1.612646267711928538e-01 2.225225228076929337e-02 8.717438750752634635e-02 3.274419704591397529e-01
