7.139057554827836611e+02 9.678679687494285417e+02 5.129244599413838005e+05 3.203966798779956804e+01
6.712136842448953757e+02 9.216949292284878084e+02 4.797143773834932945e+05 3.480468371533945771e+01
6.896932691677362754e+02 9.395085172788368482e+02 4.867754227027382585e+05 3.269012709316870513e+01
6.385075275371279986e+02 9.102761844258570818e+02 4.583337582514803507e+05 3.179593437463361738e+01
6.385075275371279986e+02 9.102761844258570818e+02 4.583337582514803507e+05 3.179593437463361738e+01
6.385075275371279986e+02 9.102761844258570818e+02 4.583337582514803507e+05 3.179593437463361738e+01
3.798189403029586515e+02 7.557951826674791391e+02 3.548575992197106243e+05 3.691266184012353335e+01
3.768406475681836696e+02 7.457165652176256572e+02 3.501601375993633410e+05 3.807339294991454182e+01
3.216761284761172419e+02 7.152186752854864835e+02 3.160312353754559881e+05 3.931766461865971252e+01
3.216761284761172419e+02 7.152186752854864835e+02 3.160312353754559881e+05 3.931766461865971252e+01
2.987080553008502193e+02 7.058149773408384817e+02 3.045563767782188370e+05 3.899434112797550966e+01
2.987080553008502193e+02 7.058149773408384817e+02 3.045563767782188370e+05 3.899434112797550966e+01
2.882547236342537644e+02 7.018798400515386220e+02 2.976729667852898710e+05 4.066385118592646108e+01
2.797053053086109458e+02 7.059288450395519021e+02 3.031757732123686583e+05 3.850869935659659404e+01
2.797053053086109458e+02 7.059288450395519021e+02 3.031757732123686583e+05 3.850869935659659404e+01
2.698661137915137829e+02 7.065550041881083416e+02 2.928795234850884299e+05 3.940037414697595608e+01
2.626384148438208967e+02 7.014578880758184596e+02 2.886679423091660137e+05 3.768242973563616260e+01
2.163121972182408967e+02 6.825522240038510517e+02 2.820395988359650364e+05 4.047039890904288484e+01
2.163121972182408967e+02 6.825522240038510517e+02 2.820395988359650364e+05 4.047039890904288484e+01
1.905372545147075698e+02 6.753220305666601462e+02 2.648342632477349252e+05 4.098388171740764108e+01
1.900860976516688652e+02 6.737474512423355009e+02 2.660243946903683245e+05 3.827157062069112925e+01
1.578304476541493102e+02 6.633128217277354679e+02 2.348804003274982679e+05 4.417318825416415251e+01
1.511738531839221764e+02 6.783597105723038112e+02 2.302353559659388557e+05 3.776752801895312928e+01
1.511738531839221764e+02 6.783597105723038112e+02 2.302353559659388557e+05 3.776752801895312928e+01
1.511738531839221764e+02 6.783597105723038112e+02 2.302353559659388557e+05 3.776752801895312928e+01
1.511738531839221764e+02 6.783597105723038112e+02 2.302353559659388557e+05 3.776752801895312928e+01
1.511738531839221764e+02 6.783597105723038112e+02 2.302353559659388557e+05 3.776752801895312928e+01
6.359545709733305330e+01 6.795441010046166639e+02 1.503254704683719610e+05 4.804717514303145265e+01
5.513416576990240969e+01 6.850017235742978983e+02 1.380640882381046249e+05 5.146030999161368413e+01
5.513416576990240969e+01 6.850017235742978983e+02 1.380640882381046249e+05 5.146030999161368413e+01
5.196665007826767635e+01 6.826474387664904953e+02 1.324014326647010748e+05 5.323649468718646460e+01
4.820085504349099637e+01 6.814760786030789177e+02 1.262860683975633146e+05 5.362295774476285004e+01
4.820085504349099637e+01 6.814760786030789177e+02 1.262860683975633146e+05 5.362295774476285004e+01
4.820085504349099637e+01 6.814760786030789177e+02 1.262860683975633146e+05 5.362295774476285004e+01
4.820085504349099637e+01 6.814760786030789177e+02 1.262860683975633146e+05 5.362295774476285004e+01
3.956331554834248720e+01 6.837654805075378590e+02 1.059960336100371205e+05 5.381556059943858372e+01
3.956331554834248720e+01 6.837654805075378590e+02 1.059960336100371205e+05 5.381556059943858372e+01
3.956331554834248720e+01 6.837654805075378590e+02 1.059960336100371205e+05 5.381556059943858372e+01
3.874715918791449099e+01 6.862012223777181816e+02 1.025945067447484616e+05 5.409497330088434808e+01
3.667540293038663890e+01 6.877595737130033058e+02 1.001361163450155291e+05 5.694574670234822378e+01
3.667540293038663890e+01 6.877595737130033058e+02 1.001361163450155291e+05 5.694574670234822378e+01
3.667540293038663890e+01 6.877595737130033058e+02 1.001361163450155291e+05 5.694574670234822378e+01
3.674791788932528647e+01 6.869867613880443287e+02 1.012482779505197250e+05 5.628783985019423852e+01
3.674791788932528647e+01 6.869867613880443287e+02 1.012482779505197250e+05 5.628783985019423852e+01
3.674791788932528647e+01 6.869867613880443287e+02 1.012482779505197250e+05 5.628783985019423852e+01
3.674791788932528647e+01 6.869867613880443287e+02 1.012482779505197250e+05 5.628783985019423852e+01
3.691688875844278073e+01 6.805641146832834920e+02 9.792388219343704986e+04 5.299316545770346210e+01
3.691688875844278073e+01 6.805641146832834920e+02 9.792388219343704986e+04 5.299316545770346210e+01
2.537129247656583786e+01 6.670323743831996808e+02 5.987668820028924529e+04 8.097404833521994760e+01
2.537129247656583786e+01 6.670323743831996808e+02 5.987668820028924529e+04 8.097404833521994760e+01
2.201261617610259691e+01 6.730377518886026564e+02 2.391099605861235614e+04 1.383773790879560011e+02
2.146814543766299721e+01 6.756752996849191959e+02 1.192789046913234961e+04 1.651845941255625974e+02
2.095875622544705763e+01 6.797417114947517121e+02 5.430841170371066255e+03 1.845988622524064340e+02
2.040854362169597280e+01 6.705892107444660724e+02 4.142049183523983629e+03 1.913415543331800279e+02
2.040854362169597280e+01 6.705892107444660724e+02 4.142049183523983629e+03 1.913415543331800279e+02
2.040854362169597280e+01 6.705892107444660724e+02 4.142049183523983629e+03 1.913415543331800279e+02
2.000551049524537817e+01 6.748652204072726590e+02 7.935730200679676045e+02 2.193412978319490492e+02
1.981906113134430214e+01 6.797657124257636951e+02 7.699261698034713390e+02 2.211284079228520341e+02
1.963138905819634061e+01 6.831538506758063249e+02 7.401935322717547479e+02 2.201021774332677410e+02
1.963138905819634061e+01 6.831538506758063249e+02 7.401935322717547479e+02 2.201021774332677410e+02
1.963138905819634061e+01 6.831538506758063249e+02 7.401935322717547479e+02 2.201021774332677410e+02
1.963138905819634061e+01 6.831538506758063249e+02 7.401935322717547479e+02 2.201021774332677410e+02
1.963138905819634061e+01 6.831538506758063249e+02 7.401935322717547479e+02 2.201021774332677410e+02
1.918158715231168543e+01 6.786136359617750031e+02 7.476647425031701459e+02 2.241319199905435937e+02
1.918158715231168543e+01 6.786136359617750031e+02 7.476647425031701459e+02 2.241319199905435937e+02
1.918158715231168543e+01 6.786136359617750031e+02 7.476647425031701459e+02 2.241319199905435937e+02
1.918158715231168543e+01 6.786136359617750031e+02 7.476647425031701459e+02 2.241319199905435937e+02
1.918158715231168543e+01 6.786136359617750031e+02 7.476647425031701459e+02 2.241319199905435937e+02
1.918158715231168543e+01 6.786136359617750031e+02 7.476647425031701459e+02 2.241319199905435937e+02
1.918158715231168543e+01 6.786136359617750031e+02 7.476647425031701459e+02 2.241319199905435937e+02
1.918158715231168543e+01 6.786136359617750031e+02 7.476647425031701459e+02 2.241319199905435937e+02
1.918158715231168543e+01 6.786136359617750031e+02 7.476647425031701459e+02 2.241319199905435937e+02
1.918158715231168543e+01 6.786136359617750031e+02 7.476647425031701459e+02 2.241319199905435937e+02
1.918158715231168543e+01 6.786136359617750031e+02 7.476647425031701459e+02 2.241319199905435937e+02
1.918158715231168543e+01 6.786136359617750031e+02 7.476647425031701459e+02 2.241319199905435937e+02
1.918158715231168543e+01 6.786136359617750031e+02 7.476647425031701459e+02 2.241319199905435937e+02
1.918158715231168543e+01 6.786136359617750031e+02 7.476647425031701459e+02 2.241319199905435937e+02
1.918158715231168543e+01 6.786136359617750031e+02 7.476647425031701459e+02 2.241319199905435937e+02
2.004316725890661743e+01 6.814399262080835342e+02 7.445007367888143790e+02 2.146221791897671949e+02
2.004316725890661743e+01 6.814399262080835342e+02 7.445007367888143790e+02 2.146221791897671949e+02
2.004316725890661743e+01 6.814399262080835342e+02 7.445007367888143790e+02 2.146221791897671949e+02
2.004316725890661743e+01 6.814399262080835342e+02 7.445007367888143790e+02 2.146221791897671949e+02
2.004316725890661743e+01 6.814399262080835342e+02 7.445007367888143790e+02 2.146221791897671949e+02
2.004316725890661743e+01 6.814399262080835342e+02 7.445007367888143790e+02 2.146221791897671949e+02
2.004316725890661743e+01 6.814399262080835342e+02 7.445007367888143790e+02 2.146221791897671949e+02
2.004316725890661743e+01 6.814399262080835342e+02 7.445007367888143790e+02 2.146221791897671949e+02
1.977324514830151614e+01 6.789602747218867762e+02 7.026812416971329185e+02 2.171672795871312758e+02
1.977324514830151614e+01 6.789602747218867762e+02 7.026812416971329185e+02 2.171672795871312758e+02
1.977324514830151614e+01 6.789602747218867762e+02 7.026812416971329185e+02 2.171672795871312758e+02
1.977324514830151614e+01 6.789602747218867762e+02 7.026812416971329185e+02 2.171672795871312758e+02
1.977324514830151614e+01 6.789602747218867762e+02 7.026812416971329185e+02 2.171672795871312758e+02
1.977324514830151614e+01 6.789602747218867762e+02 7.026812416971329185e+02 2.171672795871312758e+02
1.977324514830151614e+01 6.789602747218867762e+02 7.026812416971329185e+02 2.171672795871312758e+02
1.977324514830151614e+01 6.789602747218867762e+02 7.026812416971329185e+02 2.171672795871312758e+02
1.977324514830151614e+01 6.789602747218867762e+02 7.026812416971329185e+02 2.171672795871312758e+02
1.977324514830151614e+01 6.789602747218867762e+02 7.026812416971329185e+02 2.171672795871312758e+02
1.977324514830151614e+01 6.789602747218867762e+02 7.026812416971329185e+02 2.171672795871312758e+02
1.977324514830151614e+01 6.789602747218867762e+02 7.026812416971329185e+02 2.171672795871312758e+02
1.977324514830151614e+01 6.789602747218867762e+02 7.026812416971329185e+02 2.171672795871312758e+02
1.977324514830151614e+01 6.789602747218867762e+02 7.026812416971329185e+02 2.171672795871312758e+02
1.977324514830151614e+01 6.789602747218867762e+02 7.026812416971329185e+02 2.171672795871312758e+02
1.977324514830151614e+01 6.789602747218867762e+02 7.026812416971329185e+02 2.171672795871312758e+02
1.977324514830151614e+01 6.789602747218867762e+02 7.026812416971329185e+02 2.171672795871312758e+02
1.974484441515596700e+01 6.802620900879417150e+02 7.122536264783925617e+02 2.134289917931104981e+02
1.974484441515596700e+01 6.802620900879417150e+02 7.122536264783925617e+02 2.134289917931104981e+02
1.974484441515596700e+01 6.802620900879417150e+02 7.122536264783925617e+02 2.134289917931104981e+02
1.974484441515596700e+01 6.802620900879417150e+02 7.122536264783925617e+02 2.134289917931104981e+02
1.974484441515596700e+01 6.802620900879417150e+02 7.122536264783925617e+02 2.134289917931104981e+02
1.974484441515596700e+01 6.802620900879417150e+02 7.122536264783925617e+02 2.134289917931104981e+02
1.974484441515596700e+01 6.802620900879417150e+02 7.122536264783925617e+02 2.134289917931104981e+02
1.974484441515596700e+01 6.802620900879417150e+02 7.122536264783925617e+02 2.134289917931104981e+02
1.974484441515596700e+01 6.802620900879417150e+02 7.122536264783925617e+02 2.134289917931104981e+02
1.974484441515596700e+01 6.802620900879417150e+02 7.122536264783925617e+02 2.134289917931104981e+02
1.971488105094017484e+01 6.868549429925425329e+02 6.500398687843440939e+02 2.249724270734851075e+02
1.948130313014135240e+01 6.852667857963624556e+02 6.554887320226405336e+02 2.200103968813226913e+02
1.957938797220990068e+01 6.855497710114931351e+02 6.571020541680243241e+02 2.204313283935130983e+02
1.957938797220990068e+01 6.855497710114931351e+02 6.571020541680243241e+02 2.204313283935130983e+02
1.957938797220990068e+01 6.855497710114931351e+02 6.571020541680243241e+02 2.204313283935130983e+02
1.957938797220990068e+01 6.855497710114931351e+02 6.571020541680243241e+02 2.204313283935130983e+02
1.957938797220990068e+01 6.855497710114931351e+02 6.571020541680243241e+02 2.204313283935130983e+02
1.957938797220990068e+01 6.855497710114931351e+02 6.571020541680243241e+02 2.204313283935130983e+02
1.957938797220990068e+01 6.855497710114931351e+02 6.571020541680243241e+02 2.204313283935130983e+02
1.957938797220990068e+01 6.855497710114931351e+02 6.571020541680243241e+02 2.204313283935130983e+02
1.957938797220990068e+01 6.855497710114931351e+02 6.571020541680243241e+02 2.204313283935130983e+02
1.957938797220990068e+01 6.855497710114931351e+02 6.571020541680243241e+02 2.204313283935130983e+02
1.957938797220990068e+01 6.855497710114931351e+02 6.571020541680243241e+02 2.204313283935130983e+02
1.987561887066397404e+01 6.864600144499322596e+02 6.374464506419960799e+02 2.220656350993241404e+02
1.987561887066397404e+01 6.864600144499322596e+02 6.374464506419960799e+02 2.220656350993241404e+02
1.987561887066397404e+01 6.864600144499322596e+02 6.374464506419960799e+02 2.220656350993241404e+02
1.987561887066397404e+01 6.864600144499322596e+02 6.374464506419960799e+02 2.220656350993241404e+02
1.970895505524612545e+01 6.905206014751428256e+02 6.391489310369505574e+02 2.219331326328975820e+02
1.970895505524612545e+01 6.905206014751428256e+02 6.391489310369505574e+02 2.219331326328975820e+02
1.953891071825715997e+01 6.861442512244263980e+02 6.435528515433810526e+02 2.203638463949560844e+02
1.953891071825715997e+01 6.861442512244263980e+02 6.435528515433810526e+02 2.203638463949560844e+02
1.953891071825715997e+01 6.861442512244263980e+02 6.435528515433810526e+02 2.203638463949560844e+02
1.953891071825715997e+01 6.861442512244263980e+02 6.435528515433810526e+02 2.203638463949560844e+02
1.939258153676869512e+01 6.882229697239705501e+02 6.244329555072380344e+02 2.223047811384736292e+02
1.939258153676869512e+01 6.882229697239705501e+02 6.244329555072380344e+02 2.223047811384736292e+02
1.939258153676869512e+01 6.882229697239705501e+02 6.244329555072380344e+02 2.223047811384736292e+02
1.939258153676869512e+01 6.882229697239705501e+02 6.244329555072380344e+02 2.223047811384736292e+02
1.949118308665742205e+01 6.839328935737845541e+02 6.246367253568412252e+02 2.188915402400370738e+02
1.949118308665742205e+01 6.839328935737845541e+02 6.246367253568412252e+02 2.188915402400370738e+02
1.949118308665742205e+01 6.839328935737845541e+02 6.246367253568412252e+02 2.188915402400370738e+02
1.949118308665742205e+01 6.839328935737845541e+02 6.246367253568412252e+02 2.188915402400370738e+02
1.949118308665742205e+01 6.839328935737845541e+02 6.246367253568412252e+02 2.188915402400370738e+02
1.949118308665742205e+01 6.839328935737845541e+02 6.246367253568412252e+02 2.188915402400370738e+02
1.949118308665742205e+01 6.839328935737845541e+02 6.246367253568412252e+02 2.188915402400370738e+02
1.949118308665742205e+01 6.839328935737845541e+02 6.246367253568412252e+02 2.188915402400370738e+02
1.949118308665742205e+01 6.839328935737845541e+02 6.246367253568412252e+02 2.188915402400370738e+02
1.949118308665742205e+01 6.839328935737845541e+02 6.246367253568412252e+02 2.188915402400370738e+02
1.949118308665742205e+01 6.839328935737845541e+02 6.246367253568412252e+02 2.188915402400370738e+02
1.949118308665742205e+01 6.839328935737845541e+02 6.246367253568412252e+02 2.188915402400370738e+02
1.949118308665742205e+01 6.839328935737845541e+02 6.246367253568412252e+02 2.188915402400370738e+02
1.962357017724044539e+01 6.878793057963913498e+02 5.784262531858920511e+02 2.202915640206981323e+02
1.962357017724044539e+01 6.878793057963913498e+02 5.784262531858920511e+02 2.202915640206981323e+02
1.962357017724044539e+01 6.878793057963913498e+02 5.784262531858920511e+02 2.202915640206981323e+02
1.962357017724044539e+01 6.878793057963913498e+02 5.784262531858920511e+02 2.202915640206981323e+02
1.962357017724044539e+01 6.878793057963913498e+02 5.784262531858920511e+02 2.202915640206981323e+02
1.953933145299760810e+01 6.877718326991582671e+02 5.729480220077944068e+02 2.186128169463553377e+02
1.953933145299760810e+01 6.877718326991582671e+02 5.729480220077944068e+02 2.186128169463553377e+02
1.945897702523006600e+01 6.897457138940818595e+02 5.406674782202603637e+02 2.169368228423602147e+02
1.945897702523006600e+01 6.897457138940818595e+02 5.406674782202603637e+02 2.169368228423602147e+02
1.965813108142970478e+01 6.922794700218437356e+02 5.279810417572629149e+02 2.186388341256828483e+02
1.965813108142970478e+01 6.922794700218437356e+02 5.279810417572629149e+02 2.186388341256828483e+02
1.962145880980651569e+01 6.915738952277325780e+02 5.369979276773600532e+02 2.150033015900760915e+02
1.962145880980651569e+01 6.915738952277325780e+02 5.369979276773600532e+02 2.150033015900760915e+02
1.962145880980651569e+01 6.915738952277325780e+02 5.369979276773600532e+02 2.150033015900760915e+02
1.962145880980651569e+01 6.915738952277325780e+02 5.369979276773600532e+02 2.150033015900760915e+02
1.962145880980651569e+01 6.915738952277325780e+02 5.369979276773600532e+02 2.150033015900760915e+02
1.962145880980651569e+01 6.915738952277325780e+02 5.369979276773600532e+02 2.150033015900760915e+02
1.962145880980651569e+01 6.915738952277325780e+02 5.369979276773600532e+02 2.150033015900760915e+02
1.962145880980651569e+01 6.915738952277325780e+02 5.369979276773600532e+02 2.150033015900760915e+02
1.961208742430773810e+01 6.902632623414637010e+02 5.174344155194228279e+02 2.190468027022259037e+02
1.961208742430773810e+01 6.902632623414637010e+02 5.174344155194228279e+02 2.190468027022259037e+02
1.961208742430773810e+01 6.902632623414637010e+02 5.174344155194228279e+02 2.190468027022259037e+02
1.982966801703700099e+01 6.929076397413233508e+02 5.170790553567289862e+02 2.156509118888038188e+02
1.982966801703700099e+01 6.929076397413233508e+02 5.170790553567289862e+02 2.156509118888038188e+02
1.982966801703700099e+01 6.929076397413233508e+02 5.170790553567289862e+02 2.156509118888038188e+02
1.981430914082937988e+01 6.900051051934623274e+02 5.050980124436483152e+02 2.213192682071104969e+02
1.981430914082937988e+01 6.900051051934623274e+02 5.050980124436483152e+02 2.213192682071104969e+02
1.942361906369696456e+01 6.873788972550141807e+02 5.252157128806510400e+02 2.107138136376025841e+02
1.942361906369696456e+01 6.873788972550141807e+02 5.252157128806510400e+02 2.107138136376025841e+02
1.942361906369696456e+01 6.873788972550141807e+02 5.252157128806510400e+02 2.107138136376025841e+02
1.938216145181405992e+01 6.906243847847073312e+02 4.959758259173844976e+02 2.198961372314807079e+02
1.938216145181405992e+01 6.906243847847073312e+02 4.959758259173844976e+02 2.198961372314807079e+02
2.024391583992876775e+01 6.941403195201593235e+02 4.904482339044902801e+02 2.127230706809746721e+02
1.958510199432950216e+01 6.957539222887455708e+02 4.838381400483765447e+02 2.226042374758434903e+02
1.994558855874003100e+01 6.942164881277465156e+02 4.650558142751684727e+02 2.177353747043034957e+02
1.994558855874003100e+01 6.942164881277465156e+02 4.650558142751684727e+02 2.177353747043034957e+02
1.959553585983874413e+01 6.958412604431182444e+02 4.615138870387340830e+02 2.163939336084126808e+02
1.959553585983874413e+01 6.958412604431182444e+02 4.615138870387340830e+02 2.163939336084126808e+02
1.970140339033168431e+01 6.944260623783491155e+02 4.520634654282027327e+02 2.132928918169680799e+02
1.970140339033168431e+01 6.944260623783491155e+02 4.520634654282027327e+02 2.132928918169680799e+02
1.970140339033168431e+01 6.944260623783491155e+02 4.520634654282027327e+02 2.132928918169680799e+02
1.970140339033168431e+01 6.944260623783491155e+02 4.520634654282027327e+02 2.132928918169680799e+02
1.970140339033168431e+01 6.944260623783491155e+02 4.520634654282027327e+02 2.132928918169680799e+02
1.988308052396712000e+01 6.941683915323807241e+02 4.509169970611598615e+02 2.109671968283143997e+02
1.985688400083254024e+01 6.965797586029113972e+02 4.353960418913611647e+02 2.143195360071897824e+02
2.008117728140782887e+01 6.876167095974240056e+02 4.087248251591592521e+02 2.186600752070057183e+02
2.008117728140782887e+01 6.876167095974240056e+02 4.087248251591592521e+02 2.186600752070057183e+02
1.977953291434615579e+01 6.850081037322130442e+02 4.026158441549848135e+02 2.155917129066416180e+02
1.977953291434615579e+01 6.850081037322130442e+02 4.026158441549848135e+02 2.155917129066416180e+02
1.977953291434615579e+01 6.850081037322130442e+02 4.026158441549848135e+02 2.155917129066416180e+02
1.977953291434615579e+01 6.850081037322130442e+02 4.026158441549848135e+02 2.155917129066416180e+02
1.977953291434615579e+01 6.850081037322130442e+02 4.026158441549848135e+02 2.155917129066416180e+02
1.977953291434615579e+01 6.850081037322130442e+02 4.026158441549848135e+02 2.155917129066416180e+02
2.002271039642022288e+01 6.879459705129399936e+02 3.931107939438597327e+02 2.157470161921277736e+02
2.002271039642022288e+01 6.879459705129399936e+02 3.931107939438597327e+02 2.157470161921277736e+02
2.002271039642022288e+01 6.879459705129399936e+02 3.931107939438597327e+02 2.157470161921277736e+02
2.002271039642022288e+01 6.879459705129399936e+02 3.931107939438597327e+02 2.157470161921277736e+02
1.963220403032037709e+01 6.892556272114699141e+02 3.901461874705632340e+02 2.188856400517931604e+02
1.963220403032037709e+01 6.892556272114699141e+02 3.901461874705632340e+02 2.188856400517931604e+02
1.963220403032037709e+01 6.892556272114699141e+02 3.901461874705632340e+02 2.188856400517931604e+02
1.969301984140351180e+01 6.868951335134731835e+02 3.825343127529952199e+02 2.140642922205218497e+02
1.969301984140351180e+01 6.868951335134731835e+02 3.825343127529952199e+02 2.140642922205218497e+02
1.940117335440257307e+01 6.885151987354165612e+02 3.875305434420096162e+02 2.109840973911675803e+02
1.940117335440257307e+01 6.885151987354165612e+02 3.875305434420096162e+02 2.109840973911675803e+02
1.940117335440257307e+01 6.885151987354165612e+02 3.875305434420096162e+02 2.109840973911675803e+02
1.940117335440257307e+01 6.885151987354165612e+02 3.875305434420096162e+02 2.109840973911675803e+02
1.940117335440257307e+01 6.885151987354165612e+02 3.875305434420096162e+02 2.109840973911675803e+02
1.940117335440257307e+01 6.885151987354165612e+02 3.875305434420096162e+02 2.109840973911675803e+02
1.940117335440257307e+01 6.885151987354165612e+02 3.875305434420096162e+02 2.109840973911675803e+02
1.940117335440257307e+01 6.885151987354165612e+02 3.875305434420096162e+02 2.109840973911675803e+02
1.940117335440257307e+01 6.885151987354165612e+02 3.875305434420096162e+02 2.109840973911675803e+02
1.964294330014686452e+01 6.888683247753909882e+02 3.803193462796463109e+02 2.095061847539336100e+02
1.964294330014686452e+01 6.888683247753909882e+02 3.803193462796463109e+02 2.095061847539336100e+02
1.964294330014686452e+01 6.888683247753909882e+02 3.803193462796463109e+02 2.095061847539336100e+02
1.964294330014686452e+01 6.888683247753909882e+02 3.803193462796463109e+02 2.095061847539336100e+02
1.964294330014686452e+01 6.888683247753909882e+02 3.803193462796463109e+02 2.095061847539336100e+02
1.964294330014686452e+01 6.888683247753909882e+02 3.803193462796463109e+02 2.095061847539336100e+02
1.964294330014686452e+01 6.888683247753909882e+02 3.803193462796463109e+02 2.095061847539336100e+02
1.964294330014686452e+01 6.888683247753909882e+02 3.803193462796463109e+02 2.095061847539336100e+02
1.964294330014686452e+01 6.888683247753909882e+02 3.803193462796463109e+02 2.095061847539336100e+02
1.964294330014686452e+01 6.888683247753909882e+02 3.803193462796463109e+02 2.095061847539336100e+02
1.964294330014686452e+01 6.888683247753909882e+02 3.803193462796463109e+02 2.095061847539336100e+02
1.964294330014686452e+01 6.888683247753909882e+02 3.803193462796463109e+02 2.095061847539336100e+02
1.964294330014686452e+01 6.888683247753909882e+02 3.803193462796463109e+02 2.095061847539336100e+02
1.964294330014686452e+01 6.888683247753909882e+02 3.803193462796463109e+02 2.095061847539336100e+02
1.964294330014686452e+01 6.888683247753909882e+02 3.803193462796463109e+02 2.095061847539336100e+02
1.964294330014686452e+01 6.888683247753909882e+02 3.803193462796463109e+02 2.095061847539336100e+02
1.956658162222120012e+01 6.895344895278321928e+02 3.723698443351735818e+02 2.161260006600567465e+02
1.961903148244679684e+01 6.907613471223667148e+02 3.667616169784064937e+02 2.144939503924932467e+02
1.961903148244679684e+01 6.907613471223667148e+02 3.667616169784064937e+02 2.144939503924932467e+02
1.961903148244679684e+01 6.907613471223667148e+02 3.667616169784064937e+02 2.144939503924932467e+02
1.961903148244679684e+01 6.907613471223667148e+02 3.667616169784064937e+02 2.144939503924932467e+02
1.961903148244679684e+01 6.907613471223667148e+02 3.667616169784064937e+02 2.144939503924932467e+02
1.961903148244679684e+01 6.907613471223667148e+02 3.667616169784064937e+02 2.144939503924932467e+02
1.961903148244679684e+01 6.907613471223667148e+02 3.667616169784064937e+02 2.144939503924932467e+02
1.961903148244679684e+01 6.907613471223667148e+02 3.667616169784064937e+02 2.144939503924932467e+02
1.961903148244679684e+01 6.907613471223667148e+02 3.667616169784064937e+02 2.144939503924932467e+02
1.958830324663662026e+01 6.885925310200589138e+02 3.580982954429895813e+02 2.189057228393412515e+02
1.958830324663662026e+01 6.885925310200589138e+02 3.580982954429895813e+02 2.189057228393412515e+02
1.958830324663662026e+01 6.885925310200589138e+02 3.580982954429895813e+02 2.189057228393412515e+02
1.958830324663662026e+01 6.885925310200589138e+02 3.580982954429895813e+02 2.189057228393412515e+02
1.995336112418335262e+01 6.913328603173002875e+02 3.613617201143778743e+02 2.114104342503642897e+02
1.995336112418335262e+01 6.913328603173002875e+02 3.613617201143778743e+02 2.114104342503642897e+02
1.995336112418335262e+01 6.913328603173002875e+02 3.613617201143778743e+02 2.114104342503642897e+02
1.995336112418335262e+01 6.913328603173002875e+02 3.613617201143778743e+02 2.114104342503642897e+02
1.995336112418335262e+01 6.913328603173002875e+02 3.613617201143778743e+02 2.114104342503642897e+02
1.995336112418335262e+01 6.913328603173002875e+02 3.613617201143778743e+02 2.114104342503642897e+02
1.995336112418335262e+01 6.913328603173002875e+02 3.613617201143778743e+02 2.114104342503642897e+02
1.995336112418335262e+01 6.913328603173002875e+02 3.613617201143778743e+02 2.114104342503642897e+02
1.995336112418335262e+01 6.913328603173002875e+02 3.613617201143778743e+02 2.114104342503642897e+02
1.995336112418335262e+01 6.913328603173002875e+02 3.613617201143778743e+02 2.114104342503642897e+02
1.995336112418335262e+01 6.913328603173002875e+02 3.613617201143778743e+02 2.114104342503642897e+02
1.995336112418335262e+01 6.913328603173002875e+02 3.613617201143778743e+02 2.114104342503642897e+02
1.995336112418335262e+01 6.913328603173002875e+02 3.613617201143778743e+02 2.114104342503642897e+02
1.995336112418335262e+01 6.913328603173002875e+02 3.613617201143778743e+02 2.114104342503642897e+02
1.995336112418335262e+01 6.913328603173002875e+02 3.613617201143778743e+02 2.114104342503642897e+02
1.995336112418335262e+01 6.913328603173002875e+02 3.613617201143778743e+02 2.114104342503642897e+02
1.995336112418335262e+01 6.913328603173002875e+02 3.613617201143778743e+02 2.114104342503642897e+02
1.995336112418335262e+01 6.913328603173002875e+02 3.613617201143778743e+02 2.114104342503642897e+02
1.988272004113494162e+01 6.928549858125369383e+02 3.591862392000206796e+02 2.107406661858737493e+02
1.988272004113494162e+01 6.928549858125369383e+02 3.591862392000206796e+02 2.107406661858737493e+02
1.964238135821341302e+01 6.947282466713282929e+02 3.184849589822649705e+02 2.143949336494092393e+02
1.964238135821341302e+01 6.947282466713282929e+02 3.184849589822649705e+02 2.143949336494092393e+02
1.964238135821341302e+01 6.947282466713282929e+02 3.184849589822649705e+02 2.143949336494092393e+02
1.964238135821341302e+01 6.947282466713282929e+02 3.184849589822649705e+02 2.143949336494092393e+02
1.964238135821341302e+01 6.947282466713282929e+02 3.184849589822649705e+02 2.143949336494092393e+02
1.964238135821341302e+01 6.947282466713282929e+02 3.184849589822649705e+02 2.143949336494092393e+02
1.964238135821341302e+01 6.947282466713282929e+02 3.184849589822649705e+02 2.143949336494092393e+02
1.965572901558150321e+01 6.955710351122288557e+02 3.111782066247099579e+02 2.172123543861568749e+02
2.020380052222198231e+01 6.940163413728563455e+02 3.171527274293536038e+02 2.091189415406395824e+02
2.020380052222198231e+01 6.940163413728563455e+02 3.171527274293536038e+02 2.091189415406395824e+02
1.970185160318284900e+01 6.951019781249553944e+02 3.058255827297116980e+02 2.162330798232734992e+02
1.981224038499236073e+01 6.961883042868289522e+02 3.068427096247940540e+02 2.097269109517569348e+02
1.981224038499236073e+01 6.961883042868289522e+02 3.068427096247940540e+02 2.097269109517569348e+02
1.987425129154407699e+01 6.932519510757368835e+02 2.982764678251202213e+02 2.128887627173316730e+02
1.987425129154407699e+01 6.932519510757368835e+02 2.982764678251202213e+02 2.128887627173316730e+02
1.987425129154407699e+01 6.932519510757368835e+02 2.982764678251202213e+02 2.128887627173316730e+02
1.987425129154407699e+01 6.932519510757368835e+02 2.982764678251202213e+02 2.128887627173316730e+02
1.987425129154407699e+01 6.932519510757368835e+02 2.982764678251202213e+02 2.128887627173316730e+02
1.919137876530689724e+01 6.925009662348695656e+02 2.896954485249868299e+02 2.174212677315188955e+02
1.919137876530689724e+01 6.925009662348695656e+02 2.896954485249868299e+02 2.174212677315188955e+02
1.982857722721508864e+01 6.864912842385044769e+02 2.866897443438025448e+02 2.130036140089823959e+02
1.971612879038087485e+01 6.872442272213849037e+02 2.774150851660722878e+02 2.209960666802168987e+02
1.989339093120613455e+01 6.881906739580670092e+02 2.679979821342327000e+02 2.174502318342287595e+02
1.989339093120613455e+01 6.881906739580670092e+02 2.679979821342327000e+02 2.174502318342287595e+02
1.978866696811418535e+01 6.795490502481690100e+02 2.637952053180260918e+02 2.192196974375246725e+02
1.978866696811418535e+01 6.795490502481690100e+02 2.637952053180260918e+02 2.192196974375246725e+02
1.978866696811418535e+01 6.795490502481690100e+02 2.637952053180260918e+02 2.192196974375246725e+02
1.978866696811418535e+01 6.795490502481690100e+02 2.637952053180260918e+02 2.192196974375246725e+02
1.978866696811418535e+01 6.795490502481690100e+02 2.637952053180260918e+02 2.192196974375246725e+02
1.970968351329756629e+01 6.754588841581677343e+02 2.593988134148488029e+02 2.181659174705847875e+02
1.970968351329756629e+01 6.754588841581677343e+02 2.593988134148488029e+02 2.181659174705847875e+02
1.970968351329756629e+01 6.754588841581677343e+02 2.593988134148488029e+02 2.181659174705847875e+02
1.978117161572803084e+01 6.752031172610170415e+02 2.589324980298131891e+02 2.174607148520437079e+02
1.983780588413647905e+01 6.846623379636869231e+02 2.473446184453415526e+02 2.237412346061478843e+02
1.939757335988487341e+01 6.799760769693008342e+02 2.425345391740743821e+02 2.277861696320914007e+02
1.940680232026633689e+01 6.824131673733579646e+02 2.411917264744433851e+02 2.262632634957608673e+02
1.940680232026633689e+01 6.824131673733579646e+02 2.411917264744433851e+02 2.262632634957608673e+02
1.961705968161029645e+01 6.817168606631709054e+02 2.395794071929902032e+02 2.240542762795997191e+02
1.958009615793672253e+01 6.804476851292265565e+02 2.456716653594143054e+02 2.173611400501826267e+02
1.926309070645347177e+01 6.795721200649361435e+02 2.459858408666409275e+02 2.201077586162942623e+02
1.946998064919722538e+01 6.806888434932191103e+02 2.342287608679306175e+02 2.225560281694783669e+02
1.946998064919722538e+01 6.806888434932191103e+02 2.342287608679306175e+02 2.225560281694783669e+02
1.959120732184875990e+01 6.817971654931168359e+02 2.314863113308541926e+02 2.211313525986350612e+02
1.959120732184875990e+01 6.817971654931168359e+02 2.314863113308541926e+02 2.211313525986350612e+02
1.959120732184875990e+01 6.817971654931168359e+02 2.314863113308541926e+02 2.211313525986350612e+02
1.950141428363916063e+01 6.831903228889369757e+02 2.269816266211135769e+02 2.169901964541026587e+02
1.950141428363916063e+01 6.831903228889369757e+02 2.269816266211135769e+02 2.169901964541026587e+02
1.940697996589626939e+01 6.815194514456017032e+02 2.272895038268192422e+02 2.193878627858169637e+02
1.940697996589626939e+01 6.815194514456017032e+02 2.272895038268192422e+02 2.193878627858169637e+02
1.940697996589626939e+01 6.815194514456017032e+02 2.272895038268192422e+02 2.193878627858169637e+02
1.970773459319494592e+01 6.814662524311983134e+02 2.152822811072868490e+02 2.177041505844389917e+02
1.970773459319494592e+01 6.814662524311983134e+02 2.152822811072868490e+02 2.177041505844389917e+02
1.970773459319494592e+01 6.814662524311983134e+02 2.152822811072868490e+02 2.177041505844389917e+02
1.970773459319494592e+01 6.814662524311983134e+02 2.152822811072868490e+02 2.177041505844389917e+02
1.970773459319494592e+01 6.814662524311983134e+02 2.152822811072868490e+02 2.177041505844389917e+02
1.970773459319494592e+01 6.814662524311983134e+02 2.152822811072868490e+02 2.177041505844389917e+02
1.970773459319494592e+01 6.814662524311983134e+02 2.152822811072868490e+02 2.177041505844389917e+02
1.970773459319494592e+01 6.814662524311983134e+02 2.152822811072868490e+02 2.177041505844389917e+02
1.935879206704989386e+01 6.814186809231779307e+02 2.147909048239458514e+02 2.173091235036952185e+02
1.935879206704989386e+01 6.814186809231779307e+02 2.147909048239458514e+02 2.173091235036952185e+02
1.935879206704989386e+01 6.814186809231779307e+02 2.147909048239458514e+02 2.173091235036952185e+02
1.935879206704989386e+01 6.814186809231779307e+02 2.147909048239458514e+02 2.173091235036952185e+02
1.935879206704989386e+01 6.814186809231779307e+02 2.147909048239458514e+02 2.173091235036952185e+02
1.935879206704989386e+01 6.814186809231779307e+02 2.147909048239458514e+02 2.173091235036952185e+02
1.935879206704989386e+01 6.814186809231779307e+02 2.147909048239458514e+02 2.173091235036952185e+02
1.951606480459280490e+01 6.797421663468537645e+02 2.148496344804106286e+02 2.163054449400449641e+02
1.921438066441378822e+01 6.801829480521156484e+02 2.159556497782549798e+02 2.184387680136799190e+02
1.921438066441378822e+01 6.801829480521156484e+02 2.159556497782549798e+02 2.184387680136799190e+02
1.921438066441378822e+01 6.801829480521156484e+02 2.159556497782549798e+02 2.184387680136799190e+02
1.929388950838360373e+01 6.816538368116715674e+02 2.131185115291497993e+02 2.114465724878972139e+02
1.929388950838360373e+01 6.816538368116715674e+02 2.131185115291497993e+02 2.114465724878972139e+02
1.929388950838360373e+01 6.816538368116715674e+02 2.131185115291497993e+02 2.114465724878972139e+02
1.929388950838360373e+01 6.816538368116715674e+02 2.131185115291497993e+02 2.114465724878972139e+02
1.929388950838360373e+01 6.816538368116715674e+02 2.131185115291497993e+02 2.114465724878972139e+02
1.929388950838360373e+01 6.816538368116715674e+02 2.131185115291497993e+02 2.114465724878972139e+02
1.929388950838360373e+01 6.816538368116715674e+02 2.131185115291497993e+02 2.114465724878972139e+02
1.929388950838360373e+01 6.816538368116715674e+02 2.131185115291497993e+02 2.114465724878972139e+02
1.929388950838360373e+01 6.816538368116715674e+02 2.131185115291497993e+02 2.114465724878972139e+02
1.929388950838360373e+01 6.816538368116715674e+02 2.131185115291497993e+02 2.114465724878972139e+02
1.929388950838360373e+01 6.816538368116715674e+02 2.131185115291497993e+02 2.114465724878972139e+02
1.929388950838360373e+01 6.816538368116715674e+02 2.131185115291497993e+02 2.114465724878972139e+02
1.929388950838360373e+01 6.816538368116715674e+02 2.131185115291497993e+02 2.114465724878972139e+02
1.929388950838360373e+01 6.816538368116715674e+02 2.131185115291497993e+02 2.114465724878972139e+02
1.929388950838360373e+01 6.816538368116715674e+02 2.131185115291497993e+02 2.114465724878972139e+02
1.929388950838360373e+01 6.816538368116715674e+02 2.131185115291497993e+02 2.114465724878972139e+02
1.929388950838360373e+01 6.816538368116715674e+02 2.131185115291497993e+02 2.114465724878972139e+02
1.929388950838360373e+01 6.816538368116715674e+02 2.131185115291497993e+02 2.114465724878972139e+02
1.929388950838360373e+01 6.816538368116715674e+02 2.131185115291497993e+02 2.114465724878972139e+02
1.929388950838360373e+01 6.816538368116715674e+02 2.131185115291497993e+02 2.114465724878972139e+02
1.929388950838360373e+01 6.816538368116715674e+02 2.131185115291497993e+02 2.114465724878972139e+02
1.929388950838360373e+01 6.816538368116715674e+02 2.131185115291497993e+02 2.114465724878972139e+02
1.929388950838360373e+01 6.816538368116715674e+02 2.131185115291497993e+02 2.114465724878972139e+02
1.929388950838360373e+01 6.816538368116715674e+02 2.131185115291497993e+02 2.114465724878972139e+02
1.929388950838360373e+01 6.816538368116715674e+02 2.131185115291497993e+02 2.114465724878972139e+02
1.964329902662576188e+01 6.840221322559443706e+02 1.933618021589320790e+02 2.224148576704134257e+02
1.979058890654069103e+01 6.836897724984536353e+02 1.896501308922974545e+02 2.231404499938114157e+02
1.979058890654069103e+01 6.836897724984536353e+02 1.896501308922974545e+02 2.231404499938114157e+02
1.939070325701848319e+01 6.837300778639504415e+02 1.960938354186479557e+02 2.156670962247225987e+02
1.939070325701848319e+01 6.837300778639504415e+02 1.960938354186479557e+02 2.156670962247225987e+02
1.933324710150344927e+01 6.843176114010665287e+02 1.921948118607449771e+02 2.184371043064640219e+02
1.933324710150344927e+01 6.843176114010665287e+02 1.921948118607449771e+02 2.184371043064640219e+02
1.933324710150344927e+01 6.843176114010665287e+02 1.921948118607449771e+02 2.184371043064640219e+02
1.933324710150344927e+01 6.843176114010665287e+02 1.921948118607449771e+02 2.184371043064640219e+02
1.933324710150344927e+01 6.843176114010665287e+02 1.921948118607449771e+02 2.184371043064640219e+02
1.964855156323665497e+01 6.880443360458399411e+02 1.688969104808904262e+02 2.248724024968574611e+02
1.970928519204876039e+01 6.885933869522937130e+02 1.675522130992797258e+02 2.162919690516874596e+02
1.970928519204876039e+01 6.885933869522937130e+02 1.675522130992797258e+02 2.162919690516874596e+02
1.970928519204876039e+01 6.885933869522937130e+02 1.675522130992797258e+02 2.162919690516874596e+02
1.960850522452247446e+01 6.853506587559847958e+02 1.608869282839456503e+02 2.161052095618142630e+02
1.960850522452247446e+01 6.853506587559847958e+02 1.608869282839456503e+02 2.161052095618142630e+02
1.934822907267426473e+01 6.897644196292308152e+02 1.526096647484274627e+02 2.225497427799435570e+02
1.925891206355694152e+01 6.878630692005863239e+02 1.545235315464956614e+02 2.221468494524860944e+02
1.969857154202945893e+01 6.890443685655250192e+02 1.510841351735381011e+02 2.148736005340126951e+02
1.969857154202945893e+01 6.890443685655250192e+02 1.510841351735381011e+02 2.148736005340126951e+02
1.969857154202945893e+01 6.890443685655250192e+02 1.510841351735381011e+02 2.148736005340126951e+02
1.969857154202945893e+01 6.890443685655250192e+02 1.510841351735381011e+02 2.148736005340126951e+02
1.969857154202945893e+01 6.890443685655250192e+02 1.510841351735381011e+02 2.148736005340126951e+02
1.969857154202945893e+01 6.890443685655250192e+02 1.510841351735381011e+02 2.148736005340126951e+02
1.969857154202945893e+01 6.890443685655250192e+02 1.510841351735381011e+02 2.148736005340126951e+02
1.969857154202945893e+01 6.890443685655250192e+02 1.510841351735381011e+02 2.148736005340126951e+02
1.969857154202945893e+01 6.890443685655250192e+02 1.510841351735381011e+02 2.148736005340126951e+02
1.969857154202945893e+01 6.890443685655250192e+02 1.510841351735381011e+02 2.148736005340126951e+02
1.957789918869235279e+01 6.944710475041337077e+02 1.448523841919898132e+02 2.211432797787912250e+02
1.929099213808337154e+01 6.931242416052008366e+02 1.461352440200637943e+02 2.220978641757338892e+02
1.929099213808337154e+01 6.931242416052008366e+02 1.461352440200637943e+02 2.220978641757338892e+02
1.929099213808337154e+01 6.931242416052008366e+02 1.461352440200637943e+02 2.220978641757338892e+02
1.929099213808337154e+01 6.931242416052008366e+02 1.461352440200637943e+02 2.220978641757338892e+02
1.947474312353406134e+01 6.946758486165763316e+02 1.466640977793555010e+02 2.192313115974415325e+02
1.947474312353406134e+01 6.946758486165763316e+02 1.466640977793555010e+02 2.192313115974415325e+02
1.947474312353406134e+01 6.946758486165763316e+02 1.466640977793555010e+02 2.192313115974415325e+02
1.928016608540760757e+01 6.904868037203474387e+02 1.457875598108025770e+02 2.199141886578834999e+02
1.928016608540760757e+01 6.904868037203474387e+02 1.457875598108025770e+02 2.199141886578834999e+02
1.928016608540760757e+01 6.904868037203474387e+02 1.457875598108025770e+02 2.199141886578834999e+02
1.928016608540760757e+01 6.904868037203474387e+02 1.457875598108025770e+02 2.199141886578834999e+02
1.928016608540760757e+01 6.904868037203474387e+02 1.457875598108025770e+02 2.199141886578834999e+02
1.928016608540760757e+01 6.904868037203474387e+02 1.457875598108025770e+02 2.199141886578834999e+02
1.928016608540760757e+01 6.904868037203474387e+02 1.457875598108025770e+02 2.199141886578834999e+02
1.928016608540760757e+01 6.904868037203474387e+02 1.457875598108025770e+02 2.199141886578834999e+02
1.954402198708294947e+01 6.938521804219967635e+02 1.427680080324292078e+02 2.213227420186308336e+02
1.954402198708294947e+01 6.938521804219967635e+02 1.427680080324292078e+02 2.213227420186308336e+02
1.980331484146380205e+01 6.886685412833350028e+02 1.441551402715795405e+02 2.167888070448040594e+02
1.980331484146380205e+01 6.886685412833350028e+02 1.441551402715795405e+02 2.167888070448040594e+02
1.980331484146380205e+01 6.886685412833350028e+02 1.441551402715795405e+02 2.167888070448040594e+02
1.980331484146380205e+01 6.886685412833350028e+02 1.441551402715795405e+02 2.167888070448040594e+02
1.980331484146380205e+01 6.886685412833350028e+02 1.441551402715795405e+02 2.167888070448040594e+02
1.980331484146380205e+01 6.886685412833350028e+02 1.441551402715795405e+02 2.167888070448040594e+02
1.980331484146380205e+01 6.886685412833350028e+02 1.441551402715795405e+02 2.167888070448040594e+02
1.980331484146380205e+01 6.886685412833350028e+02 1.441551402715795405e+02 2.167888070448040594e+02
1.980331484146380205e+01 6.886685412833350028e+02 1.441551402715795405e+02 2.167888070448040594e+02
1.980331484146380205e+01 6.886685412833350028e+02 1.441551402715795405e+02 2.167888070448040594e+02
1.980331484146380205e+01 6.886685412833350028e+02 1.441551402715795405e+02 2.167888070448040594e+02
1.980331484146380205e+01 6.886685412833350028e+02 1.441551402715795405e+02 2.167888070448040594e+02
1.980331484146380205e+01 6.886685412833350028e+02 1.441551402715795405e+02 2.167888070448040594e+02
1.980331484146380205e+01 6.886685412833350028e+02 1.441551402715795405e+02 2.167888070448040594e+02
1.980331484146380205e+01 6.886685412833350028e+02 1.441551402715795405e+02 2.167888070448040594e+02
1.980331484146380205e+01 6.886685412833350028e+02 1.441551402715795405e+02 2.167888070448040594e+02
1.980331484146380205e+01 6.886685412833350028e+02 1.441551402715795405e+02 2.167888070448040594e+02
1.980331484146380205e+01 6.886685412833350028e+02 1.441551402715795405e+02 2.167888070448040594e+02
1.980331484146380205e+01 6.886685412833350028e+02 1.441551402715795405e+02 2.167888070448040594e+02
1.980331484146380205e+01 6.886685412833350028e+02 1.441551402715795405e+02 2.167888070448040594e+02
1.980331484146380205e+01 6.886685412833350028e+02 1.441551402715795405e+02 2.167888070448040594e+02
1.980331484146380205e+01 6.886685412833350028e+02 1.441551402715795405e+02 2.167888070448040594e+02
1.980331484146380205e+01 6.886685412833350028e+02 1.441551402715795405e+02 2.167888070448040594e+02
1.980331484146380205e+01 6.886685412833350028e+02 1.441551402715795405e+02 2.167888070448040594e+02
1.980331484146380205e+01 6.886685412833350028e+02 1.441551402715795405e+02 2.167888070448040594e+02
1.980331484146380205e+01 6.886685412833350028e+02 1.441551402715795405e+02 2.167888070448040594e+02
1.980331484146380205e+01 6.886685412833350028e+02 1.441551402715795405e+02 2.167888070448040594e+02
1.980331484146380205e+01 6.886685412833350028e+02 1.441551402715795405e+02 2.167888070448040594e+02
1.980331484146380205e+01 6.886685412833350028e+02 1.441551402715795405e+02 2.167888070448040594e+02
1.941726967180471775e+01 6.892037119898318451e+02 1.451067933236166994e+02 2.191117883468924674e+02
1.941726967180471775e+01 6.892037119898318451e+02 1.451067933236166994e+02 2.191117883468924674e+02
1.941726967180471775e+01 6.892037119898318451e+02 1.451067933236166994e+02 2.191117883468924674e+02
1.941726967180471775e+01 6.892037119898318451e+02 1.451067933236166994e+02 2.191117883468924674e+02
1.952282750803186673e+01 6.881122423433447466e+02 1.451468509610956801e+02 2.156254753951966450e+02
1.952282750803186673e+01 6.881122423433447466e+02 1.451468509610956801e+02 2.156254753951966450e+02
1.952282750803186673e+01 6.881122423433447466e+02 1.451468509610956801e+02 2.156254753951966450e+02
1.952282750803186673e+01 6.881122423433447466e+02 1.451468509610956801e+02 2.156254753951966450e+02
1.952282750803186673e+01 6.881122423433447466e+02 1.451468509610956801e+02 2.156254753951966450e+02
1.952282750803186673e+01 6.881122423433447466e+02 1.451468509610956801e+02 2.156254753951966450e+02
1.952282750803186673e+01 6.881122423433447466e+02 1.451468509610956801e+02 2.156254753951966450e+02
1.952282750803186673e+01 6.881122423433447466e+02 1.451468509610956801e+02 2.156254753951966450e+02
1.952282750803186673e+01 6.881122423433447466e+02 1.451468509610956801e+02 2.156254753951966450e+02
1.952282750803186673e+01 6.881122423433447466e+02 1.451468509610956801e+02 2.156254753951966450e+02
1.952282750803186673e+01 6.881122423433447466e+02 1.451468509610956801e+02 2.156254753951966450e+02
1.952282750803186673e+01 6.881122423433447466e+02 1.451468509610956801e+02 2.156254753951966450e+02
1.952282750803186673e+01 6.881122423433447466e+02 1.451468509610956801e+02 2.156254753951966450e+02
1.952282750803186673e+01 6.881122423433447466e+02 1.451468509610956801e+02 2.156254753951966450e+02
1.952282750803186673e+01 6.881122423433447466e+02 1.451468509610956801e+02 2.156254753951966450e+02
1.952282750803186673e+01 6.881122423433447466e+02 1.451468509610956801e+02 2.156254753951966450e+02
1.952282750803186673e+01 6.881122423433447466e+02 1.451468509610956801e+02 2.156254753951966450e+02
1.952282750803186673e+01 6.881122423433447466e+02 1.451468509610956801e+02 2.156254753951966450e+02
1.952282750803186673e+01 6.881122423433447466e+02 1.451468509610956801e+02 2.156254753951966450e+02
1.952282750803186673e+01 6.881122423433447466e+02 1.451468509610956801e+02 2.156254753951966450e+02
1.952282750803186673e+01 6.881122423433447466e+02 1.451468509610956801e+02 2.156254753951966450e+02
1.952282750803186673e+01 6.881122423433447466e+02 1.451468509610956801e+02 2.156254753951966450e+02
1.952282750803186673e+01 6.881122423433447466e+02 1.451468509610956801e+02 2.156254753951966450e+02
1.952282750803186673e+01 6.881122423433447466e+02 1.451468509610956801e+02 2.156254753951966450e+02
1.952282750803186673e+01 6.881122423433447466e+02 1.451468509610956801e+02 2.156254753951966450e+02
1.952282750803186673e+01 6.881122423433447466e+02 1.451468509610956801e+02 2.156254753951966450e+02
1.952282750803186673e+01 6.881122423433447466e+02 1.451468509610956801e+02 2.156254753951966450e+02
1.952282750803186673e+01 6.881122423433447466e+02 1.451468509610956801e+02 2.156254753951966450e+02
1.952282750803186673e+01 6.881122423433447466e+02 1.451468509610956801e+02 2.156254753951966450e+02
1.952282750803186673e+01 6.881122423433447466e+02 1.451468509610956801e+02 2.156254753951966450e+02
1.952282750803186673e+01 6.881122423433447466e+02 1.451468509610956801e+02 2.156254753951966450e+02
1.952282750803186673e+01 6.881122423433447466e+02 1.451468509610956801e+02 2.156254753951966450e+02
1.952282750803186673e+01 6.881122423433447466e+02 1.451468509610956801e+02 2.156254753951966450e+02
1.952282750803186673e+01 6.881122423433447466e+02 1.451468509610956801e+02 2.156254753951966450e+02
1.952282750803186673e+01 6.881122423433447466e+02 1.451468509610956801e+02 2.156254753951966450e+02
1.952282750803186673e+01 6.881122423433447466e+02 1.451468509610956801e+02 2.156254753951966450e+02
1.952282750803186673e+01 6.881122423433447466e+02 1.451468509610956801e+02 2.156254753951966450e+02
1.952282750803186673e+01 6.881122423433447466e+02 1.451468509610956801e+02 2.156254753951966450e+02
1.952282750803186673e+01 6.881122423433447466e+02 1.451468509610956801e+02 2.156254753951966450e+02
1.952282750803186673e+01 6.881122423433447466e+02 1.451468509610956801e+02 2.156254753951966450e+02
1.952282750803186673e+01 6.881122423433447466e+02 1.451468509610956801e+02 2.156254753951966450e+02
1.952282750803186673e+01 6.881122423433447466e+02 1.451468509610956801e+02 2.156254753951966450e+02
1.952282750803186673e+01 6.881122423433447466e+02 1.451468509610956801e+02 2.156254753951966450e+02
1.952282750803186673e+01 6.881122423433447466e+02 1.451468509610956801e+02 2.156254753951966450e+02
1.952282750803186673e+01 6.881122423433447466e+02 1.451468509610956801e+02 2.156254753951966450e+02
1.952282750803186673e+01 6.881122423433447466e+02 1.451468509610956801e+02 2.156254753951966450e+02
1.952282750803186673e+01 6.881122423433447466e+02 1.451468509610956801e+02 2.156254753951966450e+02
1.952282750803186673e+01 6.881122423433447466e+02 1.451468509610956801e+02 2.156254753951966450e+02
1.952282750803186673e+01 6.881122423433447466e+02 1.451468509610956801e+02 2.156254753951966450e+02
1.952282750803186673e+01 6.881122423433447466e+02 1.451468509610956801e+02 2.156254753951966450e+02
1.952282750803186673e+01 6.881122423433447466e+02 1.451468509610956801e+02 2.156254753951966450e+02
1.952282750803186673e+01 6.881122423433447466e+02 1.451468509610956801e+02 2.156254753951966450e+02
1.952282750803186673e+01 6.881122423433447466e+02 1.451468509610956801e+02 2.156254753951966450e+02
