2.037962206588265701e+01 5.604375380295326750e+02 8.822142801246060117e+04 2.342252333379230151e+02
2.035022420345256222e+01 5.645736583568090055e+02 8.785055943374769413e+04 2.436388998383020805e+02
2.134613427604958602e+01 5.728335371319519709e+02 7.282840844961206312e+04 2.356099657529720730e+02
2.095445042958806425e+01 5.655916904515366923e+02 7.344267137679575535e+04 2.385893830418459345e+02
2.095445042958806425e+01 5.655916904515366923e+02 7.344267137679575535e+04 2.385893830418459345e+02
2.095445042958806425e+01 5.655916904515366923e+02 7.344267137679575535e+04 2.385893830418459345e+02
2.193692236650243643e+01 5.549754016452063752e+02 7.251683547572024690e+04 2.331223757062216464e+02
2.193692236650243643e+01 5.549754016452063752e+02 7.251683547572024690e+04 2.331223757062216464e+02
2.193692236650243643e+01 5.549754016452063752e+02 7.251683547572024690e+04 2.331223757062216464e+02
2.193692236650243643e+01 5.549754016452063752e+02 7.251683547572024690e+04 2.331223757062216464e+02
2.328859077861897831e+01 5.233508909438944556e+02 6.738676429018010094e+04 2.360142890693670950e+02
2.180376442467873943e+01 5.289039683715578803e+02 6.703036276205725153e+04 2.411775254001044857e+02
2.222807405282744142e+01 5.145295097755450797e+02 6.124308098351115041e+04 2.369920673033100513e+02
2.222807405282744142e+01 5.145295097755450797e+02 6.124308098351115041e+04 2.369920673033100513e+02
2.200102364098774999e+01 5.098680958642211181e+02 6.012870536864725727e+04 2.356784805442082984e+02
2.200102364098774999e+01 5.098680958642211181e+02 6.012870536864725727e+04 2.356784805442082984e+02
2.200102364098774999e+01 5.098680958642211181e+02 6.012870536864725727e+04 2.356784805442082984e+02
2.445319071385001664e+01 4.542909178842028268e+02 4.058544858060451224e+04 2.228328272189654911e+02
2.436204754226284308e+01 4.248876073845086694e+02 2.857693612595770173e+04 2.207485992776456101e+02
2.518716616687094856e+01 4.161828417994334472e+02 2.601538923473602699e+04 2.155858924088323363e+02
2.518716616687094856e+01 4.161828417994334472e+02 2.601538923473602699e+04 2.155858924088323363e+02
2.518716616687094856e+01 4.161828417994334472e+02 2.601538923473602699e+04 2.155858924088323363e+02
2.518716616687094856e+01 4.161828417994334472e+02 2.601538923473602699e+04 2.155858924088323363e+02
2.771708267156083494e+01 4.016158963138844911e+02 1.790477540011780729e+04 2.099262896165721770e+02
2.889735734076063522e+01 4.071111103445943513e+02 1.651102511875826895e+04 2.073865007957990372e+02
2.889735734076063522e+01 4.071111103445943513e+02 1.651102511875826895e+04 2.073865007957990372e+02
2.541092578815135283e+01 4.286878219305938273e+02 1.529701514661300644e+04 2.179181517714253005e+02
2.541092578815135283e+01 4.286878219305938273e+02 1.529701514661300644e+04 2.179181517714253005e+02
2.541092578815135283e+01 4.286878219305938273e+02 1.529701514661300644e+04 2.179181517714253005e+02
2.346564238041693429e+01 5.119394013191353565e+02 1.252716051240803063e+04 2.224294633487897102e+02
2.154172362241813232e+01 5.441326296928801867e+02 9.165854261893789953e+03 2.157743583098325644e+02
2.154172362241813232e+01 5.441326296928801867e+02 9.165854261893789953e+03 2.157743583098325644e+02
2.140287370478984030e+01 5.788811183442137462e+02 7.759152188909587494e+03 2.117716783131457703e+02
2.017150325901610231e+01 6.041320863577261662e+02 7.698375339672402333e+03 2.046819756919651070e+02
2.017150325901610231e+01 6.041320863577261662e+02 7.698375339672402333e+03 2.046819756919651070e+02
2.041649286723173873e+01 6.054697181768697192e+02 4.210583463748078429e+03 2.061782091602903222e+02
2.028594187719569675e+01 6.061613446372389262e+02 4.118459084752294984e+03 2.090317136651587759e+02
2.082805036303930990e+01 6.063483567358235860e+02 4.107854118961469794e+03 2.043349869774232275e+02
2.077738635203137463e+01 5.913553097022605698e+02 3.860404140984159312e+03 2.029727900305750836e+02
2.000958504137899041e+01 6.509314800244768549e+02 3.074047652984561864e+03 2.061151466828394234e+02
2.002324952176675765e+01 6.559636579296676473e+02 2.996388165363066946e+03 2.079546127194761880e+02
2.103788999196882159e+01 6.435195960275202651e+02 2.974348898964326963e+03 1.924061500962670266e+02
2.049686492964937656e+01 6.391939371027789321e+02 2.916974753434920331e+03 1.897103521924969129e+02
2.121187035750172001e+01 6.310497606628866833e+02 2.186301672910687103e+03 1.775048206447707457e+02
2.072187680964447054e+01 6.321806464272333415e+02 2.173263237875302366e+03 1.800815193065047026e+02
2.081402792817298675e+01 6.262207105702492527e+02 2.097438474051862613e+03 1.801196693165479985e+02
2.102087257341193194e+01 6.194775299744059112e+02 1.914393377822575076e+03 1.751434818181100468e+02
2.077484169442166007e+01 6.335259365370632167e+02 1.548788342603851561e+03 1.766739396277667993e+02
2.077484169442166007e+01 6.335259365370632167e+02 1.548788342603851561e+03 1.766739396277667993e+02
2.203319625371001322e+01 5.957015047833824610e+02 7.885747541874050057e+02 1.680161559042549584e+02
2.203319625371001322e+01 5.957015047833824610e+02 7.885747541874050057e+02 1.680161559042549584e+02
2.190185487166924005e+01 5.927721478669434418e+02 4.923167335817877301e+02 1.686670509614519062e+02
2.228679946123668998e+01 5.950713609465876743e+02 4.674691415753802062e+02 1.646717657694214267e+02
2.228679946123668998e+01 5.950713609465876743e+02 4.674691415753802062e+02 1.646717657694214267e+02
2.215875141679399007e+01 5.970811617080723863e+02 3.926433674328998222e+02 1.709395140293759141e+02
2.136051069528974011e+01 6.105104043123774318e+02 2.435697905569508919e+02 1.797855268936838513e+02
2.136051069528974011e+01 6.105104043123774318e+02 2.435697905569508919e+02 1.797855268936838513e+02
2.101527394275819205e+01 5.998732575534926355e+02 2.473612113256613156e+02 1.720129734187352710e+02
2.213779986778155262e+01 5.870531411784983220e+02 2.046710396734203243e+02 1.726686933251019980e+02
2.184631664820867769e+01 5.893600465471776033e+02 2.034110801309545025e+02 1.657024595414660553e+02
2.184631664820867769e+01 5.893600465471776033e+02 2.034110801309545025e+02 1.657024595414660553e+02
2.184631664820867769e+01 5.893600465471776033e+02 2.034110801309545025e+02 1.657024595414660553e+02
2.274107702537873621e+01 5.815706160861836906e+02 1.927136255077001294e+02 1.644368473359316738e+02
2.274107702537873621e+01 5.815706160861836906e+02 1.927136255077001294e+02 1.644368473359316738e+02
2.230044871371462989e+01 5.840509913560657651e+02 1.885414810355163695e+02 1.673922306905593018e+02
2.269012359714732696e+01 5.745983610890895079e+02 1.725552381837072176e+02 1.633160557632882615e+02
2.171487006484453275e+01 6.094205143429255713e+02 1.358331049275363114e+02 1.819522875355741292e+02
2.171487006484453275e+01 6.094205143429255713e+02 1.358331049275363114e+02 1.819522875355741292e+02
2.134384831960488782e+01 6.130034375002899196e+02 1.351102220157952161e+02 1.815135816310059909e+02
2.134384831960488782e+01 6.130034375002899196e+02 1.351102220157952161e+02 1.815135816310059909e+02
2.134384831960488782e+01 6.130034375002899196e+02 1.351102220157952161e+02 1.815135816310059909e+02
2.166308886318150329e+01 6.136413894616473499e+02 1.056282265450189897e+02 1.805667942258814378e+02
2.166308886318150329e+01 6.136413894616473499e+02 1.056282265450189897e+02 1.805667942258814378e+02
2.297180019610051360e+01 5.849780343055996354e+02 5.952379345222597351e+01 1.728132275157052788e+02
2.297180019610051360e+01 5.849780343055996354e+02 5.952379345222597351e+01 1.728132275157052788e+02
2.297180019610051360e+01 5.849780343055996354e+02 5.952379345222597351e+01 1.728132275157052788e+02
2.297180019610051360e+01 5.849780343055996354e+02 5.952379345222597351e+01 1.728132275157052788e+02
2.297180019610051360e+01 5.849780343055996354e+02 5.952379345222597351e+01 1.728132275157052788e+02
2.297180019610051360e+01 5.849780343055996354e+02 5.952379345222597351e+01 1.728132275157052788e+02
2.199288252346589445e+01 5.860007867102495993e+02 5.939690623055581398e+01 1.709573416444910663e+02
2.199288252346589445e+01 5.860007867102495993e+02 5.939690623055581398e+01 1.709573416444910663e+02
2.199288252346589445e+01 5.860007867102495993e+02 5.939690623055581398e+01 1.709573416444910663e+02
2.199288252346589445e+01 5.860007867102495993e+02 5.939690623055581398e+01 1.709573416444910663e+02
2.199288252346589445e+01 5.860007867102495993e+02 5.939690623055581398e+01 1.709573416444910663e+02
2.199288252346589445e+01 5.860007867102495993e+02 5.939690623055581398e+01 1.709573416444910663e+02
2.199288252346589445e+01 5.860007867102495993e+02 5.939690623055581398e+01 1.709573416444910663e+02
2.199288252346589445e+01 5.860007867102495993e+02 5.939690623055581398e+01 1.709573416444910663e+02
2.199288252346589445e+01 5.860007867102495993e+02 5.939690623055581398e+01 1.709573416444910663e+02
2.199288252346589445e+01 5.860007867102495993e+02 5.939690623055581398e+01 1.709573416444910663e+02
2.199288252346589445e+01 5.860007867102495993e+02 5.939690623055581398e+01 1.709573416444910663e+02
2.199288252346589445e+01 5.860007867102495993e+02 5.939690623055581398e+01 1.709573416444910663e+02
2.199288252346589445e+01 5.860007867102495993e+02 5.939690623055581398e+01 1.709573416444910663e+02
2.199288252346589445e+01 5.860007867102495993e+02 5.939690623055581398e+01 1.709573416444910663e+02
2.199288252346589445e+01 5.860007867102495993e+02 5.939690623055581398e+01 1.709573416444910663e+02
2.199288252346589445e+01 5.860007867102495993e+02 5.939690623055581398e+01 1.709573416444910663e+02
2.199288252346589445e+01 5.860007867102495993e+02 5.939690623055581398e+01 1.709573416444910663e+02
2.199288252346589445e+01 5.860007867102495993e+02 5.939690623055581398e+01 1.709573416444910663e+02
2.199288252346589445e+01 5.860007867102495993e+02 5.939690623055581398e+01 1.709573416444910663e+02
2.199288252346589445e+01 5.860007867102495993e+02 5.939690623055581398e+01 1.709573416444910663e+02
2.199288252346589445e+01 5.860007867102495993e+02 5.939690623055581398e+01 1.709573416444910663e+02
2.199288252346589445e+01 5.860007867102495993e+02 5.939690623055581398e+01 1.709573416444910663e+02
2.199288252346589445e+01 5.860007867102495993e+02 5.939690623055581398e+01 1.709573416444910663e+02
2.199288252346589445e+01 5.860007867102495993e+02 5.939690623055581398e+01 1.709573416444910663e+02
2.199288252346589445e+01 5.860007867102495993e+02 5.939690623055581398e+01 1.709573416444910663e+02
2.199288252346589445e+01 5.860007867102495993e+02 5.939690623055581398e+01 1.709573416444910663e+02
2.199288252346589445e+01 5.860007867102495993e+02 5.939690623055581398e+01 1.709573416444910663e+02
2.199288252346589445e+01 5.860007867102495993e+02 5.939690623055581398e+01 1.709573416444910663e+02
2.199288252346589445e+01 5.860007867102495993e+02 5.939690623055581398e+01 1.709573416444910663e+02
2.199288252346589445e+01 5.860007867102495993e+02 5.939690623055581398e+01 1.709573416444910663e+02
2.199288252346589445e+01 5.860007867102495993e+02 5.939690623055581398e+01 1.709573416444910663e+02
2.199288252346589445e+01 5.860007867102495993e+02 5.939690623055581398e+01 1.709573416444910663e+02
2.199288252346589445e+01 5.860007867102495993e+02 5.939690623055581398e+01 1.709573416444910663e+02
2.199288252346589445e+01 5.860007867102495993e+02 5.939690623055581398e+01 1.709573416444910663e+02
2.199288252346589445e+01 5.860007867102495993e+02 5.939690623055581398e+01 1.709573416444910663e+02
2.199288252346589445e+01 5.860007867102495993e+02 5.939690623055581398e+01 1.709573416444910663e+02
2.199288252346589445e+01 5.860007867102495993e+02 5.939690623055581398e+01 1.709573416444910663e+02
2.199288252346589445e+01 5.860007867102495993e+02 5.939690623055581398e+01 1.709573416444910663e+02
2.199288252346589445e+01 5.860007867102495993e+02 5.939690623055581398e+01 1.709573416444910663e+02
2.199288252346589445e+01 5.860007867102495993e+02 5.939690623055581398e+01 1.709573416444910663e+02
2.199288252346589445e+01 5.860007867102495993e+02 5.939690623055581398e+01 1.709573416444910663e+02
2.199288252346589445e+01 5.860007867102495993e+02 5.939690623055581398e+01 1.709573416444910663e+02
2.199288252346589445e+01 5.860007867102495993e+02 5.939690623055581398e+01 1.709573416444910663e+02
2.199288252346589445e+01 5.860007867102495993e+02 5.939690623055581398e+01 1.709573416444910663e+02
2.199288252346589445e+01 5.860007867102495993e+02 5.939690623055581398e+01 1.709573416444910663e+02
2.199288252346589445e+01 5.860007867102495993e+02 5.939690623055581398e+01 1.709573416444910663e+02
2.199288252346589445e+01 5.860007867102495993e+02 5.939690623055581398e+01 1.709573416444910663e+02
2.199288252346589445e+01 5.860007867102495993e+02 5.939690623055581398e+01 1.709573416444910663e+02
2.199288252346589445e+01 5.860007867102495993e+02 5.939690623055581398e+01 1.709573416444910663e+02
2.199288252346589445e+01 5.860007867102495993e+02 5.939690623055581398e+01 1.709573416444910663e+02
2.199288252346589445e+01 5.860007867102495993e+02 5.939690623055581398e+01 1.709573416444910663e+02
2.199288252346589445e+01 5.860007867102495993e+02 5.939690623055581398e+01 1.709573416444910663e+02
2.199288252346589445e+01 5.860007867102495993e+02 5.939690623055581398e+01 1.709573416444910663e+02
2.199288252346589445e+01 5.860007867102495993e+02 5.939690623055581398e+01 1.709573416444910663e+02
2.199288252346589445e+01 5.860007867102495993e+02 5.939690623055581398e+01 1.709573416444910663e+02
2.199288252346589445e+01 5.860007867102495993e+02 5.939690623055581398e+01 1.709573416444910663e+02
2.199288252346589445e+01 5.860007867102495993e+02 5.939690623055581398e+01 1.709573416444910663e+02
2.199288252346589445e+01 5.860007867102495993e+02 5.939690623055581398e+01 1.709573416444910663e+02
2.199288252346589445e+01 5.860007867102495993e+02 5.939690623055581398e+01 1.709573416444910663e+02
2.199288252346589445e+01 5.860007867102495993e+02 5.939690623055581398e+01 1.709573416444910663e+02
2.199288252346589445e+01 5.860007867102495993e+02 5.939690623055581398e+01 1.709573416444910663e+02
2.199288252346589445e+01 5.860007867102495993e+02 5.939690623055581398e+01 1.709573416444910663e+02
2.199288252346589445e+01 5.860007867102495993e+02 5.939690623055581398e+01 1.709573416444910663e+02
2.199288252346589445e+01 5.860007867102495993e+02 5.939690623055581398e+01 1.709573416444910663e+02
2.199288252346589445e+01 5.860007867102495993e+02 5.939690623055581398e+01 1.709573416444910663e+02
2.199288252346589445e+01 5.860007867102495993e+02 5.939690623055581398e+01 1.709573416444910663e+02
2.199288252346589445e+01 5.860007867102495993e+02 5.939690623055581398e+01 1.709573416444910663e+02
2.199288252346589445e+01 5.860007867102495993e+02 5.939690623055581398e+01 1.709573416444910663e+02
2.199288252346589445e+01 5.860007867102495993e+02 5.939690623055581398e+01 1.709573416444910663e+02
2.199288252346589445e+01 5.860007867102495993e+02 5.939690623055581398e+01 1.709573416444910663e+02
2.199288252346589445e+01 5.860007867102495993e+02 5.939690623055581398e+01 1.709573416444910663e+02
2.199288252346589445e+01 5.860007867102495993e+02 5.939690623055581398e+01 1.709573416444910663e+02
2.199288252346589445e+01 5.860007867102495993e+02 5.939690623055581398e+01 1.709573416444910663e+02
2.199288252346589445e+01 5.860007867102495993e+02 5.939690623055581398e+01 1.709573416444910663e+02
2.199288252346589445e+01 5.860007867102495993e+02 5.939690623055581398e+01 1.709573416444910663e+02
2.199288252346589445e+01 5.860007867102495993e+02 5.939690623055581398e+01 1.709573416444910663e+02
2.199288252346589445e+01 5.860007867102495993e+02 5.939690623055581398e+01 1.709573416444910663e+02
2.199288252346589445e+01 5.860007867102495993e+02 5.939690623055581398e+01 1.709573416444910663e+02
2.199288252346589445e+01 5.860007867102495993e+02 5.939690623055581398e+01 1.709573416444910663e+02
2.199288252346589445e+01 5.860007867102495993e+02 5.939690623055581398e+01 1.709573416444910663e+02
2.199288252346589445e+01 5.860007867102495993e+02 5.939690623055581398e+01 1.709573416444910663e+02
2.199288252346589445e+01 5.860007867102495993e+02 5.939690623055581398e+01 1.709573416444910663e+02
2.199288252346589445e+01 5.860007867102495993e+02 5.939690623055581398e+01 1.709573416444910663e+02
2.199288252346589445e+01 5.860007867102495993e+02 5.939690623055581398e+01 1.709573416444910663e+02
2.205013997301142581e+01 5.870739318984805095e+02 5.890770910162735419e+01 1.707951127667639923e+02
2.205013997301142581e+01 5.870739318984805095e+02 5.890770910162735419e+01 1.707951127667639923e+02
2.205013997301142581e+01 5.870739318984805095e+02 5.890770910162735419e+01 1.707951127667639923e+02
2.205013997301142581e+01 5.870739318984805095e+02 5.890770910162735419e+01 1.707951127667639923e+02
2.205013997301142581e+01 5.870739318984805095e+02 5.890770910162735419e+01 1.707951127667639923e+02
2.205013997301142581e+01 5.870739318984805095e+02 5.890770910162735419e+01 1.707951127667639923e+02
2.205013997301142581e+01 5.870739318984805095e+02 5.890770910162735419e+01 1.707951127667639923e+02
2.205013997301142581e+01 5.870739318984805095e+02 5.890770910162735419e+01 1.707951127667639923e+02
2.205013997301142581e+01 5.870739318984805095e+02 5.890770910162735419e+01 1.707951127667639923e+02
2.205013997301142581e+01 5.870739318984805095e+02 5.890770910162735419e+01 1.707951127667639923e+02
2.205013997301142581e+01 5.870739318984805095e+02 5.890770910162735419e+01 1.707951127667639923e+02
2.205013997301142581e+01 5.870739318984805095e+02 5.890770910162735419e+01 1.707951127667639923e+02
2.205013997301142581e+01 5.870739318984805095e+02 5.890770910162735419e+01 1.707951127667639923e+02
2.205013997301142581e+01 5.870739318984805095e+02 5.890770910162735419e+01 1.707951127667639923e+02
2.211782011882900179e+01 5.870840697363225900e+02 5.934366988175255386e+01 1.680740307064826027e+02
2.211782011882900179e+01 5.870840697363225900e+02 5.934366988175255386e+01 1.680740307064826027e+02
2.211782011882900179e+01 5.870840697363225900e+02 5.934366988175255386e+01 1.680740307064826027e+02
2.188336093546146088e+01 5.922491607251117784e+02 5.910701591241069508e+01 1.664091068164721321e+02
2.188336093546146088e+01 5.922491607251117784e+02 5.910701591241069508e+01 1.664091068164721321e+02
2.188336093546146088e+01 5.922491607251117784e+02 5.910701591241069508e+01 1.664091068164721321e+02
2.188336093546146088e+01 5.922491607251117784e+02 5.910701591241069508e+01 1.664091068164721321e+02
2.188336093546146088e+01 5.922491607251117784e+02 5.910701591241069508e+01 1.664091068164721321e+02
2.188336093546146088e+01 5.922491607251117784e+02 5.910701591241069508e+01 1.664091068164721321e+02
2.188336093546146088e+01 5.922491607251117784e+02 5.910701591241069508e+01 1.664091068164721321e+02
2.188336093546146088e+01 5.922491607251117784e+02 5.910701591241069508e+01 1.664091068164721321e+02
2.188336093546146088e+01 5.922491607251117784e+02 5.910701591241069508e+01 1.664091068164721321e+02
2.188336093546146088e+01 5.922491607251117784e+02 5.910701591241069508e+01 1.664091068164721321e+02
2.188336093546146088e+01 5.922491607251117784e+02 5.910701591241069508e+01 1.664091068164721321e+02
2.188336093546146088e+01 5.922491607251117784e+02 5.910701591241069508e+01 1.664091068164721321e+02
2.188336093546146088e+01 5.922491607251117784e+02 5.910701591241069508e+01 1.664091068164721321e+02
2.188336093546146088e+01 5.922491607251117784e+02 5.910701591241069508e+01 1.664091068164721321e+02
2.188336093546146088e+01 5.922491607251117784e+02 5.910701591241069508e+01 1.664091068164721321e+02
2.188336093546146088e+01 5.922491607251117784e+02 5.910701591241069508e+01 1.664091068164721321e+02
2.188336093546146088e+01 5.922491607251117784e+02 5.910701591241069508e+01 1.664091068164721321e+02
2.188336093546146088e+01 5.922491607251117784e+02 5.910701591241069508e+01 1.664091068164721321e+02
2.188336093546146088e+01 5.922491607251117784e+02 5.910701591241069508e+01 1.664091068164721321e+02
2.188336093546146088e+01 5.922491607251117784e+02 5.910701591241069508e+01 1.664091068164721321e+02
2.188336093546146088e+01 5.922491607251117784e+02 5.910701591241069508e+01 1.664091068164721321e+02
2.188336093546146088e+01 5.922491607251117784e+02 5.910701591241069508e+01 1.664091068164721321e+02
2.188336093546146088e+01 5.922491607251117784e+02 5.910701591241069508e+01 1.664091068164721321e+02
2.188336093546146088e+01 5.922491607251117784e+02 5.910701591241069508e+01 1.664091068164721321e+02
2.188336093546146088e+01 5.922491607251117784e+02 5.910701591241069508e+01 1.664091068164721321e+02
2.188336093546146088e+01 5.922491607251117784e+02 5.910701591241069508e+01 1.664091068164721321e+02
2.188336093546146088e+01 5.922491607251117784e+02 5.910701591241069508e+01 1.664091068164721321e+02
2.188336093546146088e+01 5.922491607251117784e+02 5.910701591241069508e+01 1.664091068164721321e+02
2.188336093546146088e+01 5.922491607251117784e+02 5.910701591241069508e+01 1.664091068164721321e+02
2.188336093546146088e+01 5.922491607251117784e+02 5.910701591241069508e+01 1.664091068164721321e+02
2.188336093546146088e+01 5.922491607251117784e+02 5.910701591241069508e+01 1.664091068164721321e+02
2.188336093546146088e+01 5.922491607251117784e+02 5.910701591241069508e+01 1.664091068164721321e+02
2.188336093546146088e+01 5.922491607251117784e+02 5.910701591241069508e+01 1.664091068164721321e+02
2.188336093546146088e+01 5.922491607251117784e+02 5.910701591241069508e+01 1.664091068164721321e+02
2.188336093546146088e+01 5.922491607251117784e+02 5.910701591241069508e+01 1.664091068164721321e+02
2.188336093546146088e+01 5.922491607251117784e+02 5.910701591241069508e+01 1.664091068164721321e+02
2.188336093546146088e+01 5.922491607251117784e+02 5.910701591241069508e+01 1.664091068164721321e+02
2.188336093546146088e+01 5.922491607251117784e+02 5.910701591241069508e+01 1.664091068164721321e+02
2.188336093546146088e+01 5.922491607251117784e+02 5.910701591241069508e+01 1.664091068164721321e+02
2.188336093546146088e+01 5.922491607251117784e+02 5.910701591241069508e+01 1.664091068164721321e+02
2.188336093546146088e+01 5.922491607251117784e+02 5.910701591241069508e+01 1.664091068164721321e+02
2.188336093546146088e+01 5.922491607251117784e+02 5.910701591241069508e+01 1.664091068164721321e+02
2.188336093546146088e+01 5.922491607251117784e+02 5.910701591241069508e+01 1.664091068164721321e+02
2.188336093546146088e+01 5.922491607251117784e+02 5.910701591241069508e+01 1.664091068164721321e+02
2.188336093546146088e+01 5.922491607251117784e+02 5.910701591241069508e+01 1.664091068164721321e+02
2.188336093546146088e+01 5.922491607251117784e+02 5.910701591241069508e+01 1.664091068164721321e+02
2.188336093546146088e+01 5.922491607251117784e+02 5.910701591241069508e+01 1.664091068164721321e+02
2.188336093546146088e+01 5.922491607251117784e+02 5.910701591241069508e+01 1.664091068164721321e+02
2.188336093546146088e+01 5.922491607251117784e+02 5.910701591241069508e+01 1.664091068164721321e+02
2.188336093546146088e+01 5.922491607251117784e+02 5.910701591241069508e+01 1.664091068164721321e+02
2.188336093546146088e+01 5.922491607251117784e+02 5.910701591241069508e+01 1.664091068164721321e+02
2.188336093546146088e+01 5.922491607251117784e+02 5.910701591241069508e+01 1.664091068164721321e+02
2.188336093546146088e+01 5.922491607251117784e+02 5.910701591241069508e+01 1.664091068164721321e+02
2.188336093546146088e+01 5.922491607251117784e+02 5.910701591241069508e+01 1.664091068164721321e+02
2.188336093546146088e+01 5.922491607251117784e+02 5.910701591241069508e+01 1.664091068164721321e+02
2.188336093546146088e+01 5.922491607251117784e+02 5.910701591241069508e+01 1.664091068164721321e+02
2.188336093546146088e+01 5.922491607251117784e+02 5.910701591241069508e+01 1.664091068164721321e+02
2.188336093546146088e+01 5.922491607251117784e+02 5.910701591241069508e+01 1.664091068164721321e+02
2.188336093546146088e+01 5.922491607251117784e+02 5.910701591241069508e+01 1.664091068164721321e+02
2.188336093546146088e+01 5.922491607251117784e+02 5.910701591241069508e+01 1.664091068164721321e+02
2.188336093546146088e+01 5.922491607251117784e+02 5.910701591241069508e+01 1.664091068164721321e+02
2.188336093546146088e+01 5.922491607251117784e+02 5.910701591241069508e+01 1.664091068164721321e+02
2.188336093546146088e+01 5.922491607251117784e+02 5.910701591241069508e+01 1.664091068164721321e+02
2.188336093546146088e+01 5.922491607251117784e+02 5.910701591241069508e+01 1.664091068164721321e+02
2.188336093546146088e+01 5.922491607251117784e+02 5.910701591241069508e+01 1.664091068164721321e+02
2.188336093546146088e+01 5.922491607251117784e+02 5.910701591241069508e+01 1.664091068164721321e+02
2.188336093546146088e+01 5.922491607251117784e+02 5.910701591241069508e+01 1.664091068164721321e+02
2.188336093546146088e+01 5.922491607251117784e+02 5.910701591241069508e+01 1.664091068164721321e+02
2.188336093546146088e+01 5.922491607251117784e+02 5.910701591241069508e+01 1.664091068164721321e+02
2.188336093546146088e+01 5.922491607251117784e+02 5.910701591241069508e+01 1.664091068164721321e+02
2.188336093546146088e+01 5.922491607251117784e+02 5.910701591241069508e+01 1.664091068164721321e+02
2.188336093546146088e+01 5.922491607251117784e+02 5.910701591241069508e+01 1.664091068164721321e+02
2.188336093546146088e+01 5.922491607251117784e+02 5.910701591241069508e+01 1.664091068164721321e+02
2.188336093546146088e+01 5.922491607251117784e+02 5.910701591241069508e+01 1.664091068164721321e+02
2.188336093546146088e+01 5.922491607251117784e+02 5.910701591241069508e+01 1.664091068164721321e+02
2.188336093546146088e+01 5.922491607251117784e+02 5.910701591241069508e+01 1.664091068164721321e+02
2.188336093546146088e+01 5.922491607251117784e+02 5.910701591241069508e+01 1.664091068164721321e+02
2.188336093546146088e+01 5.922491607251117784e+02 5.910701591241069508e+01 1.664091068164721321e+02
2.188336093546146088e+01 5.922491607251117784e+02 5.910701591241069508e+01 1.664091068164721321e+02
2.188336093546146088e+01 5.922491607251117784e+02 5.910701591241069508e+01 1.664091068164721321e+02
2.188336093546146088e+01 5.922491607251117784e+02 5.910701591241069508e+01 1.664091068164721321e+02
2.188336093546146088e+01 5.922491607251117784e+02 5.910701591241069508e+01 1.664091068164721321e+02
2.188336093546146088e+01 5.922491607251117784e+02 5.910701591241069508e+01 1.664091068164721321e+02
2.188336093546146088e+01 5.922491607251117784e+02 5.910701591241069508e+01 1.664091068164721321e+02
2.188336093546146088e+01 5.922491607251117784e+02 5.910701591241069508e+01 1.664091068164721321e+02
2.188336093546146088e+01 5.922491607251117784e+02 5.910701591241069508e+01 1.664091068164721321e+02
2.188336093546146088e+01 5.922491607251117784e+02 5.910701591241069508e+01 1.664091068164721321e+02
2.188336093546146088e+01 5.922491607251117784e+02 5.910701591241069508e+01 1.664091068164721321e+02
2.174566697959515338e+01 5.911387972623152791e+02 5.872498621054062085e+01 1.691259739707147673e+02
2.174566697959515338e+01 5.911387972623152791e+02 5.872498621054062085e+01 1.691259739707147673e+02
2.174566697959515338e+01 5.911387972623152791e+02 5.872498621054062085e+01 1.691259739707147673e+02
2.174566697959515338e+01 5.911387972623152791e+02 5.872498621054062085e+01 1.691259739707147673e+02
2.174566697959515338e+01 5.911387972623152791e+02 5.872498621054062085e+01 1.691259739707147673e+02
2.174566697959515338e+01 5.911387972623152791e+02 5.872498621054062085e+01 1.691259739707147673e+02
2.174566697959515338e+01 5.911387972623152791e+02 5.872498621054062085e+01 1.691259739707147673e+02
2.174566697959515338e+01 5.911387972623152791e+02 5.872498621054062085e+01 1.691259739707147673e+02
2.174566697959515338e+01 5.911387972623152791e+02 5.872498621054062085e+01 1.691259739707147673e+02
2.174566697959515338e+01 5.911387972623152791e+02 5.872498621054062085e+01 1.691259739707147673e+02
2.174566697959515338e+01 5.911387972623152791e+02 5.872498621054062085e+01 1.691259739707147673e+02
2.174566697959515338e+01 5.911387972623152791e+02 5.872498621054062085e+01 1.691259739707147673e+02
2.174566697959515338e+01 5.911387972623152791e+02 5.872498621054062085e+01 1.691259739707147673e+02
2.174566697959515338e+01 5.911387972623152791e+02 5.872498621054062085e+01 1.691259739707147673e+02
2.174566697959515338e+01 5.911387972623152791e+02 5.872498621054062085e+01 1.691259739707147673e+02
2.174566697959515338e+01 5.911387972623152791e+02 5.872498621054062085e+01 1.691259739707147673e+02
2.174566697959515338e+01 5.911387972623152791e+02 5.872498621054062085e+01 1.691259739707147673e+02
2.174566697959515338e+01 5.911387972623152791e+02 5.872498621054062085e+01 1.691259739707147673e+02
2.174566697959515338e+01 5.911387972623152791e+02 5.872498621054062085e+01 1.691259739707147673e+02
2.174566697959515338e+01 5.911387972623152791e+02 5.872498621054062085e+01 1.691259739707147673e+02
2.174566697959515338e+01 5.911387972623152791e+02 5.872498621054062085e+01 1.691259739707147673e+02
2.174566697959515338e+01 5.911387972623152791e+02 5.872498621054062085e+01 1.691259739707147673e+02
2.174566697959515338e+01 5.911387972623152791e+02 5.872498621054062085e+01 1.691259739707147673e+02
2.174566697959515338e+01 5.911387972623152791e+02 5.872498621054062085e+01 1.691259739707147673e+02
2.174566697959515338e+01 5.911387972623152791e+02 5.872498621054062085e+01 1.691259739707147673e+02
2.174566697959515338e+01 5.911387972623152791e+02 5.872498621054062085e+01 1.691259739707147673e+02
2.174566697959515338e+01 5.911387972623152791e+02 5.872498621054062085e+01 1.691259739707147673e+02
2.174566697959515338e+01 5.911387972623152791e+02 5.872498621054062085e+01 1.691259739707147673e+02
2.174566697959515338e+01 5.911387972623152791e+02 5.872498621054062085e+01 1.691259739707147673e+02
2.174566697959515338e+01 5.911387972623152791e+02 5.872498621054062085e+01 1.691259739707147673e+02
2.174566697959515338e+01 5.911387972623152791e+02 5.872498621054062085e+01 1.691259739707147673e+02
2.174566697959515338e+01 5.911387972623152791e+02 5.872498621054062085e+01 1.691259739707147673e+02
2.174566697959515338e+01 5.911387972623152791e+02 5.872498621054062085e+01 1.691259739707147673e+02
2.174566697959515338e+01 5.911387972623152791e+02 5.872498621054062085e+01 1.691259739707147673e+02
2.174566697959515338e+01 5.911387972623152791e+02 5.872498621054062085e+01 1.691259739707147673e+02
2.174566697959515338e+01 5.911387972623152791e+02 5.872498621054062085e+01 1.691259739707147673e+02
2.174566697959515338e+01 5.911387972623152791e+02 5.872498621054062085e+01 1.691259739707147673e+02
2.174566697959515338e+01 5.911387972623152791e+02 5.872498621054062085e+01 1.691259739707147673e+02
2.174566697959515338e+01 5.911387972623152791e+02 5.872498621054062085e+01 1.691259739707147673e+02
2.174566697959515338e+01 5.911387972623152791e+02 5.872498621054062085e+01 1.691259739707147673e+02
2.167458294121957962e+01 5.898804428385220717e+02 5.885330197760261228e+01 1.687803562482262123e+02
2.167458294121957962e+01 5.898804428385220717e+02 5.885330197760261228e+01 1.687803562482262123e+02
2.167458294121957962e+01 5.898804428385220717e+02 5.885330197760261228e+01 1.687803562482262123e+02
2.167458294121957962e+01 5.898804428385220717e+02 5.885330197760261228e+01 1.687803562482262123e+02
2.175078061085243419e+01 5.901263488796683987e+02 5.870181224260409891e+01 1.677055823064741276e+02
2.175078061085243419e+01 5.901263488796683987e+02 5.870181224260409891e+01 1.677055823064741276e+02
2.175078061085243419e+01 5.901263488796683987e+02 5.870181224260409891e+01 1.677055823064741276e+02
2.175078061085243419e+01 5.901263488796683987e+02 5.870181224260409891e+01 1.677055823064741276e+02
2.175078061085243419e+01 5.901263488796683987e+02 5.870181224260409891e+01 1.677055823064741276e+02
2.175078061085243419e+01 5.901263488796683987e+02 5.870181224260409891e+01 1.677055823064741276e+02
2.175078061085243419e+01 5.901263488796683987e+02 5.870181224260409891e+01 1.677055823064741276e+02
2.175078061085243419e+01 5.901263488796683987e+02 5.870181224260409891e+01 1.677055823064741276e+02
2.175078061085243419e+01 5.901263488796683987e+02 5.870181224260409891e+01 1.677055823064741276e+02
2.175078061085243419e+01 5.901263488796683987e+02 5.870181224260409891e+01 1.677055823064741276e+02
2.175078061085243419e+01 5.901263488796683987e+02 5.870181224260409891e+01 1.677055823064741276e+02
2.175078061085243419e+01 5.901263488796683987e+02 5.870181224260409891e+01 1.677055823064741276e+02
2.175078061085243419e+01 5.901263488796683987e+02 5.870181224260409891e+01 1.677055823064741276e+02
2.175078061085243419e+01 5.901263488796683987e+02 5.870181224260409891e+01 1.677055823064741276e+02
2.175078061085243419e+01 5.901263488796683987e+02 5.870181224260409891e+01 1.677055823064741276e+02
2.175078061085243419e+01 5.901263488796683987e+02 5.870181224260409891e+01 1.677055823064741276e+02
2.167535900409900051e+01 5.891361824066487998e+02 5.881335852383449492e+01 1.684230822564835535e+02
2.167535900409900051e+01 5.891361824066487998e+02 5.881335852383449492e+01 1.684230822564835535e+02
2.167535900409900051e+01 5.891361824066487998e+02 5.881335852383449492e+01 1.684230822564835535e+02
2.167535900409900051e+01 5.891361824066487998e+02 5.881335852383449492e+01 1.684230822564835535e+02
2.167535900409900051e+01 5.891361824066487998e+02 5.881335852383449492e+01 1.684230822564835535e+02
2.167535900409900051e+01 5.891361824066487998e+02 5.881335852383449492e+01 1.684230822564835535e+02
2.167535900409900051e+01 5.891361824066487998e+02 5.881335852383449492e+01 1.684230822564835535e+02
2.164814912618953713e+01 5.899614447063537455e+02 5.910162314622805013e+01 1.677426127137987635e+02
2.180284690802650971e+01 5.903079704766842042e+02 5.881068193702093083e+01 1.677631719765606420e+02
2.161380477237743492e+01 5.895198537293820209e+02 5.873994899910215395e+01 1.656618295720824392e+02
2.161380477237743492e+01 5.895198537293820209e+02 5.873994899910215395e+01 1.656618295720824392e+02
2.161380477237743492e+01 5.895198537293820209e+02 5.873994899910215395e+01 1.656618295720824392e+02
2.161380477237743492e+01 5.895198537293820209e+02 5.873994899910215395e+01 1.656618295720824392e+02
2.161380477237743492e+01 5.895198537293820209e+02 5.873994899910215395e+01 1.656618295720824392e+02
2.161380477237743492e+01 5.895198537293820209e+02 5.873994899910215395e+01 1.656618295720824392e+02
2.161380477237743492e+01 5.895198537293820209e+02 5.873994899910215395e+01 1.656618295720824392e+02
2.161380477237743492e+01 5.895198537293820209e+02 5.873994899910215395e+01 1.656618295720824392e+02
2.161380477237743492e+01 5.895198537293820209e+02 5.873994899910215395e+01 1.656618295720824392e+02
2.161380477237743492e+01 5.895198537293820209e+02 5.873994899910215395e+01 1.656618295720824392e+02
2.161380477237743492e+01 5.895198537293820209e+02 5.873994899910215395e+01 1.656618295720824392e+02
2.161380477237743492e+01 5.895198537293820209e+02 5.873994899910215395e+01 1.656618295720824392e+02
2.161380477237743492e+01 5.895198537293820209e+02 5.873994899910215395e+01 1.656618295720824392e+02
2.161380477237743492e+01 5.895198537293820209e+02 5.873994899910215395e+01 1.656618295720824392e+02
2.161380477237743492e+01 5.895198537293820209e+02 5.873994899910215395e+01 1.656618295720824392e+02
2.161380477237743492e+01 5.895198537293820209e+02 5.873994899910215395e+01 1.656618295720824392e+02
2.161380477237743492e+01 5.895198537293820209e+02 5.873994899910215395e+01 1.656618295720824392e+02
2.161380477237743492e+01 5.895198537293820209e+02 5.873994899910215395e+01 1.656618295720824392e+02
2.161380477237743492e+01 5.895198537293820209e+02 5.873994899910215395e+01 1.656618295720824392e+02
2.161380477237743492e+01 5.895198537293820209e+02 5.873994899910215395e+01 1.656618295720824392e+02
2.161380477237743492e+01 5.895198537293820209e+02 5.873994899910215395e+01 1.656618295720824392e+02
2.161380477237743492e+01 5.895198537293820209e+02 5.873994899910215395e+01 1.656618295720824392e+02
2.161380477237743492e+01 5.895198537293820209e+02 5.873994899910215395e+01 1.656618295720824392e+02
2.161380477237743492e+01 5.895198537293820209e+02 5.873994899910215395e+01 1.656618295720824392e+02
2.161380477237743492e+01 5.895198537293820209e+02 5.873994899910215395e+01 1.656618295720824392e+02
2.161380477237743492e+01 5.895198537293820209e+02 5.873994899910215395e+01 1.656618295720824392e+02
2.161380477237743492e+01 5.895198537293820209e+02 5.873994899910215395e+01 1.656618295720824392e+02
2.161380477237743492e+01 5.895198537293820209e+02 5.873994899910215395e+01 1.656618295720824392e+02
2.161380477237743492e+01 5.895198537293820209e+02 5.873994899910215395e+01 1.656618295720824392e+02
2.161380477237743492e+01 5.895198537293820209e+02 5.873994899910215395e+01 1.656618295720824392e+02
2.161380477237743492e+01 5.895198537293820209e+02 5.873994899910215395e+01 1.656618295720824392e+02
2.161380477237743492e+01 5.895198537293820209e+02 5.873994899910215395e+01 1.656618295720824392e+02
2.161380477237743492e+01 5.895198537293820209e+02 5.873994899910215395e+01 1.656618295720824392e+02
2.161380477237743492e+01 5.895198537293820209e+02 5.873994899910215395e+01 1.656618295720824392e+02
2.161380477237743492e+01 5.895198537293820209e+02 5.873994899910215395e+01 1.656618295720824392e+02
2.161380477237743492e+01 5.895198537293820209e+02 5.873994899910215395e+01 1.656618295720824392e+02
2.161380477237743492e+01 5.895198537293820209e+02 5.873994899910215395e+01 1.656618295720824392e+02
2.161380477237743492e+01 5.895198537293820209e+02 5.873994899910215395e+01 1.656618295720824392e+02
2.161380477237743492e+01 5.895198537293820209e+02 5.873994899910215395e+01 1.656618295720824392e+02
2.161380477237743492e+01 5.895198537293820209e+02 5.873994899910215395e+01 1.656618295720824392e+02
2.161380477237743492e+01 5.895198537293820209e+02 5.873994899910215395e+01 1.656618295720824392e+02
2.161380477237743492e+01 5.895198537293820209e+02 5.873994899910215395e+01 1.656618295720824392e+02
2.161380477237743492e+01 5.895198537293820209e+02 5.873994899910215395e+01 1.656618295720824392e+02
2.161380477237743492e+01 5.895198537293820209e+02 5.873994899910215395e+01 1.656618295720824392e+02
2.161380477237743492e+01 5.895198537293820209e+02 5.873994899910215395e+01 1.656618295720824392e+02
2.161380477237743492e+01 5.895198537293820209e+02 5.873994899910215395e+01 1.656618295720824392e+02
2.161380477237743492e+01 5.895198537293820209e+02 5.873994899910215395e+01 1.656618295720824392e+02
2.161380477237743492e+01 5.895198537293820209e+02 5.873994899910215395e+01 1.656618295720824392e+02
2.161380477237743492e+01 5.895198537293820209e+02 5.873994899910215395e+01 1.656618295720824392e+02
2.161380477237743492e+01 5.895198537293820209e+02 5.873994899910215395e+01 1.656618295720824392e+02
2.161380477237743492e+01 5.895198537293820209e+02 5.873994899910215395e+01 1.656618295720824392e+02
2.161380477237743492e+01 5.895198537293820209e+02 5.873994899910215395e+01 1.656618295720824392e+02
2.161380477237743492e+01 5.895198537293820209e+02 5.873994899910215395e+01 1.656618295720824392e+02
2.161380477237743492e+01 5.895198537293820209e+02 5.873994899910215395e+01 1.656618295720824392e+02
2.161380477237743492e+01 5.895198537293820209e+02 5.873994899910215395e+01 1.656618295720824392e+02
2.161380477237743492e+01 5.895198537293820209e+02 5.873994899910215395e+01 1.656618295720824392e+02
2.161380477237743492e+01 5.895198537293820209e+02 5.873994899910215395e+01 1.656618295720824392e+02
2.161380477237743492e+01 5.895198537293820209e+02 5.873994899910215395e+01 1.656618295720824392e+02
2.161380477237743492e+01 5.895198537293820209e+02 5.873994899910215395e+01 1.656618295720824392e+02
2.161380477237743492e+01 5.895198537293820209e+02 5.873994899910215395e+01 1.656618295720824392e+02
2.161380477237743492e+01 5.895198537293820209e+02 5.873994899910215395e+01 1.656618295720824392e+02
2.161380477237743492e+01 5.895198537293820209e+02 5.873994899910215395e+01 1.656618295720824392e+02
2.161380477237743492e+01 5.895198537293820209e+02 5.873994899910215395e+01 1.656618295720824392e+02
2.161380477237743492e+01 5.895198537293820209e+02 5.873994899910215395e+01 1.656618295720824392e+02
2.161380477237743492e+01 5.895198537293820209e+02 5.873994899910215395e+01 1.656618295720824392e+02
2.161380477237743492e+01 5.895198537293820209e+02 5.873994899910215395e+01 1.656618295720824392e+02
2.161380477237743492e+01 5.895198537293820209e+02 5.873994899910215395e+01 1.656618295720824392e+02
2.161380477237743492e+01 5.895198537293820209e+02 5.873994899910215395e+01 1.656618295720824392e+02
2.161380477237743492e+01 5.895198537293820209e+02 5.873994899910215395e+01 1.656618295720824392e+02
2.161380477237743492e+01 5.895198537293820209e+02 5.873994899910215395e+01 1.656618295720824392e+02
2.161380477237743492e+01 5.895198537293820209e+02 5.873994899910215395e+01 1.656618295720824392e+02
2.161380477237743492e+01 5.895198537293820209e+02 5.873994899910215395e+01 1.656618295720824392e+02
2.161380477237743492e+01 5.895198537293820209e+02 5.873994899910215395e+01 1.656618295720824392e+02
2.161380477237743492e+01 5.895198537293820209e+02 5.873994899910215395e+01 1.656618295720824392e+02
2.161380477237743492e+01 5.895198537293820209e+02 5.873994899910215395e+01 1.656618295720824392e+02
2.161380477237743492e+01 5.895198537293820209e+02 5.873994899910215395e+01 1.656618295720824392e+02
2.161380477237743492e+01 5.895198537293820209e+02 5.873994899910215395e+01 1.656618295720824392e+02
2.161380477237743492e+01 5.895198537293820209e+02 5.873994899910215395e+01 1.656618295720824392e+02
2.161380477237743492e+01 5.895198537293820209e+02 5.873994899910215395e+01 1.656618295720824392e+02
2.161380477237743492e+01 5.895198537293820209e+02 5.873994899910215395e+01 1.656618295720824392e+02
2.161380477237743492e+01 5.895198537293820209e+02 5.873994899910215395e+01 1.656618295720824392e+02
2.161380477237743492e+01 5.895198537293820209e+02 5.873994899910215395e+01 1.656618295720824392e+02
2.161380477237743492e+01 5.895198537293820209e+02 5.873994899910215395e+01 1.656618295720824392e+02
2.161380477237743492e+01 5.895198537293820209e+02 5.873994899910215395e+01 1.656618295720824392e+02
2.161380477237743492e+01 5.895198537293820209e+02 5.873994899910215395e+01 1.656618295720824392e+02
2.161380477237743492e+01 5.895198537293820209e+02 5.873994899910215395e+01 1.656618295720824392e+02
2.161380477237743492e+01 5.895198537293820209e+02 5.873994899910215395e+01 1.656618295720824392e+02
2.161380477237743492e+01 5.895198537293820209e+02 5.873994899910215395e+01 1.656618295720824392e+02
2.161380477237743492e+01 5.895198537293820209e+02 5.873994899910215395e+01 1.656618295720824392e+02
2.161380477237743492e+01 5.895198537293820209e+02 5.873994899910215395e+01 1.656618295720824392e+02
2.161380477237743492e+01 5.895198537293820209e+02 5.873994899910215395e+01 1.656618295720824392e+02
2.161380477237743492e+01 5.895198537293820209e+02 5.873994899910215395e+01 1.656618295720824392e+02
2.161380477237743492e+01 5.895198537293820209e+02 5.873994899910215395e+01 1.656618295720824392e+02
2.161380477237743492e+01 5.895198537293820209e+02 5.873994899910215395e+01 1.656618295720824392e+02
2.161380477237743492e+01 5.895198537293820209e+02 5.873994899910215395e+01 1.656618295720824392e+02
2.161380477237743492e+01 5.895198537293820209e+02 5.873994899910215395e+01 1.656618295720824392e+02
2.161380477237743492e+01 5.895198537293820209e+02 5.873994899910215395e+01 1.656618295720824392e+02
2.161380477237743492e+01 5.895198537293820209e+02 5.873994899910215395e+01 1.656618295720824392e+02
2.161380477237743492e+01 5.895198537293820209e+02 5.873994899910215395e+01 1.656618295720824392e+02
2.161380477237743492e+01 5.895198537293820209e+02 5.873994899910215395e+01 1.656618295720824392e+02
2.161380477237743492e+01 5.895198537293820209e+02 5.873994899910215395e+01 1.656618295720824392e+02
2.161380477237743492e+01 5.895198537293820209e+02 5.873994899910215395e+01 1.656618295720824392e+02
2.161380477237743492e+01 5.895198537293820209e+02 5.873994899910215395e+01 1.656618295720824392e+02
2.161380477237743492e+01 5.895198537293820209e+02 5.873994899910215395e+01 1.656618295720824392e+02
2.161380477237743492e+01 5.895198537293820209e+02 5.873994899910215395e+01 1.656618295720824392e+02
2.161380477237743492e+01 5.895198537293820209e+02 5.873994899910215395e+01 1.656618295720824392e+02
2.161380477237743492e+01 5.895198537293820209e+02 5.873994899910215395e+01 1.656618295720824392e+02
2.161380477237743492e+01 5.895198537293820209e+02 5.873994899910215395e+01 1.656618295720824392e+02
2.161380477237743492e+01 5.895198537293820209e+02 5.873994899910215395e+01 1.656618295720824392e+02
2.161380477237743492e+01 5.895198537293820209e+02 5.873994899910215395e+01 1.656618295720824392e+02
2.161380477237743492e+01 5.895198537293820209e+02 5.873994899910215395e+01 1.656618295720824392e+02
2.161380477237743492e+01 5.895198537293820209e+02 5.873994899910215395e+01 1.656618295720824392e+02
2.161380477237743492e+01 5.895198537293820209e+02 5.873994899910215395e+01 1.656618295720824392e+02
2.161380477237743492e+01 5.895198537293820209e+02 5.873994899910215395e+01 1.656618295720824392e+02
2.161380477237743492e+01 5.895198537293820209e+02 5.873994899910215395e+01 1.656618295720824392e+02
2.161380477237743492e+01 5.895198537293820209e+02 5.873994899910215395e+01 1.656618295720824392e+02
2.161380477237743492e+01 5.895198537293820209e+02 5.873994899910215395e+01 1.656618295720824392e+02
2.161380477237743492e+01 5.895198537293820209e+02 5.873994899910215395e+01 1.656618295720824392e+02
2.161380477237743492e+01 5.895198537293820209e+02 5.873994899910215395e+01 1.656618295720824392e+02
2.161380477237743492e+01 5.895198537293820209e+02 5.873994899910215395e+01 1.656618295720824392e+02
2.161380477237743492e+01 5.895198537293820209e+02 5.873994899910215395e+01 1.656618295720824392e+02
2.161380477237743492e+01 5.895198537293820209e+02 5.873994899910215395e+01 1.656618295720824392e+02
2.161380477237743492e+01 5.895198537293820209e+02 5.873994899910215395e+01 1.656618295720824392e+02
2.161380477237743492e+01 5.895198537293820209e+02 5.873994899910215395e+01 1.656618295720824392e+02
2.161380477237743492e+01 5.895198537293820209e+02 5.873994899910215395e+01 1.656618295720824392e+02
2.161380477237743492e+01 5.895198537293820209e+02 5.873994899910215395e+01 1.656618295720824392e+02
2.161380477237743492e+01 5.895198537293820209e+02 5.873994899910215395e+01 1.656618295720824392e+02
2.161380477237743492e+01 5.895198537293820209e+02 5.873994899910215395e+01 1.656618295720824392e+02
2.161380477237743492e+01 5.895198537293820209e+02 5.873994899910215395e+01 1.656618295720824392e+02
2.161380477237743492e+01 5.895198537293820209e+02 5.873994899910215395e+01 1.656618295720824392e+02
2.161380477237743492e+01 5.895198537293820209e+02 5.873994899910215395e+01 1.656618295720824392e+02
2.161380477237743492e+01 5.895198537293820209e+02 5.873994899910215395e+01 1.656618295720824392e+02
2.161380477237743492e+01 5.895198537293820209e+02 5.873994899910215395e+01 1.656618295720824392e+02
2.161380477237743492e+01 5.895198537293820209e+02 5.873994899910215395e+01 1.656618295720824392e+02
2.161380477237743492e+01 5.895198537293820209e+02 5.873994899910215395e+01 1.656618295720824392e+02
2.161380477237743492e+01 5.895198537293820209e+02 5.873994899910215395e+01 1.656618295720824392e+02
2.161380477237743492e+01 5.895198537293820209e+02 5.873994899910215395e+01 1.656618295720824392e+02
2.161380477237743492e+01 5.895198537293820209e+02 5.873994899910215395e+01 1.656618295720824392e+02
2.161380477237743492e+01 5.895198537293820209e+02 5.873994899910215395e+01 1.656618295720824392e+02
2.161380477237743492e+01 5.895198537293820209e+02 5.873994899910215395e+01 1.656618295720824392e+02
2.161380477237743492e+01 5.895198537293820209e+02 5.873994899910215395e+01 1.656618295720824392e+02
2.161380477237743492e+01 5.895198537293820209e+02 5.873994899910215395e+01 1.656618295720824392e+02
2.161380477237743492e+01 5.895198537293820209e+02 5.873994899910215395e+01 1.656618295720824392e+02
2.161380477237743492e+01 5.895198537293820209e+02 5.873994899910215395e+01 1.656618295720824392e+02
2.161380477237743492e+01 5.895198537293820209e+02 5.873994899910215395e+01 1.656618295720824392e+02
2.161380477237743492e+01 5.895198537293820209e+02 5.873994899910215395e+01 1.656618295720824392e+02
2.161380477237743492e+01 5.895198537293820209e+02 5.873994899910215395e+01 1.656618295720824392e+02
2.161380477237743492e+01 5.895198537293820209e+02 5.873994899910215395e+01 1.656618295720824392e+02
2.161380477237743492e+01 5.895198537293820209e+02 5.873994899910215395e+01 1.656618295720824392e+02
2.161380477237743492e+01 5.895198537293820209e+02 5.873994899910215395e+01 1.656618295720824392e+02
2.161380477237743492e+01 5.895198537293820209e+02 5.873994899910215395e+01 1.656618295720824392e+02
2.161380477237743492e+01 5.895198537293820209e+02 5.873994899910215395e+01 1.656618295720824392e+02
2.161380477237743492e+01 5.895198537293820209e+02 5.873994899910215395e+01 1.656618295720824392e+02
2.161380477237743492e+01 5.895198537293820209e+02 5.873994899910215395e+01 1.656618295720824392e+02
2.161380477237743492e+01 5.895198537293820209e+02 5.873994899910215395e+01 1.656618295720824392e+02
2.161380477237743492e+01 5.895198537293820209e+02 5.873994899910215395e+01 1.656618295720824392e+02
2.161380477237743492e+01 5.895198537293820209e+02 5.873994899910215395e+01 1.656618295720824392e+02
2.161380477237743492e+01 5.895198537293820209e+02 5.873994899910215395e+01 1.656618295720824392e+02
2.161380477237743492e+01 5.895198537293820209e+02 5.873994899910215395e+01 1.656618295720824392e+02
2.161380477237743492e+01 5.895198537293820209e+02 5.873994899910215395e+01 1.656618295720824392e+02
2.161380477237743492e+01 5.895198537293820209e+02 5.873994899910215395e+01 1.656618295720824392e+02
2.161380477237743492e+01 5.895198537293820209e+02 5.873994899910215395e+01 1.656618295720824392e+02
2.161380477237743492e+01 5.895198537293820209e+02 5.873994899910215395e+01 1.656618295720824392e+02
