1.000000000000000000e+00 1.000000000000000000e+00 1.000000000000000000e+00 1.000000000000000000e+00
4.285059503369255118e-01 2.049755132003834301e-01 3.304598614112026667e+02 6.622710985404951789e-02
4.589160945875666586e-01 1.954757334189154150e-01 3.360374554955715780e+02 6.374041056187665366e-02
4.159261894528797909e-01 1.977873634560962934e-01 3.055146348829008502e+02 6.949015425027875448e-02
4.132497963622370207e-01 1.758047632416407935e-01 2.740837227580400963e+02 6.791666618738036176e-02
4.336272200642586894e-01 1.580426695536324422e-01 3.162085609101566206e+02 6.774076238821753748e-02
4.146551458619611163e-01 1.847718939697466367e-01 3.067837630340131341e+02 6.386039321769437782e-02
4.128541453970713260e-01 1.942294530644055051e-01 3.012113681474315854e+02 6.695103387791206950e-02
1.962965872458581340e-01 1.551287677464553150e-01 1.966143496478779014e+02 8.013593924127379586e-02
1.919640311643323882e-01 1.397236775080243631e-01 2.118021320462318613e+02 7.487415212080648919e-02
1.955838813222526007e-01 1.468408567580177515e-01 1.914576025361499205e+02 7.758974560317213887e-02
1.927171247529296805e-01 1.433829903237547609e-01 1.965775135200623822e+02 7.861227716300717150e-02
2.047960498032249665e-01 1.485966994281243680e-01 1.767841237322835184e+02 7.261245997540168029e-02
1.691086009495583187e-01 1.586642518273204683e-01 1.889577227610032253e+02 7.777312920433977761e-02
9.088999195753555416e-02 1.379798630590527153e-01 1.221924593898424263e+02 9.453360220327843011e-02
8.917897007244662833e-02 1.179110075973436034e-01 1.057481194338979975e+02 1.028255704711432961e-01
9.742920496450066525e-02 9.854984122813838232e-02 1.016203259600021767e+02 9.397397504352661413e-02
8.356289249126647167e-02 9.649127179689398481e-02 1.089230856422967548e+02 8.948579314102632354e-02
9.074961911192759578e-02 9.130007407154250298e-02 8.415883584160391706e+01 1.042723112569138716e-01
7.864733127774797827e-02 8.781911774551461047e-02 8.943616054789295333e+01 1.077026683014694480e-01
7.844728500164281637e-02 7.711557935230101135e-02 7.928808638778612305e+01 1.096673355788259363e-01
7.311159157596855418e-02 7.296740604880509740e-02 8.842003603173984061e+01 1.069418786716015285e-01
7.966497144763461102e-02 7.712190154227692440e-02 7.789160301038340606e+01 1.039546014261591850e-01
7.309121602854752597e-02 6.597591958190622552e-02 8.411244434657299962e+01 1.112148977544661910e-01
7.076979667630017845e-02 6.707457266420806252e-02 8.317706878208011290e+01 1.048486647468455796e-01
6.210652021605269496e-02 5.877498016718270268e-02 6.675693829236399779e+01 1.311047376221017302e-01
7.062907161355545804e-02 3.941424403857856501e-02 7.616714959386594330e+01 1.206282676486404026e-01
7.352437191649605075e-02 3.953326327511005878e-02 8.076178227843804791e+01 1.176097244453183505e-01
7.070705243234721993e-02 3.315150724621773737e-02 7.535680880482728128e+01 1.162262786685254040e-01
7.821657390748147642e-02 1.499124149731487395e-02 7.024063051084441156e+01 1.373793982709729522e-01
7.147000362681694974e-02 9.195038974110508398e-03 4.830537993622883874e+01 1.452882502843490797e-01
6.165791600933980682e-02 7.800555371398661640e-03 4.979350924302170966e+01 1.421090516128134529e-01
6.224957605980032532e-02 8.177346968372438060e-03 5.137046066497006791e+01 1.536627868553052945e-01
5.939627705163121052e-02 7.660038963163895952e-03 5.009584290502633763e+01 1.428203933574486717e-01
6.786246072347507097e-02 7.682737882610828420e-03 5.017760736125073606e+01 1.455415790725438918e-01
6.063979702282953910e-02 7.902557763847548739e-03 5.570329442874943737e+01 1.488998270724266604e-01
7.030051210396125183e-02 7.028454828957786914e-03 5.416532962298284559e+01 1.433388688637103892e-01
6.098042284018728026e-02 7.894982010740757283e-03 4.893078434307464164e+01 1.484318472170883252e-01
5.781286096321396756e-02 7.674870102148316151e-03 3.502070042839587671e+01 1.711758431256072133e-01
6.168032507625417771e-02 7.322572343350519306e-03 3.355651712850050217e+01 1.806062604696783702e-01
5.789478139730079576e-02 6.975733321234455289e-03 3.330341612289702624e+01 1.746152256727269148e-01
5.686517050541225332e-02 7.357696722130928346e-03 3.505881674414704463e+01 1.589615467452862307e-01
5.456121682618492175e-02 7.420577765897621615e-03 3.227774026033976185e+01 1.886592234875376639e-01
5.874245613552301487e-02 6.842859919349184201e-03 3.518028885396266503e+01 1.613612083535385655e-01
5.882359342478248043e-02 7.303528428004175607e-03 3.377467299469252282e+01 1.590753197024482868e-01
5.946889194327566186e-02 7.135072512147853756e-03 3.490732455279271562e+01 1.636095860285715908e-01
5.335307990949372803e-02 7.024771912782962896e-03 3.235927011031260747e+01 1.693094415028554567e-01
5.730918890341645672e-02 7.159965333206827487e-03 3.315107346930332000e+01 1.614212361103868343e-01
6.064231115519902460e-02 7.636438323797261306e-03 3.298399545191229976e+01 1.593663989148058069e-01
5.602677902456353748e-02 7.311345201930320899e-03 3.321582532743960314e+01 1.757373492977850060e-01
6.077662280006035367e-02 7.217978673722271442e-03 3.276974068983393096e+01 1.754265793088358449e-01
6.265568348257008480e-02 6.941313931332112296e-03 3.578028398209083605e+01 1.718964703402730554e-01
6.134266471562948436e-02 7.032439146296504129e-03 3.631599853642564568e+01 1.764135011885537840e-01
5.924041992531814405e-02 7.259726427635946819e-03 3.310283952873328417e+01 1.728925619545082781e-01
5.763286374328401018e-02 6.964254414763996169e-03 3.621841802085625517e+01 1.580958802862868495e-01
5.173486074586003403e-02 6.716159047492759049e-03 3.667912504586321631e+01 1.640131883543780034e-01
6.379962618498696836e-02 6.892005428525202829e-03 3.445647453975015395e+01 1.746955462017554805e-01
5.732408221190631037e-02 7.365288882401805487e-03 3.312347715151770444e+01 1.788607628299745400e-01
6.392156858132928832e-02 6.576729848982060776e-03 3.033000662894786714e+01 1.640280571688480238e-01
6.082926326439042075e-02 6.430120330062518222e-03 3.586247375455614161e+01 1.708537518703232283e-01
5.794858114901163537e-02 6.689403586989778848e-03 3.828601938125055426e+01 1.849270076600862955e-01
5.481355121865974511e-02 7.801429379699412886e-03 3.155131658377432657e+01 1.715593121176682834e-01
5.508552291652081545e-02 6.999459770861789741e-03 3.488362571319410677e+01 1.613963975726267486e-01
6.341893889929847705e-02 7.037199522431508703e-03 3.622634407694560821e+01 1.715160722585231667e-01
5.599427194357781135e-02 6.763352181131465114e-03 3.534115710294760504e+01 1.779311882891302932e-01
6.102349578597152102e-02 6.978412377474492445e-03 3.470951297756479192e+01 1.819023630101907485e-01
6.033346158989249391e-02 6.885756708224868329e-03 3.760385090200463765e+01 1.696031719813398675e-01
6.010697855420404911e-02 6.339004681751012060e-03 3.322595507720274810e+01 1.827274807067077456e-01
6.185493576196943177e-02 6.482179964664699055e-03 3.566567768326550691e+01 1.727601203544614494e-01
5.758886307653035552e-02 7.417409739767392984e-03 3.202535701689630798e+01 1.591554503242924024e-01
6.084200971462764423e-02 7.471895733113364385e-03 3.346218841137270772e+01 1.861682502304433939e-01
6.097490328190976333e-02 7.100855412423976581e-03 3.199943360371681678e+01 1.663713962165206950e-01
5.434976345639198902e-02 6.659441699966009952e-03 3.226831664397309396e+01 1.811319646657206239e-01
5.590117091082219547e-02 6.817162083525657619e-03 3.351484437430182339e+01 1.739215614401443954e-01
6.415835509731410147e-02 7.361767950259692078e-03 3.508888950433541254e+01 1.917954618365018127e-01
6.640660213630901476e-02 6.696723452013685074e-03 3.593293854288165790e+01 1.855203194813627721e-01
5.642126036743155132e-02 6.929239200954374032e-03 3.402969039699009102e+01 1.669558505268003701e-01
5.352228000120054507e-02 7.559438626445636605e-03 3.340459558937347850e+01 1.715757295702379503e-01
5.726562824859865453e-02 7.151022564286792574e-03 3.445971191831260683e+01 1.693772629637176619e-01
5.682853649963039849e-02 6.985914533013610865e-03 3.249644473156074298e+01 1.834208854552539791e-01
5.485191090475611403e-02 6.541088614755738093e-03 3.182860016204441322e+01 1.637565366826663482e-01
5.657306273224766563e-02 6.597523150210053700e-03 3.330974995042107878e+01 1.680842115254446989e-01
5.925744234379091979e-02 6.956970827952190135e-03 3.418443061424998319e+01 1.818602250417775401e-01
5.416686680248870150e-02 7.935025279238356460e-03 2.948150172996212959e+01 1.776202247491825426e-01
5.434220110354288230e-02 6.793182008400113110e-03 3.327155890453041565e+01 1.617984836194196752e-01
6.252183099172184400e-02 7.150561851939846517e-03 3.353805424538190749e+01 1.812455229258124745e-01
5.639727504506892447e-02 6.383455512119324930e-03 3.513595310273711192e+01 1.748788591761438194e-01
6.035728962483122295e-02 6.662621028730934813e-03 3.394467931712454600e+01 1.662536402712611050e-01
5.639427198178417061e-02 6.473221421088644345e-03 3.385619103912691941e+01 1.732887900005659343e-01
5.763674936345908328e-02 7.145628186035550902e-03 3.416944912929459832e+01 1.666663585131919478e-01
6.101119476069305492e-02 6.653267861759251667e-03 3.313897566259152683e+01 1.631667253506211557e-01
5.828322050259696768e-02 7.167691185378724864e-03 3.234670558830113407e+01 1.733598106171262698e-01
5.616171918635438215e-02 7.506970477571169205e-03 3.261253935576205265e+01 1.803539359361391592e-01
6.217158060526361413e-02 6.959851467952673544e-03 3.195910378033720889e+01 1.719860148920067944e-01
6.129643771785758810e-02 6.978075868736594196e-03 3.079011598596215649e+01 1.785792767010589699e-01
6.053678098425158138e-02 7.209525895803441456e-03 3.313569516518500535e+01 1.716386067947289484e-01
6.181967608357993860e-02 6.449025676301589974e-03 3.287412491066010745e+01 1.824318829926920571e-01
5.737325666485735415e-02 7.298666564377138434e-03 3.539231940062477832e+01 1.795568622348900634e-01
5.557506455998590528e-02 6.837726425392023390e-03 3.271847033523567916e+01 1.538272586984961443e-01
6.004313362645544855e-02 6.806352851120164686e-03 3.553977359368037980e+01 1.758775970435797753e-01
5.401757758878025090e-02 6.928080363008962822e-03 3.491171462491485045e+01 1.781612843334950957e-01
5.811115893708418412e-02 6.791378240362788525e-03 3.427962626683191871e+01 1.798983126629153106e-01
5.503193615716538839e-02 6.864589281487759251e-03 3.531545807265386827e+01 1.715223762412822206e-01
6.560457950405333694e-02 7.284663196864871876e-03 3.410927494805647342e+01 1.623838809033274766e-01
5.554518999337451635e-02 7.023979686487056076e-03 3.338019078546750507e+01 1.718308373320524551e-01
5.459642066942478611e-02 7.461742196031289666e-03 3.203437361394823313e+01 1.982513455717973827e-01
5.474192481073111849e-02 7.057079850842641090e-03 3.302729969159715040e+01 2.008843271890448368e-01
5.972472432885319454e-02 7.059910220648881948e-03 3.263041899258569600e+01 1.643657680337010096e-01
6.427865241223122694e-02 7.383523395067152946e-03 3.493598892772595121e+01 1.810961213671535286e-01
6.219639026918832164e-02 7.144657510871038619e-03 3.578735992852467973e+01 1.697482959208203301e-01
6.167076216637884523e-02 6.807893368523530025e-03 3.389237706046405663e+01 1.651495883615937132e-01
5.923201354324666296e-02 7.152408092240987274e-03 3.436431313365925178e+01 1.609458015792739893e-01
5.927200419920869434e-02 7.426236351847656167e-03 3.579038572194885148e+01 1.687998623749925320e-01
5.837950955073985260e-02 7.110013992098901392e-03 3.328310986365990942e+01 1.714231950313735431e-01
5.842502506820296260e-02 6.890673928030403329e-03 3.131533975139344861e+01 1.615818834195693610e-01
6.010135312933598956e-02 7.095606555488255182e-03 3.376990057890658647e+01 1.695477183496605922e-01
6.080400987307938571e-02 7.456179799739424269e-03 3.107114284209030686e+01 1.717397877853157895e-01
5.856646383965603136e-02 6.976213025673187740e-03 3.508474463461747206e+01 1.577880699146159138e-01
5.791700220464083421e-02 6.674882958994046538e-03 3.560164871295300770e+01 1.597666796558157021e-01
5.778328362638494170e-02 7.234920756591667508e-03 3.364932946837991778e+01 1.717160009182996105e-01
6.010792241136345138e-02 6.796914343973767259e-03 3.175603032250596058e+01 1.839300630075732523e-01
5.510821743764320740e-02 6.947884876003973878e-03 3.276068781359339965e+01 1.760959756385686581e-01
5.514304367183446576e-02 6.992644555738003476e-03 3.298048960053625223e+01 1.718934418577492684e-01
5.904701483019893921e-02 6.840839038524383804e-03 3.570199210942368495e+01 1.632826097138765642e-01
5.606391399238674217e-02 6.961272483391300198e-03 3.314032627268998965e+01 1.814747283854451221e-01
5.714025513103736936e-02 7.117530733559765399e-03 3.582674291634845787e+01 1.804828084245151121e-01
5.522618815118056357e-02 7.399274985993115235e-03 3.349336820085826361e+01 1.703169666650932723e-01
5.226662631878235821e-02 6.749507751427219135e-03 3.307131399948444539e+01 1.683932343464723258e-01
5.476017762136803357e-02 7.713909070371190342e-03 3.264141786981966931e+01 1.750051500202862709e-01
5.270952799850761594e-02 6.864348145421341786e-03 3.387282401235020046e+01 1.729628804709143486e-01
6.111501645646406911e-02 7.373311649487684569e-03 3.246746067451240236e+01 1.913087022971863838e-01
5.999097620275799930e-02 6.648481998100488899e-03 3.374465549325121572e+01 1.935480581058239558e-01
5.843779909211656992e-02 6.439728823145911274e-03 3.440614298310892138e+01 1.741294422632106986e-01
6.195534792882523289e-02 6.987152533112556650e-03 3.508146413687354936e+01 1.638654301281457781e-01
5.747069311653733165e-02 7.311331039702697633e-03 3.281983295862372074e+01 1.701259288236520451e-01
5.732514926553329559e-02 6.862583567989946100e-03 3.276491499833923626e+01 1.856387425134377600e-01
6.140993846440770398e-02 7.056376411085515075e-03 3.487830423760804166e+01 1.727243210814246033e-01
5.410962410008441498e-02 6.843037676462207161e-03 3.073947877663187711e+01 1.633048237236025269e-01
5.820652660801298173e-02 6.560958865300737727e-03 3.334687040842718631e+01 1.657809204804634451e-01
5.647857179253657628e-02 7.197072544558913258e-03 3.313488583367172424e+01 1.738215932995014756e-01
5.776170305375475517e-02 7.251423221356981252e-03 3.457356681877567439e+01 1.719583171006082989e-01
6.055082125242364222e-02 7.466756801468479865e-03 3.483911896779045492e+01 1.731005811740629063e-01
6.262653786600172467e-02 7.255330068381140966e-03 3.112962851755629856e+01 1.738833766053419494e-01
5.645827495527983714e-02 6.448234653372719380e-03 3.331581208958994722e+01 1.610595106283563838e-01
5.505309987763337687e-02 7.066964863787102841e-03 3.195402404274008035e+01 1.788534434870570067e-01
5.525838107069984406e-02 7.666372041247858718e-03 3.427030477614247417e+01 1.794571297529418408e-01
5.793955719519471026e-02 6.563126664943254827e-03 3.202372502424368150e+01 1.672194612929292223e-01
5.994719930885301917e-02 6.356164746113343936e-03 3.314927321108081770e+01 1.678751129003859255e-01
6.450298096108358914e-02 6.949928485360189721e-03 3.472021211107434624e+01 1.764103784617480075e-01
6.324780629478986282e-02 6.542980910825464853e-03 3.285509583650739529e+01 1.769685647854862542e-01
5.865372292917876706e-02 7.272182745725848559e-03 3.251339895537427793e+01 1.698358564042747876e-01
5.962216074540185873e-02 6.698301086860476532e-03 3.354394764382818295e+01 1.783301630445662533e-01
5.981025376792641762e-02 6.944502469879441746e-03 3.283812904405480992e+01 1.670482248694995508e-01
5.942527649637616843e-02 7.667775236274303012e-03 3.526497864045960284e+01 1.626328553768703333e-01
5.879811440909393089e-02 6.777288497327674938e-03 3.374970222707044343e+01 1.665485631921432286e-01
5.491210189696225930e-02 6.387587543802393866e-03 3.536188965906527670e+01 1.628345747004467381e-01
5.877847570128295895e-02 6.893021184181852105e-03 3.579800926547270734e+01 1.768155461839746312e-01
6.399610330057368957e-02 6.649953130156567062e-03 3.706327130971427408e+01 1.666458568556695163e-01
5.934613177366347692e-02 6.961223804323086323e-03 3.250241015694368940e+01 1.720560620274984853e-01
6.079968376558710086e-02 7.348190673370679632e-03 3.541051435436626349e+01 1.725365947164864133e-01
5.806983136599440376e-02 7.269678426525582986e-03 3.532179303020872396e+01 1.665622714860488240e-01
5.749324896150068143e-02 6.489555837496181062e-03 3.187797282766631213e+01 1.612588456393896641e-01
6.095137137282365808e-02 6.889271637137737297e-03 3.558179651981715352e+01 1.535181328678871249e-01
5.862936114642799262e-02 6.153139772882290463e-03 3.385260678966156433e+01 1.649280143418963840e-01
5.852416611407526559e-02 6.499220447849587273e-03 3.541647790469448864e+01 1.858464327765572410e-01
5.786592799418392025e-02 7.036098249746707868e-03 3.322838117838339400e+01 1.840099956437216688e-01
5.896835880693868104e-02 6.510658319147510399e-03 3.503015163738317028e+01 1.652791752915357126e-01
5.866364352102267782e-02 6.157441885563917812e-03 3.177738527515265332e+01 1.728120435995050275e-01
5.887066757436967834e-02 7.106401902728014773e-03 3.686318385100421580e+01 1.743069459914980690e-01
5.860125643882028307e-02 6.964298815086147725e-03 3.177646080199771461e+01 1.667632001664405283e-01
5.601853705580667198e-02 6.463301155550422658e-03 3.490630621746906570e+01 1.695502008465256949e-01
5.846079071286099105e-02 7.156037968765506692e-03 3.178386102616506292e+01 1.695826041150306496e-01
6.154194530785064149e-02 7.315092440413930620e-03 3.358090584782313215e+01 1.646245849525221905e-01
5.969001001033444331e-02 6.900499112492548305e-03 3.037706446428966700e+01 1.563525982507589784e-01
5.936816251157483321e-02 6.254472077527133654e-03 3.414195077775967491e+01 1.892263975797024433e-01
6.021761384299842423e-02 6.679753191732942970e-03 3.332419145401782856e+01 1.712634205537751642e-01
5.851166489524170511e-02 7.232060642108267823e-03 3.531429817859957865e+01 1.526649146695943093e-01
6.489323306329181085e-02 7.063059730340913618e-03 3.405305930263020997e+01 1.634238215326889454e-01
6.103396717494723872e-02 7.484792255659451603e-03 3.451235301382532583e+01 1.712786700942375839e-01
5.550711588740005198e-02 6.603604950915042786e-03 3.357637851130329665e+01 1.681935920675003693e-01
6.266167855554839738e-02 7.014554858537849422e-03 3.319394271673979802e+01 1.675754283207156470e-01
5.663606284470900504e-02 5.988340977869023585e-03 3.655806689935599962e+01 1.818229744543127246e-01
5.506254019010715234e-02 7.166675831457810543e-03 3.435424047855975971e+01 1.607233750506633363e-01
5.296405404386400617e-02 6.318664198931342631e-03 3.400098675199403431e+01 1.689351162095026337e-01
6.081860739808488819e-02 6.533490644406509361e-03 3.442496576979279155e+01 1.686168637398562931e-01
5.485993590926178942e-02 6.470950304188797901e-03 3.439297484537726746e+01 1.805070538390122492e-01
5.720847683527767458e-02 5.935783393982420504e-03 3.379098433825307524e+01 1.761311725925393257e-01
5.929262665308402541e-02 6.864013327884813456e-03 3.379459244218539737e+01 1.709743003120341442e-01
5.784613756671996843e-02 6.592908717608843630e-03 3.680999315998089116e+01 1.671565135645322886e-01
5.862996043849173083e-02 5.826792904878463734e-03 3.833554723349612203e+01 1.688588627104796458e-01
5.950632650934857548e-02 6.153711280276676077e-03 3.661150446646192336e+01 1.658040859231215691e-01
5.461487375465363947e-02 7.313136052169354369e-03 3.393718481186909486e+01 1.532736211869292764e-01
5.838069598755615819e-02 6.361566796208721272e-03 3.682866647800020843e+01 1.748893323484744522e-01
5.965025440026031772e-02 6.666547635362572548e-03 3.376484420744170478e+01 1.768835964475951594e-01
5.751188795540571053e-02 6.324507812057733602e-03 3.670127383370301999e+01 1.752745860357612373e-01
5.940062831205168703e-02 6.830433346799791479e-03 3.507319684812068772e+01 1.669607546346919824e-01
5.895772849471620641e-02 6.555735685753542527e-03 3.703530013426345846e+01 1.897004751606842510e-01
5.644589291881463994e-02 6.871112140706855421e-03 3.427312132647983134e+01 1.608047026023001480e-01
5.452557446751062770e-02 7.471686282352484228e-03 3.358780993181973429e+01 1.561849477957886201e-01
6.229758755795501007e-02 6.370539373136436395e-03 3.237027852170463404e+01 1.761923574491145450e-01
5.562361069201742642e-02 7.004002828594416662e-03 3.525124276175091609e+01 1.772789961670571957e-01
6.218460328492139005e-02 6.453154431604839550e-03 3.499816747671776085e+01 1.722355189009321108e-01
5.550104558002565136e-02 6.128162192521327371e-03 3.310288864965575328e+01 1.552894517767296478e-01
5.668249395922367317e-02 7.087311382169263034e-03 3.499955992238487568e+01 1.619052540705611387e-01
5.595890932179277411e-02 6.148795744322173643e-03 3.378572617534861422e+01 1.587618611918714118e-01
5.863999632768585740e-02 6.589797275223335978e-03 3.303431297394750032e+01 1.708117285663658391e-01
6.165167664106103312e-02 7.228620262765141948e-03 3.129532926889461919e+01 1.851008538461021147e-01
5.751556869834199837e-02 6.545648703366368885e-03 2.822817547344098443e+01 2.190185171927026275e-01
5.322594556207631972e-02 7.002338728355238413e-03 3.084138894503474404e+01 1.996327582074888252e-01
4.652174029663536103e-02 7.118888249924543166e-03 3.009106211786964735e+01 1.836357533110671569e-01
5.014565485752080221e-02 7.165785391087191314e-03 2.828245839970760755e+01 1.959656069776548049e-01
4.979113047108040674e-02 6.854170061387025378e-03 2.946729348592802111e+01 1.848216828708434678e-01
4.937348709752584913e-02 6.876177701112157724e-03 2.838543545143923197e+01 1.963517066758228846e-01
5.203259014422131207e-02 7.408784141186783474e-03 2.973014871472811649e+01 1.955717542156202304e-01
5.569119124948639782e-02 7.007738337687980344e-03 2.987193826240227779e+01 2.154656908083024403e-01
5.845381779477295398e-02 6.837661408269031516e-03 2.895186136326996262e+01 2.011300715981880205e-01
5.501932475346717200e-02 7.222971374191212643e-03 3.234166231366643274e+01 1.976147621934223053e-01
5.170324918744410858e-02 7.007228693067517333e-03 3.100202928562821469e+01 1.994593513779851779e-01
5.762752656879955443e-02 7.143193445076836436e-03 2.750101701971428625e+01 1.817308580769531889e-01
5.647705914842874458e-02 7.283765229798235333e-03 3.251747576368234149e+01 1.888932886628917340e-01
5.165067409776704505e-02 7.113581538526540966e-03 3.227776938843919652e+01 1.872933707688396177e-01
5.179195093933646604e-02 6.506807052668993167e-03 2.933931894604090473e+01 1.755536745616997629e-01
5.084584649061958672e-02 7.385411439152524821e-03 3.033186590805570049e+01 1.962892983411840542e-01
5.022654003056273991e-02 6.959338744425911348e-03 3.343464938355042904e+01 1.884006745571667474e-01
5.168716551181348762e-02 7.531849010866727839e-03 3.426290730551456676e+01 1.821989142397700823e-01
5.586982527067424487e-02 7.134838274458098727e-03 2.799917216437708234e+01 1.828235000747818750e-01
5.177900154263157667e-02 6.534371755593381889e-03 3.201158638900479758e+01 1.716164330358689316e-01
5.479038773558719128e-02 7.352202833946671658e-03 2.649404199858299336e+01 1.852482672629941485e-01
4.888651465235583499e-02 7.554883063432833723e-03 3.052203695222929980e+01 2.023721700522062572e-01
4.986146734096422867e-02 6.837574746372665838e-03 3.168489884135131618e+01 1.853700541929233503e-01
5.321448375190208219e-02 7.105948832577622248e-03 3.050043762099748790e+01 2.029797861190029418e-01
5.064857794314410466e-02 6.793622667526651171e-03 3.141661220597362814e+01 2.095707360146410181e-01
5.299085313472685910e-02 7.124256299377667440e-03 3.058477114474827729e+01 1.801745343610510752e-01
5.297316367197028864e-02 6.974537619749593929e-03 2.734410180816714231e+01 1.833311276569593029e-01
5.297653914482346876e-02 6.967850063813322940e-03 2.840725703808800517e+01 1.926731491934801366e-01
5.581501468778726077e-02 6.703994711458174070e-03 2.975648227361127951e+01 1.952692492502892119e-01
5.711725275585354672e-02 6.605071689440088038e-03 3.227812434609148795e+01 2.125022270307199146e-01
5.078293092102987433e-02 6.160723689332404419e-03 2.717322761287897137e+01 1.866941142504466022e-01
5.587083683656105665e-02 6.775070733609251696e-03 2.738711705228584492e+01 2.002847896609247780e-01
5.455715545772315406e-02 6.327534520000385743e-03 3.084110509251731003e+01 1.887125167026081352e-01
5.384640261597271188e-02 6.475649333036237465e-03 3.046151046180764510e+01 1.981442387433215713e-01
5.300831222268168053e-02 6.425257956147927517e-03 3.253168431656704485e+01 1.884397762502536267e-01
5.550006750888412249e-02 6.555805475150804605e-03 3.331448629775633208e+01 2.258488693316535456e-01
5.154314224278309930e-02 6.533824563889886750e-03 3.111504566554096840e+01 2.028339197570432628e-01
5.075728357868740381e-02 6.745474863532050121e-03 3.162062208351457926e+01 1.923431179466281726e-01
5.985414653402235802e-02 7.194541434057484010e-03 3.151991145990581344e+01 1.822319681425472460e-01
5.348574876896019376e-02 6.573070080174097697e-03 2.980978425000699161e+01 1.891626888314336397e-01
5.277564661134325624e-02 7.059452288252117402e-03 2.937313623778630500e+01 1.850951781612864278e-01
5.157868020680581728e-02 6.847272054538978969e-03 3.194028015617919181e+01 2.081811240043044964e-01
5.206220420728723680e-02 6.380393411273704157e-03 3.188454513381031319e+01 1.752932282060971625e-01
4.931802673312400687e-02 6.715512950960428329e-03 2.624667112766206500e+01 2.006321592892777728e-01
4.782368166014042826e-02 7.072919924554751762e-03 2.674437773116184047e+01 2.095021415743855697e-01
5.029025481151775528e-02 7.424990877388458130e-03 2.482744189927086964e+01 1.922432275927925815e-01
5.505565358243075941e-02 7.106483335966834458e-03 2.636622582205254517e+01 2.090445074603095588e-01
5.542561054456915381e-02 7.062439649249446956e-03 2.796549176304169038e+01 2.064018540194278717e-01
4.783398849755506055e-02 7.145894992709624430e-03 2.735511966480850887e+01 2.016220796039754903e-01
5.027692021987691107e-02 7.722332996512593084e-03 2.844505355872868435e+01 1.953202930970026063e-01
5.440046049320974159e-02 7.145990421147886164e-03 2.796035125265446197e+01 1.943043642126211501e-01
4.946860657176196246e-02 6.409352680181102518e-03 2.715143316198915002e+01 1.897470550376827159e-01
5.641506780019294592e-02 6.874915239084893916e-03 2.625224144042471863e+01 1.923186797816557603e-01
5.066572562172427102e-02 6.423221756497379288e-03 2.477835256899348337e+01 1.903421839676666949e-01
5.375083235370767265e-02 7.395414063338333170e-03 2.624575873603193799e+01 1.891194854490221289e-01
5.212298533312843818e-02 7.060601405218243191e-03 2.454898991044291279e+01 2.014369457055195656e-01
5.055887289818338654e-02 7.116980692877212383e-03 2.421553549885593171e+01 1.858152771975455642e-01
5.490196017315791127e-02 7.467698163493225079e-03 2.705541968365804451e+01 1.863373084642633848e-01
5.361750071816209079e-02 7.146894496465858865e-03 2.770782393512592989e+01 1.820753313461466738e-01
5.308958574655032320e-02 7.132914538450873046e-03 2.370041005824781166e+01 1.863366789114200839e-01
5.166999715223002942e-02 7.789230967365153545e-03 2.850275761149607945e+01 2.005754643533733117e-01
4.954194433407069914e-02 6.922516386624116488e-03 2.671841133798858081e+01 1.784473546889324413e-01
5.388475805077791447e-02 7.125733488372216345e-03 2.711207354883823228e+01 1.980847953147679696e-01
5.300869936294433371e-02 7.313999056955801902e-03 2.805523554883622239e+01 1.848232044933718898e-01
5.315506291203627581e-02 6.613879554331544668e-03 2.930859138627689475e+01 2.153553478725842851e-01
4.937509023562677152e-02 7.714507192016743439e-03 2.629899458581460792e+01 2.021061009424035548e-01
5.134740998095640996e-02 7.136979931615417515e-03 2.865944330575999643e+01 1.930265255522644885e-01
5.184692615991755293e-02 7.831696173919790865e-03 2.698192253469485991e+01 1.914503154258549444e-01
5.079372219624676138e-02 7.410299503162291745e-03 2.669099507382572867e+01 2.064007768993352254e-01
5.364951129369428112e-02 6.855874031436526642e-03 2.627302007173501863e+01 1.918057459819976773e-01
5.265660520446350384e-02 7.964326549805073735e-03 2.534112440270898148e+01 1.849931235625416059e-01
5.386291709951304685e-02 6.999102080856163012e-03 3.035175550155701885e+01 1.926737079672464492e-01
5.400997706844910123e-02 6.756249127609330850e-03 2.831953928723886449e+01 2.053936817010688087e-01
5.248871724165563024e-02 7.433989789321418344e-03 2.799559554372827463e+01 1.864855876854362160e-01
5.251816920314343606e-02 6.896125857651212547e-03 2.539835194971633570e+01 1.758764402689442230e-01
5.736119659573386126e-02 6.803325259101156153e-03 2.497140848085395959e+01 1.846086988526169925e-01
5.335789003218895099e-02 6.814443386734217456e-03 2.444588607034371819e+01 1.947756409557275803e-01
5.702084639501002472e-02 7.016126147518593828e-03 2.533802817302829169e+01 1.734042403170173163e-01
5.461166872233169656e-02 7.476293013668164865e-03 2.782534577423066580e+01 1.927475081282240266e-01
5.036438984750829517e-02 7.141712527379145276e-03 2.600269902001037536e+01 1.893265038592390481e-01
5.060583675546965338e-02 6.904795305407608087e-03 2.326279372005883772e+01 1.897179712142899044e-01
5.501915527076605555e-02 7.165714955508255962e-03 2.938122225061217563e+01 1.988431422776961721e-01
4.910728807766911314e-02 6.829640337871396329e-03 2.724688427847429395e+01 1.963333252558535635e-01
5.781024766931176784e-02 7.299006883534165345e-03 2.752866885907830508e+01 1.905880842574539380e-01
4.664894032613248892e-02 6.724297802049424011e-03 2.824716289759293630e+01 1.896042517155223650e-01
5.404072434412414416e-02 7.017051970339991361e-03 2.549725863248303526e+01 2.059617559368744633e-01
4.710766054486865972e-02 6.980550607514656065e-03 2.867760262008037486e+01 2.005241742111124048e-01
4.795597481154505182e-02 7.801324208162804807e-03 2.867471546340739508e+01 2.008747859875016084e-01
5.332465254259788345e-02 7.706311148958088462e-03 2.723758909060564903e+01 1.903602991839830061e-01
4.811459297835164739e-02 6.806692355176434742e-03 2.675384608531173569e+01 1.985613303929416040e-01
5.436612691737469083e-02 7.554054416702763591e-03 2.523684619819561803e+01 1.960144824415245290e-01
5.221155193370888292e-02 6.701005410365129360e-03 2.886590649147404974e+01 2.028840263283182010e-01
4.843322786346858366e-02 6.871090681418202950e-03 2.906040885373555938e+01 1.995828171397256989e-01
4.908433011522399247e-02 7.332219965299378688e-03 2.798031692805893300e+01 2.061641578880163972e-01
4.965695714360588570e-02 6.753359583916161528e-03 2.882876020636708603e+01 1.887245145687899694e-01
5.078343946589818081e-02 7.087551625898625557e-03 2.836649399784868919e+01 1.893309096288542659e-01
5.028455366448864733e-02 6.842718246481034605e-03 2.421304069258832214e+01 1.936740372270051302e-01
4.955672110248755813e-02 6.710123746819416334e-03 2.807932016230902406e+01 2.187638594044067630e-01
4.856276137267408199e-02 6.735969692738085282e-03 2.516369587504855687e+01 2.000666094273181594e-01
5.593125572242312743e-02 6.299595150841361818e-03 2.612980331011701907e+01 1.891065622393167667e-01
4.714948985188337216e-02 6.793293435700873545e-03 2.750672167911536903e+01 1.832199360618350648e-01
5.315473518392056784e-02 6.713579356280785157e-03 2.708325719111018870e+01 1.743629607318616381e-01
5.465297144323717077e-02 7.481620105064556471e-03 2.511524021101068271e+01 2.076898096341698030e-01
5.804117448787016881e-02 6.478168146796029619e-03 2.804679426292604205e+01 1.893033374903781152e-01
5.113692032147554301e-02 6.681012681911516031e-03 2.770030620904098129e+01 1.867464123345061178e-01
5.330386535559353267e-02 6.321713775768476873e-03 2.559561850805998517e+01 1.854293915987378638e-01
4.594159083340178251e-02 7.375650760528826635e-03 2.661540853139041829e+01 1.906166105746960882e-01
5.056943411709328984e-02 7.336730215365112537e-03 2.659044288131719469e+01 1.805840846183811854e-01
5.372501433959816358e-02 6.215051218459920375e-03 2.617202084801229134e+01 1.889832747671732482e-01
4.803445083534479965e-02 6.920647663575154283e-03 2.482178459278581073e+01 2.019952374102272352e-01
5.252908224765846790e-02 6.983172917174836243e-03 2.397505152608577461e+01 1.965801003527232749e-01
4.995562013254371131e-02 6.333740702713479449e-03 2.572239062996344217e+01 1.948940774878765714e-01
5.645719111859173051e-02 6.916781831303478630e-03 2.426966267882598061e+01 1.812103253075118825e-01
5.288133611647527488e-02 6.587750763391715149e-03 2.647937361941374590e+01 1.819191710542015228e-01
4.796790833320807579e-02 6.948575616828749774e-03 2.534753314352330023e+01 1.790050789478193349e-01
5.564823731440617788e-02 7.184503002455088286e-03 2.591223614463755709e+01 1.814617372230094838e-01
5.110492950975983883e-02 6.977591875592404139e-03 2.640803031226379716e+01 2.102678093985248242e-01
5.171049007610625803e-02 7.150474920348861771e-03 2.784012300825765962e+01 1.984345705810101612e-01
5.522132645772819676e-02 7.194000609542938567e-03 2.587208361038873150e+01 1.919665112192322221e-01
5.208049713190502500e-02 7.369703382939734627e-03 2.779161468079717423e+01 2.097292408321793922e-01
5.743478976894664939e-02 6.605085052038650421e-03 2.902811525348161226e+01 2.095904530009720101e-01
5.574349915637717007e-02 7.282895524786550320e-03 2.773389045909960871e+01 1.882638549614721324e-01
5.615486614763243872e-02 7.748985361890341379e-03 2.771678539929715157e+01 2.074635504183890145e-01
5.467735343966028533e-02 6.710576985672019046e-03 2.738287436633288863e+01 1.973986132345313393e-01
4.813646404505715626e-02 6.612156939541295568e-03 2.563717583960620416e+01 1.955166710814920383e-01
5.134239664719750934e-02 7.414941689607072381e-03 2.685995934616368785e+01 2.136770069015468121e-01
5.296174125657584358e-02 6.519518224688413896e-03 2.697718339541856380e+01 1.934913897704360619e-01
5.394021654119986187e-02 7.286672043353342731e-03 2.565163093043432596e+01 2.070203660789032840e-01
5.386145469395778318e-02 7.265284982538659266e-03 2.551154433182611925e+01 1.921911165100411989e-01
5.460973493266135792e-02 7.283946896009308759e-03 2.626376517700011348e+01 2.143370980260274339e-01
4.859303549085348950e-02 7.194164756186355140e-03 2.586653234535290835e+01 2.123669298935322580e-01
4.558785443276491822e-02 6.406881150315274671e-03 2.860702172485176931e+01 1.797118251537715150e-01
5.041652647434540641e-02 6.930930519576355975e-03 2.779881156507121887e+01 2.048862090587665052e-01
5.132844144032081696e-02 6.971969801463197627e-03 2.776653529580942248e+01 1.848423667276446192e-01
4.874599010780532315e-02 6.384883556528016431e-03 2.817668498070588257e+01 2.009161695886275412e-01
5.312187588732877885e-02 6.637616422715965359e-03 2.763557528542165542e+01 2.123920603506783689e-01
4.900133310413254395e-02 6.265079434491546695e-03 3.155204169497374878e+01 2.142799064379987128e-01
5.114213994058464802e-02 6.918379307828952107e-03 2.689974657883213638e+01 2.005161989485765572e-01
5.347275673947238933e-02 7.737457022716791658e-03 2.429189116351118827e+01 1.920970483958787667e-01
4.983411362205304035e-02 6.920280783586777937e-03 2.689182150104702629e+01 1.795463451952533374e-01
5.255148695667919562e-02 6.524518092022802557e-03 2.784922258204653644e+01 1.930617664001609279e-01
5.400407096167456761e-02 6.405402484268013855e-03 2.538868407916464420e+01 2.085986811050289380e-01
5.383654650067486863e-02 6.544920339490432372e-03 2.881959277911182227e+01 1.864390064792985635e-01
5.161352508763728669e-02 6.829990464527238049e-03 2.547931494849318312e+01 1.945541173865206475e-01
5.456868563869500532e-02 6.923813869311546375e-03 2.686240155035032728e+01 2.085670369774699773e-01
5.328844712977931497e-02 6.141454341571157827e-03 2.873934616585398061e+01 2.144518678821030755e-01
5.175907616881284673e-02 6.787090396351195751e-03 2.540096006389862282e+01 2.042283334432139497e-01
5.293308852389292524e-02 6.155866575594847248e-03 2.640100170530775259e+01 1.983563120905148802e-01
5.658737997617210164e-02 6.431989975940902680e-03 2.459860049550132644e+01 1.898544007859497007e-01
5.634888203942767237e-02 7.929363531536989806e-03 2.790663602745992478e+01 1.996105684939098179e-01
5.430457536589493317e-02 7.202300616906532824e-03 2.716666496222550364e+01 2.036126767217333600e-01
4.961647216639194363e-02 6.917142642113906573e-03 2.657252160402567398e+01 1.822861155542867262e-01
4.968077679215410214e-02 7.382823090075507112e-03 2.686642461566305684e+01 1.940656675691273536e-01
5.071326182676829525e-02 6.591425564860550410e-03 2.435490206847641304e+01 2.034536730550760009e-01
4.745446284525577096e-02 6.188429488826455507e-03 2.537082194301270022e+01 1.803663180303211322e-01
5.454038415081131214e-02 5.962126076265691563e-03 2.479025139554066826e+01 1.972141412748775469e-01
5.562989226075757548e-02 7.173473430546255421e-03 2.857359492558299863e+01 1.893973120561324164e-01
4.890781817154861433e-02 6.761924999421712809e-03 2.433382496133335593e+01 2.144103687786005352e-01
5.275973245883127521e-02 6.478631123198920136e-03 2.968952217344242683e+01 1.831001091812941017e-01
5.444753542423119708e-02 6.589059347532286344e-03 2.735112224957136817e+01 2.020772638101816787e-01
5.152441641282511087e-02 7.195159140630823409e-03 2.599732385165050985e+01 2.140301320880277081e-01
5.567529612507692710e-02 6.844479209815098990e-03 2.646274585431928372e+01 2.075931948295522134e-01
5.726707181553045145e-02 6.772293599665856444e-03 2.601141640859116677e+01 2.148858231004988906e-01
5.273277393928114259e-02 6.313570583339794991e-03 2.752812062111711100e+01 1.885548161953597979e-01
5.337318347265453816e-02 6.702877364859259439e-03 2.587583073746074902e+01 1.835555313174312975e-01
5.225389019362486343e-02 7.185535827391949931e-03 2.493886061940963828e+01 2.039221797444260575e-01
5.584505967521100761e-02 6.714999325246402868e-03 2.842841154039152940e+01 2.179248274377430239e-01
4.984813637281866605e-02 7.013028479968952747e-03 2.705898843228967365e+01 1.826702374069931190e-01
5.550402760296388460e-02 7.296754226391810594e-03 2.800539419739200042e+01 2.084326390990475508e-01
5.631124643488714943e-02 6.501171447583496341e-03 2.622652270419612464e+01 2.071401620425342427e-01
5.200274599793515418e-02 6.442030850368752476e-03 2.413392044591873642e+01 1.954745612642700137e-01
5.326751221951238346e-02 6.619962191818976570e-03 2.674826931837521116e+01 2.119810078861626423e-01
5.409134893508159986e-02 7.037824554345342883e-03 2.770190650701458779e+01 2.022110582715318794e-01
5.264387183123248742e-02 6.820885821974308552e-03 2.781279862858631446e+01 1.795198223043769636e-01
5.564351973122461797e-02 6.653180249493538534e-03 2.636993653378617353e+01 2.112479782918994520e-01
5.201456494100826361e-02 6.842088034399569640e-03 2.540372566637291740e+01 1.806098150191416951e-01
5.123759321880380635e-02 6.592997630826797663e-03 2.701357154207754263e+01 2.016339648291791409e-01
5.074381220125432496e-02 6.601097221038342358e-03 2.731967165516648421e+01 1.915253798010770336e-01
4.879901187481608393e-02 6.585523954674562738e-03 2.658196913266367645e+01 1.811504869814405116e-01
4.728419752907292439e-02 6.719066332835815433e-03 2.417922961270183890e+01 2.036572883201191730e-01
5.239619575148816294e-02 6.279392597631217911e-03 2.613381383333923225e+01 2.029285942891189132e-01
5.324703773426345960e-02 6.362655340298960932e-03 2.845616616840883140e+01 2.031967233881066537e-01
5.293616058984605688e-02 7.009093583420061488e-03 2.588902084180079655e+01 1.836445216314657458e-01
4.974472439166265081e-02 6.518721458477758253e-03 2.783069254418604999e+01 1.950609012531412667e-01
5.824455508027669842e-02 7.267322609091903321e-03 2.728194399821270366e+01 1.979276713659204601e-01
4.895257402558315235e-02 7.156893354388891605e-03 2.792675235224107766e+01 1.832772767238833034e-01
5.287520515761802431e-02 6.429762278515423722e-03 3.025001160624211138e+01 1.774014719470099477e-01
5.101340850481411726e-02 5.986584423369138881e-03 2.936795072680099850e+01 1.675111743553329979e-01
5.336207724080576503e-02 6.903521989163833444e-03 2.613038137257246873e+01 1.925627489030579953e-01
5.274206016647971923e-02 6.636060026170848523e-03 2.897970455032918835e+01 2.004067579668067089e-01
5.257108591924839619e-02 7.068239629252888109e-03 2.933839691575959918e+01 1.818634356539053643e-01
5.254254621562112759e-02 7.074850919284507607e-03 2.903379283857902848e+01 1.894942360648157742e-01
5.421956086162180860e-02 6.586264221518640764e-03 2.720191185542844892e+01 1.862579131980735825e-01
5.263407998651497416e-02 6.602574388101634974e-03 2.524640363722132719e+01 2.094423592354882901e-01
5.597286469423101013e-02 7.224274373747533937e-03 2.624524320137299682e+01 1.913473903136788112e-01
5.036591381939562601e-02 6.610241834745739752e-03 2.772591014822128841e+01 2.104443032250586654e-01
5.270682196938066694e-02 7.127041161676128840e-03 2.742174647007688293e+01 1.898861075556737832e-01
5.278912075722697744e-02 6.031246215979559414e-03 2.682591829193227895e+01 1.928618270712316174e-01
5.481064431422225797e-02 6.825165241545715945e-03 2.815319459433211335e+01 2.088800161042277670e-01
4.780244479814475117e-02 6.952749166588749995e-03 2.665245577341281447e+01 1.883203645186572461e-01
4.963034815985291337e-02 6.214352443187009037e-03 2.543322470074374309e+01 1.900448808784080956e-01
4.828258440788162770e-02 6.890583531349001728e-03 2.666010178820790699e+01 2.056764380687459703e-01
5.345253812247133252e-02 6.499936547767383097e-03 2.711749989320592391e+01 2.026425428753589886e-01
5.562253578480193250e-02 6.642433593338574992e-03 2.731503087068886160e+01 1.960400282920428394e-01
5.420689645745262186e-02 6.320918340309921758e-03 2.633047570424314188e+01 1.882987652725321426e-01
4.729047343273694304e-02 6.153093848206075793e-03 2.718338624432659856e+01 1.774982038492544656e-01
4.803659806719838554e-02 6.613017124244915251e-03 2.652181754551927639e+01 1.910564117055910949e-01
5.211863958607741709e-02 6.836615630898198147e-03 2.984959704251277657e+01 2.000943727911248249e-01
5.124985183710047826e-02 6.447327842835069191e-03 2.725717036429922047e+01 1.857984594095412612e-01
5.220426480593252927e-02 6.256440406082148208e-03 2.597100318211434811e+01 2.013624599305218754e-01
5.254959403235789223e-02 6.354178839442089013e-03 2.688800361002591544e+01 2.035492501236174367e-01
5.279121048778367270e-02 6.152138035969976701e-03 2.574805422723170167e+01 1.853669350394666071e-01
6.149851974304520325e-02 6.138471188109659304e-03 2.786158465946382634e+01 1.899749839801002926e-01
5.254911253092640899e-02 6.300659971296091420e-03 2.411920417186404819e+01 1.956556522453795910e-01
5.198183619067101718e-02 6.638778565808321763e-03 2.591100131253990213e+01 2.140738452336173603e-01
5.154271492210914241e-02 5.990693388578680577e-03 2.879434079570702210e+01 1.783436403116358260e-01
4.918324118063672340e-02 6.623824677383553274e-03 2.738963901260060751e+01 1.958755702772199958e-01
5.235402438309114809e-02 6.207024404307908555e-03 2.850454501994376599e+01 1.972124060609703744e-01
5.136550387043628541e-02 6.621670391061083329e-03 2.546113999596356336e+01 1.929702148022426067e-01
5.017915415990264333e-02 6.460527271426769712e-03 3.104735488644631047e+01 1.923064208009385156e-01
5.341268955100548360e-02 6.539149936666601229e-03 2.623929498225882284e+01 1.968069048191332659e-01
4.766223109314447065e-02 6.840777648476614563e-03 2.592108186194495190e+01 2.108602622898016754e-01
5.010270033892696984e-02 6.450151800127201795e-03 2.649421435560004312e+01 1.958004416141846393e-01
5.349471652265492400e-02 6.247070544426706375e-03 2.676349109290699602e+01 1.822827477964319154e-01
5.755879559496236697e-02 6.631109714270232852e-03 2.650822440540232350e+01 1.899482943883546160e-01
5.290540024602875813e-02 6.131198992388291365e-03 2.580347890174678582e+01 1.902913404091580996e-01
5.193806479847988544e-02 6.495495964908868519e-03 2.612978002951002310e+01 1.912955719069512894e-01
5.614063675068441811e-02 6.431939523062184076e-03 2.731003127570603439e+01 1.957487742768783956e-01
5.258757730747098957e-02 7.055756226320478684e-03 2.507173624677692558e+01 1.826556515253934254e-01
4.832917895257687196e-02 7.091900451926735557e-03 2.632427466948725225e+01 1.770134585628768964e-01
5.007786832581048037e-02 6.851597938015996543e-03 2.281823284036901356e+01 1.822385841520458016e-01
5.458236171806314652e-02 6.224748920252431116e-03 2.729769462231052657e+01 2.019293060771118198e-01
5.110314682247396600e-02 6.891105432212640478e-03 2.524869926959504340e+01 1.832442212366916512e-01
4.871897377535028967e-02 6.076337128035672573e-03 2.829971756858904541e+01 1.922140480106035998e-01
5.404957242215741725e-02 6.815894287521600571e-03 2.547540348916225383e+01 2.031947513873023914e-01
4.939989644587301082e-02 6.628258199714016745e-03 2.760158213182357656e+01 2.165989000007171317e-01
5.640675807192428726e-02 6.673274550245549518e-03 2.466636657194118243e+01 1.828682595051498716e-01
5.205904399444581665e-02 6.208804067530807394e-03 2.771115302603459440e+01 2.046160931072767697e-01
5.632508681090051678e-02 6.665743248380822002e-03 2.925336312233939040e+01 1.930594500797168656e-01
4.828187350148958196e-02 7.066290938214769141e-03 2.785698543342964228e+01 1.801065567035774750e-01
5.185966830307994074e-02 7.113839627642390591e-03 2.594795504033587719e+01 1.814002279954453345e-01
5.240763727751209661e-02 6.453138189666510552e-03 2.706042952005091706e+01 2.036854329412116638e-01
5.318809842692521356e-02 6.288730195486608859e-03 2.798436010148624220e+01 2.006357702447067459e-01
5.387881493022403379e-02 6.914775563463633999e-03 2.661349997079883778e+01 2.092525117350489128e-01
5.108284608276836281e-02 6.711531006419818417e-03 2.771514714643229738e+01 1.967643463206847354e-01
5.617444776509138843e-02 6.841687219600268467e-03 2.786486191827074421e+01 1.900823330485907348e-01
5.196542358947789375e-02 6.395337309456617519e-03 2.634145746205802396e+01 1.802886323722712736e-01
5.637982054229802309e-02 6.637921880252299622e-03 2.465646446490113064e+01 2.039150181872355916e-01
5.160816904632412744e-02 6.714212926268967561e-03 2.863803193632400834e+01 2.003828807561120473e-01
5.201519482436148950e-02 6.323190733158633864e-03 2.755029043097864871e+01 1.823693425186278805e-01
5.401667416901791141e-02 6.635620034699085679e-03 2.707496837271292023e+01 1.823599022221925048e-01
5.016776733386430626e-02 6.547122449931978665e-03 2.794595674127231533e+01 1.810492594368044439e-01
5.009500431389634495e-02 6.380291080486011693e-03 2.600527980903730807e+01 2.051676354919171608e-01
5.821368806344361796e-02 6.398168056635458560e-03 2.649187454711107037e+01 1.906680265778008254e-01
5.208086143352880920e-02 6.205941892123843090e-03 2.569821414961204553e+01 1.828144665232785127e-01
4.990362501622227359e-02 6.849708924801613252e-03 2.631091463842181000e+01 1.966532062636985878e-01
5.423382928082258470e-02 6.330870660284862970e-03 2.873990002714023362e+01 1.901229025187646526e-01
4.955917439671573416e-02 6.030624607270737222e-03 2.953408154241257222e+01 1.918339983201006738e-01
5.840118384453778233e-02 6.217203528445545274e-03 2.894907506818687892e+01 1.855829358663815265e-01
5.005594241443792752e-02 6.244964902598212735e-03 2.727219592595247377e+01 2.025656262793177620e-01
5.584673388159766549e-02 6.254747045002372226e-03 2.604680776376774176e+01 1.883250489741580824e-01
4.898500590798515741e-02 6.773621791844718770e-03 2.486978374239750522e+01 1.942963963964305929e-01
5.281444228485086823e-02 6.506935287558959433e-03 2.846239241970692646e+01 1.774582199412975680e-01
5.257172874429848208e-02 6.475408329821513188e-03 2.727608779683154694e+01 1.996484050171157543e-01
4.578317008801577326e-02 6.493495860181528606e-03 2.764413979970611379e+01 1.959986505788348377e-01
5.006450115794391920e-02 6.296520713331654057e-03 2.437011898255803644e+01 1.907752957888182443e-01
5.148502903001488107e-02 6.649875218086328046e-03 2.563593065586272957e+01 2.034162255241513118e-01
4.797356164949193730e-02 6.243509282691638712e-03 2.590089427039305292e+01 1.705044891066621049e-01
5.012898961703390194e-02 5.837071471805932096e-03 2.814372349751890567e+01 1.893258575369516084e-01
5.140552481778849769e-02 5.992013580722644478e-03 2.459433857393792522e+01 1.904127338301492001e-01
4.853785191814989630e-02 6.609021030108378110e-03 2.587895564080971411e+01 1.909479109190252155e-01
5.037914428032935765e-02 6.483047602014132584e-03 2.910101129736071357e+01 2.030412803948408451e-01
5.098750686225737849e-02 6.239235090031981096e-03 2.768953397282604811e+01 1.879484931165412431e-01
4.938712105471854824e-02 6.260118346466748800e-03 2.537138361179034263e+01 1.935310139805618279e-01
5.842313655467427230e-02 6.326852586562008163e-03 2.954708902432358286e+01 1.880635655266312822e-01
5.631997734492506791e-02 6.561829902787610219e-03 2.676109808360973830e+01 1.917898200985529156e-01
5.299433242201403299e-02 5.978118325877941966e-03 2.598506616966465899e+01 2.040127389005471914e-01
5.166579425018624772e-02 6.446983282828566870e-03 2.521566288134405198e+01 2.059052718869061882e-01
4.981949552623410327e-02 6.537203266441996181e-03 2.772143280985553915e+01 1.961130741469977734e-01
5.262486502411125450e-02 6.002735150035529502e-03 2.641800671794605648e+01 1.818201867400557614e-01
5.140204984971791236e-02 6.469937156629185573e-03 2.729244241730952680e+01 1.858602924294148195e-01
5.217179513426700027e-02 5.819633153501532069e-03 2.492683640683944546e+01 2.312738788784060029e-01
5.181108773311953603e-02 6.379202165527775997e-03 2.678952400321221461e+01 1.985642433683147690e-01
5.223593691835071162e-02 7.059645716450463002e-03 2.590713770273861627e+01 1.775820339085565358e-01
5.699439725268576340e-02 6.412066299378122239e-03 2.701979976108489367e+01 1.920560256551607503e-01
5.361484935499045285e-02 6.409842674223710512e-03 2.597268634064673165e+01 1.976610442721723482e-01
5.144228537923188627e-02 6.705952540867949653e-03 2.775122584058378195e+01 1.864356573171193909e-01
5.317127584711022620e-02 6.438481298593892906e-03 2.740842647430010004e+01 1.860284068403207647e-01
4.841702355746130976e-02 6.808214905572441619e-03 2.554098473992281271e+01 1.839717397546224986e-01
5.131621513299604309e-02 6.885028373633210810e-03 2.407175926752746875e+01 2.023763356089669507e-01
5.228362538480246791e-02 6.110337638894754349e-03 2.780810895622478185e+01 1.940502799080490448e-01
5.214266489963337997e-02 6.565792036409309577e-03 2.877437389294317072e+01 1.936473063384988313e-01
4.768947008545117855e-02 6.162828712095081221e-03 2.712481497807166875e+01 1.892691273593021251e-01
